#Mini MPD Rad MJ_2M MH_2M MK_2M MZ087 MW146 MF213 MHw JH JKs HKs medianJ medianH medianKs sigmaJ sigmaH sigmaKs maxJ maxH maxKs minJ minH minKs medianJH medianJKs medianHKs sigmaJH sigmaJKs sigmaHKs maxJH maxJKs maxHKs minJH minJKs minHKs counts
0.002  0.002  0.105  37.257  34.027  53.596  99.0  37.278  99.0  36.219  3.23  -16.339  -19.569  37.257  34.027  53.596  0.3  0.3  0.3  999.0  999.0  999.0  -999.0  -999.0  -999.0  3.23  -16.339  -19.569  0.2  0.2  0.2  10.0  10.0  10.0  -10.0  -10.0  -10.0  0.0
0.003  0.003  0.105  34.125  32.029  49.186  99.0  34.146  99.0  33.528  2.096  -15.061  -17.157  34.125  32.029  49.186  0.3  0.3  0.3  999.0  999.0  999.0  -999.0  -999.0  -999.0  2.096  -15.061  -17.157  0.2  0.2  0.2  10.0  10.0  10.0  -10.0  -10.0  -10.0  0.0
0.004  0.004  0.105  31.374  30.144  45.126  99.0  31.395  99.0  31.058  1.23  -13.752  -14.982  31.374  30.144  45.126  0.3  0.3  0.3  999.0  999.0  999.0  -999.0  -999.0  -999.0  1.23  -13.752  -14.982  0.2  0.2  0.2  10.0  10.0  10.0  -10.0  -10.0  -10.0  0.0
0.005  0.005  0.105  29.128  28.509  41.686  99.0  29.149  99.0  28.981  0.619  -12.558  -13.177  29.128  28.509  41.686  0.3  0.3  0.3  999.0  999.0  999.0  -999.0  -999.0  -999.0  0.619  -12.558  -13.177  0.2  0.2  0.2  10.0  10.0  10.0  -10.0  -10.0  -10.0  0.0
0.006  0.006  0.104  27.154  27.049  38.646  99.0  27.175  99.0  27.131  0.105  -11.492  -11.597  27.154  27.049  38.646  0.3  0.3  0.3  999.0  999.0  999.0  -999.0  -999.0  -999.0  0.105  -11.492  -11.597  0.2  0.2  0.2  10.0  10.0  10.0  -10.0  -10.0  -10.0  0.0
0.007  0.007  0.103  25.426  25.745  35.936  99.0  25.447  99.0  25.492  -0.319  -10.51  -10.191  25.426  25.745  35.936  0.3  0.3  0.3  999.0  999.0  999.0  -999.0  -999.0  -999.0  -0.319  -10.51  -10.191  0.2  0.2  0.2  10.0  10.0  10.0  -10.0  -10.0  -10.0  0.0
0.008  0.008  0.103  23.951  24.625  33.626  99.0  23.972  99.0  24.083  -0.674  -9.675  -9.001  23.951  24.625  33.626  0.3  0.3  0.3  999.0  999.0  999.0  -999.0  -999.0  -999.0  -0.674  -9.675  -9.001  0.2  0.2  0.2  10.0  10.0  10.0  -10.0  -10.0  -10.0  0.0
0.009  0.009  0.102  22.701  23.651  31.616  99.0  22.722  99.0  22.878  -0.95  -8.915  -7.965  22.701  23.651  31.616  0.3  0.3  0.3  999.0  999.0  999.0  -999.0  -999.0  -999.0  -0.95  -8.915  -7.965  0.2  0.2  0.2  10.0  10.0  10.0  -10.0  -10.0  -10.0  0.0
0.01  0.01  0.101  22.269  23.117  30.466  99.0  22.29  99.0  22.43  -0.848  -8.197  -7.349  22.269  23.117  30.466  0.3  0.3  0.3  999.0  999.0  999.0  -999.0  -999.0  -999.0  -0.848  -8.197  -7.349  0.2  0.2  0.2  10.0  10.0  10.0  -10.0  -10.0  -10.0  0.0
0.012  0.012  0.1  21.375  22.018  28.136  99.0  21.396  99.0  21.501  -0.643  -6.761  -6.118  21.375  22.018  28.136  0.3  0.3  0.3  999.0  999.0  999.0  -999.0  -999.0  -999.0  -0.643  -6.761  -6.118  0.2  0.2  0.2  10.0  10.0  10.0  -10.0  -10.0  -10.0  0.0
0.015  0.015  0.098  20.524  21.017  25.986  99.0  20.545  99.0  20.623  -0.493  -5.462  -4.969  20.524  21.017  25.986  0.3  0.3  0.3  999.0  999.0  999.0  -999.0  -999.0  -999.0  -0.493  -5.462  -4.969  0.2  0.2  0.2  10.0  10.0  10.0  -10.0  -10.0  -10.0  0.0
0.02  0.02  0.095  19.661  19.836  23.286  99.0  19.682  99.0  19.698  -0.175  -3.625  -3.45  19.661  19.836  23.286  0.3  0.3  0.3  999.0  999.0  999.0  -999.0  -999.0  -999.0  -0.175  -3.625  -3.45  0.2  0.2  0.2  10.0  10.0  10.0  -10.0  -10.0  -10.0  0.0
0.03  0.03  0.09  18.208  18.269  20.016  99.0  18.229  99.0  18.221  -0.061  -1.808  -1.747  18.208  18.269  20.016  0.3  0.3  0.3  999.0  999.0  999.0  -999.0  -999.0  -999.0  -0.061  -1.808  -1.747  0.2  0.2  0.2  10.0  10.0  10.0  -10.0  -10.0  -10.0  0.0
0.04  0.04  0.085  16.95  17.091  17.966  99.0  16.971  99.0  16.98  -0.141  -1.016  -0.875  16.95  17.091  17.966  0.3  0.3  0.3  999.0  999.0  999.0  -999.0  -999.0  -999.0  -0.141  -1.016  -0.875  0.2  0.2  0.2  10.0  10.0  10.0  -10.0  -10.0  -10.0  0.0
0.05  0.05  0.082  15.878  16.045  16.356  99.0  15.899  99.0  15.913  -0.167  -0.478  -0.311  15.878  16.045  16.356  0.3  0.3  0.3  999.0  999.0  999.0  -999.0  -999.0  -999.0  -0.167  -0.478  -0.311  0.2  0.2  0.2  10.0  10.0  10.0  -10.0  -10.0  -10.0  0.0
0.06  0.06  0.079  14.965  15.133  15.126  99.0  14.986  99.0  15.001  -0.168  -0.161  0.007  14.965  15.133  15.126  0.3  0.3  0.3  999.0  999.0  999.0  -999.0  -999.0  -999.0  -0.168  -0.161  0.007  0.2  0.2  0.2  10.0  10.0  10.0  -10.0  -10.0  -10.0  0.0
0.07  0.07  0.081  13.487  13.506  13.416  99.0  13.508  99.0  13.491  -0.019  0.071  0.09  13.487  13.506  13.416  0.3  0.3  0.3  999.0  999.0  999.0  -999.0  -999.0  -999.0  -0.019  0.071  0.09  0.2  0.2  0.2  10.0  10.0  10.0  -10.0  -10.0  -10.0  0.0
0.072  0.072  0.083  12.943  12.855  12.776  99.0  12.964  99.0  12.924  0.088  0.167  0.079  12.943  12.855  12.776  0.3  0.3  0.3  999.0  999.0  999.0  -999.0  -999.0  -999.0  0.088  0.167  0.079  0.2  0.2  0.2  10.0  10.0  10.0  -10.0  -10.0  -10.0  0.0
0.075  0.075  0.089  12.187  11.928  11.756  99.0  12.208  99.0  12.129  0.259  0.431  0.172  12.187  11.928  11.756  0.3  0.3  0.3  999.0  999.0  999.0  -999.0  -999.0  -999.0  0.259  0.431  0.172  0.2  0.2  0.2  10.0  10.0  10.0  -10.0  -10.0  -10.0  0.0
0.08  0.08  0.099  11.438  11.081  10.796  99.0  11.459  99.0  11.356  0.357  0.642  0.285  11.438  11.081  10.796  0.3  0.3  0.3  999.0  999.0  999.0  -999.0  -999.0  -999.0  0.357  0.642  0.285  0.2  0.2  0.2  10.0  10.0  10.0  -10.0  -10.0  -10.0  0.0
0.09  0.09  0.121  11.157  10.553  10.298  12.944  11.178  10.376  11.014  0.604  0.859  0.255  10.746  10.416  10.27  0.161  0.069  0.077  11.177  10.573  10.491  10.687  10.364  10.231  0.352  0.496  0.144  0.124  0.188  0.065  0.603  0.865  0.261  0.193  0.254  0.06  111.0
0.1  0.1  0.133  10.69  10.087  9.829  12.477  10.712  9.906  10.547  0.603  0.861  0.258  10.221  9.763  9.608  0.233  0.176  0.124  10.719  10.116  9.852  10.013  9.595  9.475  0.457  0.612  0.155  0.061  0.111  0.052  0.603  0.867  0.265  0.417  0.536  0.119  88.0
0.116  0.116  0.149  10.17  9.568  9.304  11.91  10.183  9.379  10.028  0.602  0.866  0.264  10.17  9.568  9.304  0.3  0.3  0.3  999.0  999.0  999.0  -999.0  -999.0  -999.0  0.602  0.866  0.264  0.2  0.2  0.2  10.0  10.0  10.0  -10.0  -10.0  -10.0  0.0
0.12  0.12  0.153  10.051  9.448  9.182  11.719  10.053  9.253  9.908  0.603  0.869  0.266  9.589  9.066  8.893  0.242  0.206  0.159  10.073  9.471  9.201  9.388  8.899  8.751  0.513  0.696  0.173  0.038  0.084  0.047  0.601  0.872  0.271  0.489  0.636  0.147  77.0
0.14  0.14  0.173  9.645  9.041  8.773  11.144  9.621  8.837  9.502  0.604  0.872  0.268  9.188  8.649  8.467  0.24  0.21  0.168  9.664  9.063  8.79  8.986  8.476  8.316  0.533  0.721  0.182  0.03  0.072  0.043  0.602  0.874  0.272  0.51  0.67  0.159  77.0
0.142  0.142  0.174  9.617  9.013  8.745  11.106  9.591  8.808  9.474  0.604  0.872  0.268  9.617  9.013  8.745  0.3  0.3  0.3  999.0  999.0  999.0  -999.0  -999.0  -999.0  0.604  0.872  0.268  0.2  0.2  0.2  10.0  10.0  10.0  -10.0  -10.0  -10.0  0.0
0.16  0.16  0.191  9.327  8.722  8.455  10.716  9.286  8.514  9.184  0.605  0.872  0.267  8.88  8.334  8.147  0.235  0.209  0.171  9.345  8.743  8.473  8.674  8.154  7.986  0.542  0.733  0.187  0.027  0.065  0.039  0.602  0.873  0.271  0.52  0.687  0.167  77.0
0.2  0.2  0.225  8.832  8.227  7.967  10.09  8.773  8.019  8.689  0.605  0.865  0.26  8.4  7.846  7.652  0.232  0.208  0.175  8.851  8.248  7.985  8.18  7.652  7.48  0.551  0.748  0.194  0.024  0.057  0.033  0.603  0.866  0.264  0.526  0.698  0.171  77.0
0.25  0.25  0.264  8.362  7.756  7.504  9.524  8.289  7.551  8.219  0.606  0.858  0.252  7.935  7.377  7.18  0.233  0.21  0.181  8.38  7.777  7.522  7.7  7.171  7.0  0.558  0.755  0.197  0.024  0.053  0.029  0.604  0.859  0.255  0.528  0.699  0.171  77.0
0.3  0.3  0.302  7.988  7.38  7.135  9.096  7.907  7.179  7.844  0.608  0.853  0.245  7.569  7.009  6.811  0.238  0.213  0.185  8.008  7.402  7.154  7.322  6.795  6.629  0.561  0.759  0.198  0.025  0.053  0.028  0.606  0.854  0.248  0.526  0.692  0.166  75.0
0.35  0.35  0.348  7.616  7.005  6.765  8.685  7.528  6.806  7.471  0.611  0.851  0.24  7.228  6.664  6.469  0.21  0.183  0.156  7.633  7.024  6.782  7.014  6.491  6.331  0.564  0.759  0.195  0.027  0.055  0.028  0.61  0.852  0.242  0.523  0.683  0.16  77.0
0.4  0.4  0.391  7.285  6.669  6.435  8.307  7.187  6.472  7.139  0.616  0.85  0.234  6.902  6.334  6.148  0.198  0.169  0.14  7.305  6.689  6.453  6.73  6.214  6.062  0.567  0.753  0.187  0.031  0.06  0.029  0.616  0.852  0.236  0.516  0.668  0.151  78.0
0.45  0.45  0.439  6.938  6.314  6.085  7.912  6.829  6.119  6.79  0.624  0.853  0.229  6.52  5.946  5.78  0.201  0.166  0.134  6.961  6.337  6.107  6.394  5.894  5.754  0.574  0.741  0.167  0.04  0.073  0.034  0.624  0.854  0.23  0.5  0.638  0.138  77.0
0.467  0.467  0.457  6.811  6.184  5.958  7.766  6.697  5.989  6.662  0.627  0.853  0.226  6.811  6.184  5.958  0.3  0.3  0.3  999.0  999.0  999.0  -999.0  -999.0  -999.0  0.627  0.853  0.226  0.2  0.2  0.2  10.0  10.0  10.0  -10.0  -10.0  -10.0  0.0
0.5  0.5  0.491  6.582  5.948  5.727  7.503  6.46  5.755  6.431  0.634  0.855  0.221  6.114  5.568  5.439  0.212  0.167  0.128  6.61  5.976  5.753  6.036  5.532  5.4  0.57  0.703  0.133  0.057  0.094  0.041  0.635  0.857  0.223  0.471  0.593  0.121  78.0
0.515  0.515  0.507  6.469  5.831  5.614  7.369  6.342  5.64  6.317  0.638  0.855  0.217  6.469  5.831  5.614  0.3  0.3  0.3  999.0  999.0  999.0  -999.0  -999.0  -999.0  0.638  0.855  0.217  0.2  0.2  0.2  10.0  10.0  10.0  -10.0  -10.0  -10.0  0.0
0.55  0.55  0.544  6.215  5.568  5.36  7.073  6.077  5.382  6.061  0.647  0.855  0.208  5.717  5.226  5.12  0.217  0.15  0.109  6.248  5.6  5.389  5.658  5.174  5.064  0.522  0.628  0.107  0.078  0.117  0.043  0.648  0.859  0.211  0.435  0.542  0.105  78.0
0.6  0.6  0.591  5.858  5.191  5.015  6.654  5.706  5.03  5.699  0.667  0.843  0.176  5.352  4.922  4.83  0.21  0.111  0.078  5.895  5.229  5.046  5.29  4.879  4.788  0.453  0.543  0.092  0.106  0.138  0.034  0.667  0.85  0.183  0.383  0.475  0.09  89.0
0.65  0.65  0.628  5.503  4.838  4.703  6.24  5.348  4.713  5.344  0.665  0.8  0.135  5.032  4.652  4.574  0.253  0.122  0.09  5.668  4.986  4.82  4.952  4.605  4.53  0.389  0.466  0.078  0.137  0.167  0.032  0.682  0.848  0.166  0.347  0.422  0.075  103.0
0.694  0.694  0.657  5.218  4.593  4.489  5.897  5.079  4.496  5.07  0.625  0.729  0.104  4.7  4.377  4.317  0.128  0.047  0.039  4.938  4.459  4.383  4.687  4.361  4.301  0.326  0.386  0.06  0.081  0.09  0.008  0.48  0.556  0.076  0.323  0.383  0.06  3.0
0.7  0.7  0.662  5.179  4.564  4.463  5.847  5.044  4.469  5.033  0.615  0.716  0.101  4.725  4.392  4.33  0.249  0.114  0.09  5.344  4.679  4.55  4.629  4.312  4.257  0.34  0.403  0.063  0.137  0.161  0.024  0.665  0.795  0.129  0.317  0.372  0.055  103.0
0.718  0.718  0.673  5.067  4.484  4.39  5.707  4.944  4.395  4.929  0.583  0.677  0.094  4.709  4.341  4.276  0.254  0.123  0.099  5.184  4.553  4.443  4.522  4.214  4.165  0.368  0.433  0.065  0.133  0.157  0.024  0.631  0.74  0.11  0.308  0.357  0.049  7.0
0.75  0.75  0.694  4.88  4.356  4.271  5.469  4.779  4.275  4.757  0.524  0.609  0.085  4.442  4.141  4.095  0.253  0.139  0.118  5.046  4.456  4.356  4.31  4.021  3.982  0.305  0.352  0.047  0.115  0.137  0.022  0.59  0.69  0.1  0.289  0.328  0.039  105.0
0.762  0.762  0.705  4.81  4.301  4.219  5.385  4.714  4.223  4.691  0.509  0.591  0.082  4.337  4.038  3.994  0.062  0.047  0.041  4.407  4.086  4.034  4.244  3.962  3.926  0.299  0.343  0.044  0.016  0.022  0.006  0.321  0.373  0.052  0.282  0.318  0.036  4.0
0.8  0.799  0.739  4.601  4.142  4.067  5.132  4.523  4.071  4.495  0.459  0.534  0.075  4.151  3.874  3.842  0.263  0.167  0.146  4.765  4.242  4.153  3.982  3.725  3.698  0.278  0.314  0.036  0.097  0.119  0.022  0.523  0.612  0.089  0.257  0.284  0.027  105.0
0.809  0.809  0.749  4.547  4.1  4.027  5.067  4.473  4.031  4.444  0.447  0.52  0.073  4.149  3.854  3.812  0.156  0.105  0.093  4.337  3.968  3.916  3.954  3.696  3.667  0.295  0.337  0.043  0.054  0.067  0.013  0.368  0.426  0.057  0.255  0.281  0.026  19.0
0.849  0.848  0.789  4.336  3.932  3.866  4.815  4.276  3.869  4.243  0.404  0.47  0.066  4.198  3.838  3.781  0.218  0.164  0.15  4.274  3.906  3.847  3.645  3.426  3.405  0.36  0.417  0.057  0.055  0.07  0.015  0.368  0.427  0.059  0.219  0.24  0.021  18.0
0.849  0.849  0.789  4.334  3.93  3.864  4.813  4.274  3.868  4.241  0.404  0.47  0.066  4.198  3.838  3.781  0.218  0.164  0.15  4.274  3.906  3.847  3.645  3.426  3.405  0.36  0.417  0.057  0.055  0.07  0.015  0.368  0.427  0.059  0.219  0.24  0.021  18.0
0.879  0.878  0.823  4.179  3.804  3.742  4.631  4.128  3.745  4.093  0.375  0.437  0.062  3.578  3.369  3.349  0.204  0.154  0.142  4.034  3.708  3.66  3.448  3.249  3.229  0.22  0.242  0.022  0.052  0.065  0.013  0.33  0.38  0.05  0.199  0.219  0.019  11.0
0.899  0.898  0.847  4.076  3.718  3.66  4.51  4.03  3.663  3.994  0.358  0.416  0.058  3.935  3.613  3.564  0.233  0.178  0.165  4.027  3.698  3.648  3.37  3.184  3.164  0.322  0.371  0.049  0.057  0.07  0.013  0.329  0.379  0.05  0.186  0.206  0.02  17.0
0.912  0.912  0.865  4.006  3.659  3.604  4.43  3.963  3.607  3.927  0.347  0.402  0.055  3.602  3.345  3.312  0.197  0.144  0.133  3.853  3.546  3.502  3.393  3.211  3.192  0.257  0.29  0.033  0.055  0.066  0.011  0.308  0.353  0.045  0.178  0.196  0.018  5.0
0.933  0.933  0.894  3.898  3.566  3.514  4.308  3.859  3.517  3.822  0.332  0.384  0.052  3.433  3.2  3.174  0.273  0.209  0.196  4.0  3.641  3.581  3.132  2.986  2.968  0.218  0.241  0.023  0.067  0.081  0.014  0.359  0.418  0.059  0.146  0.164  0.017  13.0
0.948  0.948  0.916  3.82  3.498  3.449  4.219  3.785  3.451  3.747  0.322  0.371  0.049  3.67  3.38  3.338  0.203  0.163  0.154  3.83  3.502  3.453  3.1  2.931  2.912  0.291  0.333  0.042  0.042  0.052  0.01  0.328  0.379  0.051  0.169  0.188  0.019  22.0
0.965  0.964  0.942  3.734  3.423  3.376  4.123  3.702  3.378  3.663  0.311  0.358  0.047  3.224  3.03  3.004  0.298  0.238  0.228  3.7  3.386  3.337  2.752  2.645  2.628  0.207  0.23  0.023  0.062  0.074  0.012  0.314  0.363  0.049  0.107  0.124  0.017  12.0
0.984  0.983  0.973  3.638  3.338  3.293  4.016  3.608  3.295  3.57  0.3  0.345  0.045  3.247  3.002  2.97  0.381  0.303  0.291  3.748  3.429  3.377  2.567  2.481  2.463  0.245  0.277  0.032  0.082  0.095  0.013  0.319  0.368  0.05  0.086  0.104  0.017  17.0
0.998  0.998  0.999  3.562  3.271  3.228  3.932  3.535  3.23  3.496  0.291  0.334  0.043  3.337  3.072  3.036  0.385  0.314  0.304  3.681  3.365  3.315  2.346  2.285  2.267  0.264  0.301  0.036  0.079  0.089  0.011  0.321  0.373  0.052  0.061  0.079  0.017  28.0
1.001  1.001  1.006  3.545  3.255  3.212  3.913  3.518  3.214  3.479  0.29  0.333  0.043  3.092  2.915  2.895  0.338  0.284  0.278  3.47  3.196  3.157  2.258  2.194  2.176  0.195  0.218  0.023  0.071  0.079  0.008  0.273  0.312  0.039  0.064  0.082  0.017  36.0
1.018  1.017  1.037  3.459  3.177  3.136  3.819  3.434  3.139  3.395  0.282  0.323  0.041  2.718  2.634  2.616  0.477  0.433  0.429  3.444  3.167  3.127  1.586  1.429  1.406  0.132  0.153  0.021  0.074  0.081  0.007  0.272  0.31  0.039  0.046  0.064  0.017  33.0
1.033  1.032  1.069  3.377  3.103  3.064  3.73  3.355  3.066  3.315  0.274  0.313  0.039  1.317  1.076  1.038  1.834  1.951  1.974  3.306  3.043  3.006  -2.36  -2.839  -2.924  0.286  0.324  0.041  0.134  0.159  0.025  0.467  0.549  0.082  0.059  0.076  0.017  53.0
1.047  1.046  1.1  3.299  3.031  2.993  3.646  3.278  2.995  3.238  0.268  0.306  0.038  -1.909  -2.387  -2.468  2.765  2.933  2.962  3.071  2.828  2.805  -5.513  -6.277  -6.414  0.463  0.541  0.078  0.176  0.206  0.031  0.683  0.794  0.111  0.048  0.065  0.017  201.0
1.048  1.047  1.1  3.297  3.03  2.992  3.644  3.276  2.994  3.237  0.267  0.305  0.038  -2.041  -2.507  -2.59  2.707  2.879  2.909  3.074  2.828  2.794  -5.61  -6.387  -6.528  0.479  0.561  0.081  0.18  0.21  0.031  0.72  0.842  0.121  0.031  0.049  0.017  199.0
1.059  1.058  1.128  3.234  2.971  2.934  3.576  3.215  2.936  3.175  0.263  0.3  0.037  -1.101  -1.481  -1.536  1.774  1.887  1.907  3.013  2.796  2.77  -2.521  -3.005  -3.09  0.378  0.441  0.063  0.13  0.152  0.022  0.489  0.571  0.083  0.033  0.049  0.016  103.0
1.072  1.071  1.159  3.161  2.903  2.867  3.498  3.143  2.869  3.103  0.258  0.294  0.036  -1.117  -1.498  -1.554  1.807  1.944  1.966  2.726  2.609  2.587  -3.341  -3.979  -4.083  0.399  0.462  0.064  0.151  0.175  0.024  0.593  0.685  0.092  0.016  0.033  0.017  114.0
1.085  1.084  1.192  3.09  2.837  2.802  3.423  3.073  2.803  3.033  0.253  0.288  0.035  -1.584  -2.089  -2.164  2.381  2.538  2.563  2.501  2.444  2.427  -5.527  -6.244  -6.365  0.443  0.517  0.075  0.168  0.196  0.028  0.7  0.82  0.117  0.015  0.033  0.017  178.0
1.097  1.096  1.224  3.022  2.773  2.739  3.352  3.006  2.74  2.966  0.249  0.283  0.034  -1.532  -2.018  -2.092  2.23  2.388  2.414  2.641  2.528  2.51  -5.399  -6.19  -6.337  0.451  0.522  0.073  0.169  0.196  0.028  0.678  0.79  0.112  0.01  0.027  0.017  214.0
1.103  1.101  1.24  2.993  2.746  2.711  3.321  2.978  2.713  2.937  0.247  0.282  0.035  -2.215  -2.758  -2.841  2.572  2.778  2.828  2.371  2.321  2.304  -5.629  -6.575  -6.836  0.55  0.634  0.083  0.224  0.281  0.06  0.891  1.113  0.222  0.007  0.025  0.017  252.0
1.114  1.113  1.272  2.931  2.686  2.652  3.256  2.916  2.654  2.876  0.245  0.279  0.034  -1.622  -2.074  -2.146  2.161  2.317  2.345  2.369  2.24  2.224  -5.207  -6.029  -6.199  0.453  0.524  0.073  0.168  0.199  0.031  0.738  0.874  0.136  0.002  0.018  0.016  200.0
1.125  1.124  1.304  2.87  2.629  2.595  3.193  2.856  2.596  2.816  0.241  0.275  0.034  -1.096  -1.561  -1.63  1.944  2.07  2.091  2.536  2.397  2.377  -4.829  -5.42  -5.51  0.443  0.511  0.068  0.145  0.167  0.023  0.548  0.637  0.089  0.007  0.024  0.017  140.0
1.144  1.143  1.365  2.762  2.524  2.491  3.081  2.749  2.493  2.709  0.238  0.271  0.033  -1.265  -1.732  -1.804  1.988  2.112  2.133  2.476  2.332  2.315  -4.823  -5.411  -5.501  0.464  0.539  0.077  0.143  0.166  0.024  0.599  0.698  0.099  0.001  0.017  0.016  157.0
1.147  1.146  1.375  2.744  2.506  2.473  3.062  2.73  2.475  2.691  0.238  0.271  0.033  -1.307  -1.693  -1.754  2.264  2.443  2.475  2.314  2.28  2.261  -5.206  -6.023  -6.191  0.475  0.549  0.074  0.197  0.231  0.035  0.705  0.84  0.134  -0.009  0.006  0.015  195.0
1.162  1.161  1.429  2.663  2.425  2.392  2.982  2.65  2.394  2.61  0.238  0.271  0.033  -3.412  -4.028  -4.154  2.36  2.55  2.599  1.733  1.587  1.568  -5.793  -6.748  -7.013  0.614  0.709  0.096  0.205  0.261  0.059  0.908  1.139  0.231  -0.002  0.015  0.017  260.0
1.179  1.177  1.488  2.58  2.341  2.307  2.902  2.567  2.309  2.526  0.239  0.273  0.034  -3.625  -4.269  -4.41  2.144  2.332  2.397  1.377  1.052  1.006  -6.101  -7.061  -7.436  0.625  0.726  0.102  0.206  0.282  0.08  0.934  1.212  0.282  -0.002  0.014  0.016  410.0
1.186  1.185  1.524  2.525  2.288  2.254  2.845  2.512  2.256  2.472  0.237  0.271  0.034  -1.487  -1.991  -2.071  2.053  2.222  2.269  1.872  1.684  1.651  -5.442  -6.348  -6.623  0.479  0.559  0.079  0.185  0.237  0.055  0.84  1.066  0.225  0.019  0.039  0.019  153.0
1.191  1.189  1.548  2.487  2.251  2.218  2.805  2.474  2.219  2.434  0.236  0.269  0.033  -1.207  -1.63  -1.695  2.077  2.208  2.234  2.484  2.221  2.179  -5.269  -6.12  -6.318  0.476  0.554  0.075  0.151  0.181  0.031  0.696  0.816  0.12  0.061  0.081  0.02  182.0
1.193  1.192  1.566  2.455  2.222  2.189  2.77  2.443  2.19  2.403  0.233  0.266  0.033  -1.174  -1.604  -1.668  1.332  1.431  1.448  1.971  1.81  1.785  -2.773  -3.416  -3.54  0.439  0.505  0.068  0.132  0.154  0.022  0.611  0.71  0.101  0.07  0.09  0.02  147.0
1.196  1.194  1.596  2.402  2.174  2.141  2.713  2.391  2.143  2.351  0.228  0.261  0.033  -2.706  -3.288  -3.375  2.48  2.709  2.795  2.137  1.961  1.938  -6.121  -7.081  -7.455  0.579  0.669  0.089  0.243  0.336  0.097  0.945  1.264  0.318  0.094  0.115  0.021  305.0
1.196  1.195  1.606  2.384  2.158  2.126  2.693  2.374  2.127  2.333  0.226  0.258  0.032  -2.18  -2.69  -2.77  2.362  2.555  2.604  1.912  1.724  1.7  -5.798  -6.724  -6.948  0.554  0.637  0.087  0.209  0.263  0.055  0.885  1.09  0.208  0.094  0.115  0.021  251.0
1.197  1.195  1.608  2.382  2.156  2.124  2.692  2.372  2.125  2.331  0.226  0.258  0.032  -1.962  -2.452  -2.53  2.336  2.529  2.578  1.804  1.601  1.577  -5.798  -6.724  -6.948  0.551  0.636  0.086  0.208  0.261  0.055  0.884  1.09  0.207  0.094  0.115  0.021  252.0
1.201  1.2  1.639  2.343  2.117  2.084  2.653  2.333  2.086  2.292  0.226  0.259  0.033  -1.389  -1.774  -1.838  1.806  1.959  2.011  1.76  1.621  1.598  -5.551  -6.458  -6.777  0.469  0.54  0.075  0.172  0.23  0.061  0.867  1.108  0.241  0.091  0.111  0.02  166.0
1.224  1.223  1.794  2.162  1.929  1.896  2.479  2.15  1.897  2.11  0.233  0.266  0.033  -2.322  -2.958  -3.08  2.242  2.45  2.565  1.128  0.785  0.718  -6.362  -7.313  -7.752  0.631  0.743  0.111  0.223  0.344  0.124  0.937  1.328  0.391  0.261  0.296  0.035  238.0
1.241  1.24  1.931  2.024  1.783  1.747  2.35  2.01  1.749  1.97  0.241  0.277  0.036  -4.089  -4.879  -5.096  2.287  2.492  2.61  0.87  0.41  0.342  -6.39  -7.345  -7.792  0.79  1.007  0.218  0.212  0.334  0.125  0.939  1.34  0.401  0.229  0.262  0.032  214.0
1.246  1.245  1.98  1.979  1.734  1.698  2.308  1.964  1.699  1.924  0.245  0.281  0.036  -4.494  -5.217  -5.366  2.192  2.352  2.398  1.338  0.97  0.914  -5.96  -6.924  -7.196  0.72  0.845  0.125  0.173  0.226  0.055  0.918  1.151  0.231  0.153  0.177  0.024  268.0
1.252  1.251  2.049  1.924  1.671  1.633  2.261  1.907  1.635  1.867  0.253  0.291  0.038  -1.32  -1.723  -1.786  1.991  2.151  2.234  1.813  1.438  1.379  -5.658  -6.554  -6.923  0.528  0.612  0.084  0.173  0.26  0.091  0.877  1.199  0.322  0.186  0.212  0.026  89.0
1.261  1.26  2.175  1.843  1.57  1.528  2.2  1.821  1.53  1.781  0.273  0.315  0.042  -4.4  -5.208  -5.418  2.129  2.295  2.413  0.616  0.149  0.079  -6.467  -7.44  -7.957  0.791  0.989  0.205  0.172  0.3  0.134  0.935  1.374  0.439  0.208  0.237  0.028  232.0
1.27  1.268  2.317  1.799  1.484  1.435  2.195  1.766  1.438  1.727  0.315  0.364  0.049  -2.313  -2.902  -2.985  1.948  2.102  2.168  1.327  0.913  0.84  -5.745  -6.681  -6.986  0.593  0.689  0.097  0.164  0.237  0.074  0.905  1.176  0.271  0.276  0.316  0.04  189.0
1.275  1.274  2.432  1.8  1.437  1.38  2.242  1.753  1.382  1.717  0.363  0.42  0.057  -2.346  -2.96  -3.079  2.213  2.359  2.399  1.831  1.384  1.303  -5.927  -6.864  -7.097  0.622  0.732  0.109  0.156  0.199  0.045  0.883  1.084  0.201  0.224  0.257  0.033  182.0
1.278  1.277  2.509  1.807  1.411  1.348  2.282  1.75  1.351  1.716  0.396  0.459  0.063  -4.8  -5.667  -5.971  2.403  2.579  2.71  1.235  0.784  0.712  -6.496  -7.467  -7.97  0.865  1.167  0.302  0.179  0.313  0.137  0.937  1.381  0.444  0.226  0.258  0.032  174.0
1.28  1.279  2.562  1.795  1.384  1.319  2.284  1.733  1.322  1.7  0.411  0.476  0.065  -1.404  -1.946  -2.034  2.083  2.227  2.281  1.808  1.377  1.307  -5.428  -6.325  -6.59  0.591  0.691  0.1  0.151  0.208  0.059  0.869  1.114  0.245  0.238  0.274  0.036  76.0
1.281  1.28  2.614  1.779  1.357  1.29  2.278  1.714  1.293  1.682  0.422  0.489  0.067  -1.547  -2.143  -2.226  1.987  2.125  2.179  1.605  1.182  1.135  -5.428  -6.325  -6.59  0.599  0.698  0.099  0.145  0.203  0.059  0.87  1.116  0.245  0.238  0.274  0.036  74.0
1.282  1.281  2.652  1.763  1.334  1.265  2.27  1.696  1.268  1.664  0.429  0.498  0.069  -1.764  -2.337  -2.439  1.969  2.104  2.156  1.772  1.327  1.255  -5.428  -6.325  -6.59  0.599  0.694  0.096  0.143  0.199  0.058  0.87  1.116  0.245  0.238  0.274  0.036  74.0
1.283  1.282  2.705  1.74  1.301  1.232  2.255  1.669  1.235  1.638  0.439  0.508  0.069  -2.321  -2.933  -3.059  1.591  1.703  1.751  1.635  1.228  1.172  -4.731  -5.582  -5.869  0.63  0.736  0.106  0.122  0.178  0.06  0.814  1.068  0.254  0.212  0.24  0.028  86.0
1.284  1.283  2.769  1.71  1.261  1.19  2.235  1.636  1.193  1.606  0.449  0.52  0.071  -3.195  -3.856  -4.015  1.961  2.099  2.164  1.648  1.238  1.169  -5.653  -6.548  -6.912  0.69  0.83  0.137  0.145  0.22  0.079  0.884  1.196  0.308  0.212  0.24  0.028  133.0
1.286  1.284  2.856  1.662  1.205  1.133  2.195  1.586  1.135  1.556  0.457  0.529  0.072  -3.425  -4.104  -4.242  2.3  2.459  2.524  1.646  1.375  1.335  -5.653  -6.548  -6.912  0.672  0.797  0.126  0.166  0.239  0.077  0.885  1.2  0.306  0.248  0.284  0.036  124.0
1.286  1.285  2.863  1.657  1.199  1.126  2.191  1.58  1.129  1.551  0.458  0.531  0.073  -3.37  -4.015  -4.129  2.364  2.529  2.588  1.94  1.539  1.466  -5.538  -6.44  -6.749  0.661  0.782  0.119  0.171  0.236  0.068  0.871  1.132  0.269  0.248  0.284  0.036  117.0
1.286  1.285  2.886  1.642  1.183  1.11  2.177  1.565  1.113  1.536  0.459  0.532  0.073  -1.152  -1.636  -1.724  2.423  2.594  2.655  1.954  1.551  1.479  -5.538  -6.44  -6.749  0.56  0.657  0.098  0.177  0.244  0.07  0.871  1.14  0.272  0.248  0.284  0.036  108.0
1.289  1.288  3.067  1.532  1.065  0.99  2.076  1.452  0.993  1.424  0.467  0.542  0.075  -1.039  -1.59  -1.686  1.033  1.08  1.089  1.78  1.343  1.272  -1.206  -1.69  -1.765  0.499  0.574  0.075  0.073  0.089  0.016  0.594  0.704  0.11  0.239  0.277  0.035  70.0
1.291  1.29  3.278  1.401  0.926  0.851  1.952  1.319  0.854  1.291  0.475  0.55  0.075  -1.176  -1.653  -1.727  0.946  0.985  0.992  1.269  0.78  0.699  -2.599  -3.225  -3.336  0.523  0.607  0.083  0.065  0.081  0.017  0.629  0.749  0.121  0.364  0.423  0.059  85.0
1.294  1.293  3.497  1.276  0.796  0.719  1.833  1.192  0.722  1.164  0.48  0.557  0.077  -4.751  -5.595  -5.828  2.177  2.35  2.457  0.902  0.382  0.292  -6.525  -7.488  -7.981  0.851  1.096  0.245  0.176  0.287  0.117  0.944  1.361  0.431  0.201  0.228  0.027  346.0
1.296  1.295  3.694  1.165  0.681  0.603  1.726  1.08  0.606  1.052  0.484  0.562  0.078  -4.956  -5.826  -6.118  2.101  2.263  2.378  0.032  -0.428  -0.498  -6.525  -7.488  -7.981  0.87  1.17  0.295  0.166  0.283  0.121  0.939  1.369  0.435  0.201  0.228  0.027  334.0
1.296  1.295  3.767  1.126  0.64  0.563  1.689  1.04  0.565  1.013  0.486  0.563  0.077  -4.544  -5.373  -5.64  2.273  2.449  2.561  0.966  0.463  0.38  -6.451  -7.421  -7.889  0.833  1.096  0.256  0.181  0.295  0.118  0.939  1.338  0.403  0.213  0.242  0.029  206.0
1.299  1.298  4.028  0.992  0.501  0.422  1.56  0.904  0.425  0.878  0.491  0.57  0.079  -2.334  -2.923  -3.014  2.497  2.697  2.768  1.929  1.702  1.67  -6.238  -7.217  -7.561  0.585  0.682  0.107  0.21  0.285  0.078  0.946  1.228  0.282  0.155  0.18  0.025  214.0
1.301  1.3  4.307  0.858  0.361  0.282  1.43  0.768  0.284  0.742  0.497  0.576  0.079  -4.61  -5.405  -5.59  2.565  2.763  2.834  1.914  1.594  1.566  -6.238  -7.217  -7.561  0.801  0.986  0.183  0.205  0.28  0.08  0.95  1.237  0.301  0.155  0.18  0.025  257.0
1.303  1.301  4.603  0.725  0.224  0.143  1.304  0.634  0.146  0.608  0.501  0.582  0.081  -1.424  -2.03  -2.131  2.059  2.204  2.276  1.686  1.261  1.209  -5.65  -6.544  -6.906  0.606  0.707  0.108  0.15  0.225  0.081  0.879  1.206  0.327  0.207  0.236  0.029  81.0
1.304  1.303  4.913  0.596  0.09  0.008  1.18  0.503  0.011  0.478  0.506  0.588  0.082  -2.664  -3.343  -3.508  1.861  1.995  2.058  1.579  1.16  1.093  -5.423  -6.316  -6.58  0.677  0.834  0.156  0.138  0.203  0.07  0.85  1.13  0.282  0.226  0.259  0.033  132.0
1.306  1.304  5.232  0.471  -0.041  -0.124  1.061  0.376  -0.121  0.351  0.512  0.595  0.083  -4.813  -5.662  -5.967  2.125  2.292  2.432  -0.455  -1.042  -1.151  -6.394  -7.392  -8.004  0.851  1.153  0.301  0.173  0.321  0.152  0.973  1.455  0.482  0.238  0.273  0.035  226.0
1.307  1.306  5.587  0.342  -0.176  -0.26  0.938  0.245  -0.258  0.221  0.518  0.602  0.084  -1.057  -1.604  -1.698  1.447  1.549  1.592  1.637  1.265  1.206  -5.534  -6.434  -6.742  0.534  0.618  0.085  0.115  0.163  0.051  0.678  0.829  0.151  0.224  0.256  0.032  58.0
1.308  1.307  5.938  0.222  -0.302  -0.387  0.824  0.123  -0.385  0.099  0.524  0.609  0.085  -1.093  -1.625  -1.707  0.993  1.069  1.084  1.761  1.435  1.38  -1.745  -2.419  -2.559  0.533  0.617  0.085  0.093  0.114  0.022  0.651  0.78  0.13  0.224  0.256  0.032  57.0
1.309  1.308  6.302  0.106  -0.424  -0.51  0.714  0.005  -0.508  -0.018  0.53  0.616  0.086  -1.101  -1.632  -1.708  1.289  1.38  1.404  1.851  1.573  1.531  -2.651  -3.357  -3.55  0.529  0.614  0.085  0.106  0.137  0.034  0.694  0.862  0.168  0.224  0.256  0.032  69.0
1.31  1.309  6.694  -0.01  -0.545  -0.634  0.604  -0.113  -0.631  -0.135  0.535  0.624  0.089  -1.508  -2.146  -2.23  1.459  1.563  1.61  1.787  1.339  1.258  -4.152  -4.955  -5.234  0.572  0.664  0.096  0.113  0.168  0.059  0.771  1.021  0.25  0.224  0.256  0.032  93.0
1.311  1.309  7.118  -0.128  -0.671  -0.76  0.492  -0.234  -0.757  -0.255  0.543  0.632  0.089  -2.093  -2.74  -2.848  1.836  1.97  2.053  1.764  1.306  1.225  -5.738  -6.627  -7.037  0.626  0.738  0.112  0.139  0.228  0.094  0.858  1.22  0.361  0.238  0.274  0.036  116.0
1.311  1.31  7.535  -0.238  -0.786  -0.877  0.39  -0.346  -0.874  -0.367  0.548  0.639  0.091  -4.551  -5.397  -5.678  2.079  2.237  2.359  -0.286  -0.842  -0.936  -6.546  -7.508  -7.997  0.837  1.123  0.283  0.161  0.285  0.128  0.934  1.368  0.434  0.231  0.265  0.034  239.0
1.312  1.311  7.985  -0.349  -0.905  -0.997  0.285  -0.46  -0.994  -0.48  0.556  0.648  0.092  -4.514  -5.343  -5.642  2.097  2.255  2.376  0.152  -0.357  -0.436  -6.546  -7.508  -7.997  0.832  1.119  0.281  0.161  0.286  0.128  0.934  1.368  0.434  0.231  0.265  0.034  241.0
1.313  1.311  8.432  -0.454  -1.015  -1.109  0.187  -0.566  -1.106  -0.586  0.561  0.655  0.094  -4.866  -5.722  -6.018  2.151  2.313  2.434  0.153  -0.354  -0.433  -6.546  -7.508  -7.997  0.856  1.152  0.293  0.165  0.291  0.13  0.934  1.372  0.438  0.231  0.265  0.034  220.0
1.313  1.312  8.905  -0.558  -1.126  -1.221  0.089  -0.673  -1.218  -0.692  0.568  0.663  0.095  -4.83  -5.673  -5.953  2.227  2.39  2.512  0.173  -0.313  -0.386  -6.546  -7.508  -7.997  0.857  1.145  0.291  0.167  0.294  0.131  0.937  1.378  0.441  0.231  0.265  0.034  204.0
1.314  1.312  9.312  -0.643  -1.216  -1.313  0.01  -0.76  -1.31  -0.778  0.573  0.67  0.097  -1.176  -1.684  -1.761  2.51  2.69  2.813  1.47  1.03  0.97  -6.546  -7.508  -7.997  0.578  0.684  0.108  0.186  0.317  0.138  0.941  1.397  0.456  0.231  0.265  0.034  92.0
1.314  1.313  9.846  -0.747  -1.327  -1.425  -0.088  -0.866  -1.422  -0.884  0.58  0.678  0.098  -1.09  -1.612  -1.707  1.732  1.847  1.885  1.475  1.036  0.97  -5.324  -6.191  -6.415  0.529  0.614  0.085  0.125  0.166  0.043  0.83  1.033  0.203  0.252  0.289  0.037  64.0
1.315  1.313  9.644  -0.709  -1.286  -1.384  -0.053  -0.828  -1.381  -0.845  0.577  0.675  0.098  -1.09  -1.609  -1.704  1.498  1.592  1.623  1.524  1.055  0.987  -5.324  -6.191  -6.415  0.526  0.61  0.085  0.108  0.143  0.036  0.833  1.037  0.204  0.252  0.289  0.037  60.0
1.315  1.314  9.1  -0.603  -1.172  -1.268  0.044  -0.719  -1.265  -0.737  0.569  0.665  0.096  -1.202  -1.722  -1.806  1.034  1.091  1.101  1.361  1.001  0.925  -2.455  -3.071  -3.175  0.561  0.653  0.089  0.071  0.088  0.017  0.628  0.744  0.115  0.252  0.289  0.037  83.0
1.315  1.314  9.071  -0.598  -1.166  -1.262  0.049  -0.713  -1.259  -0.732  0.568  0.664  0.096  -1.202  -1.722  -1.806  1.034  1.091  1.101  1.361  1.001  0.925  -2.455  -3.071  -3.175  0.561  0.653  0.089  0.071  0.088  0.017  0.628  0.744  0.115  0.252  0.289  0.037  83.0
1.316  1.314  9.427  -0.67  -1.243  -1.339  -0.018  -0.787  -1.337  -0.805  0.573  0.669  0.096  -1.248  -1.782  -1.858  0.994  1.051  1.063  1.256  0.879  0.808  -2.519  -3.161  -3.287  0.567  0.669  0.094  0.074  0.091  0.018  0.633  0.752  0.118  0.252  0.289  0.037  83.0
1.316  1.314  10.043  -0.79  -1.371  -1.47  -0.13  -0.91  -1.467  -0.927  0.581  0.68  0.099  -1.577  -2.185  -2.288  1.087  1.15  1.17  0.406  -0.13  -0.224  -3.61  -4.346  -4.533  0.581  0.677  0.102  0.075  0.1  0.027  0.675  0.834  0.159  0.252  0.289  0.037  97.0
1.317  1.315  10.721  -0.91  -1.5  -1.601  -0.242  -1.034  -1.598  -1.049  0.59  0.691  0.101  -3.744  -4.483  -4.663  2.096  2.257  2.361  0.033  -0.526  -0.626  -6.489  -7.456  -7.924  0.74  0.919  0.184  0.165  0.273  0.11  0.937  1.333  0.396  0.252  0.289  0.037  218.0
1.317  1.315  11.414  -1.029  -1.625  -1.728  -0.352  -1.155  -1.725  -1.17  0.596  0.699  0.103  -4.743  -5.592  -5.833  1.92  2.069  2.161  -0.412  -0.943  -1.021  -6.489  -7.456  -7.924  0.846  1.082  0.236  0.152  0.247  0.098  0.945  1.317  0.379  0.28  0.325  0.043  319.0
1.318  1.315  12.158  -1.147  -1.752  -1.857  -0.461  -1.276  -1.854  -1.29  0.605  0.71  0.105  -4.746  -5.595  -5.838  1.862  2.009  2.099  -0.607  -1.158  -1.246  -6.489  -7.456  -7.924  0.848  1.085  0.236  0.151  0.244  0.097  0.946  1.319  0.38  0.28  0.325  0.043  316.0
1.318  1.316  12.95  -1.266  -1.879  -1.987  -0.572  -1.399  -1.984  -1.411  0.613  0.721  0.108  -4.866  -5.719  -5.974  1.819  1.96  2.044  -0.54  -1.074  -1.157  -6.489  -7.456  -7.924  0.856  1.105  0.244  0.144  0.231  0.092  0.949  1.327  0.381  0.28  0.325  0.043  292.0
1.318  1.316  13.799  -1.383  -2.005  -2.115  -0.68  -1.519  -2.112  -1.531  0.622  0.732  0.11  -4.849  -5.717  -5.951  1.807  1.948  2.031  -0.543  -1.075  -1.159  -6.489  -7.456  -7.924  0.856  1.102  0.244  0.144  0.23  0.091  0.949  1.327  0.381  0.253  0.291  0.038  295.0
1.319  1.316  14.681  -1.5  -2.129  -2.242  -0.787  -1.639  -2.239  -1.649  0.629  0.742  0.113  -4.874  -5.727  -5.985  1.839  1.981  2.064  -0.45  -1.027  -1.13  -6.489  -7.456  -7.924  0.857  1.108  0.249  0.145  0.231  0.09  0.949  1.327  0.381  0.253  0.291  0.038  298.0
1.319  1.316  15.644  -1.617  -2.255  -2.37  -0.895  -1.759  -2.367  -1.769  0.638  0.753  0.115  -4.926  -5.793  -6.047  1.881  2.024  2.107  -0.443  -0.984  -1.072  -6.489  -7.456  -7.924  0.863  1.117  0.256  0.146  0.231  0.09  0.949  1.328  0.382  0.253  0.291  0.038  288.0
1.319  1.317  16.652  -1.732  -2.379  -2.496  -1.0  -1.878  -2.493  -1.886  0.647  0.764  0.117  -4.683  -5.529  -5.782  2.118  2.281  2.367  -0.261  -0.837  -0.942  -6.489  -7.456  -7.924  0.838  1.072  0.229  0.166  0.254  0.092  0.952  1.297  0.355  0.253  0.291  0.038  187.0
1.319  1.317  17.711  -1.847  -2.502  -2.623  -1.106  -1.996  -2.62  -2.003  0.655  0.776  0.121  -3.318  -4.057  -4.261  2.258  2.434  2.529  0.929  0.436  0.353  -6.335  -7.295  -7.677  0.739  0.943  0.204  0.18  0.276  0.099  0.952  1.293  0.354  0.253  0.291  0.038  133.0
1.32  1.317  18.861  -1.961  -2.626  -2.749  -1.21  -2.114  -2.746  -2.12  0.665  0.788  0.123  -1.439  -2.043  -2.162  1.822  1.962  2.042  1.292  0.923  0.869  -5.646  -6.539  -6.898  0.604  0.723  0.119  0.147  0.227  0.083  0.877  1.198  0.322  0.253  0.291  0.038  87.0
1.32  1.317  20.084  -2.075  -2.745  -2.874  -1.313  -2.23  -2.87  -2.235  0.67  0.799  0.129  -1.537  -2.15  -2.272  1.775  1.911  1.989  1.258  0.777  0.7  -5.646  -6.539  -6.898  0.613  0.735  0.122  0.142  0.221  0.082  0.876  1.197  0.321  0.253  0.291  0.038  89.0
1.32  1.317  21.363  -2.184  -2.858  -2.993  -1.412  -2.341  -2.989  -2.345  0.674  0.809  0.135  -1.584  -2.202  -2.325  1.764  1.896  1.973  1.251  0.773  0.692  -5.646  -6.539  -6.898  0.618  0.741  0.123  0.139  0.217  0.081  0.875  1.193  0.318  0.253  0.291  0.038  94.0
1.32  1.317  22.733  -2.296  -2.974  -3.114  -1.513  -2.454  -3.11  -2.458  0.678  0.818  0.14  -1.676  -2.302  -2.428  1.785  1.921  1.999  1.278  0.815  0.747  -5.646  -6.539  -6.898  0.626  0.753  0.127  0.142  0.221  0.082  0.874  1.19  0.317  0.253  0.291  0.038  98.0
1.32  1.317  24.191  -2.406  -3.088  -3.235  -1.612  -2.566  -3.231  -2.569  0.682  0.829  0.147  -3.55  -4.3  -4.526  2.06  2.214  2.328  0.676  0.169  0.086  -5.984  -6.915  -7.357  0.75  0.976  0.225  0.158  0.273  0.119  0.903  1.32  0.416  0.253  0.291  0.038  148.0
1.321  1.317  25.713  -2.515  -3.202  -3.354  -1.71  -2.677  -3.35  -2.679  0.687  0.839  0.152  -4.81  -5.652  -5.969  2.136  2.304  2.446  -0.487  -1.075  -1.184  -6.417  -7.406  -8.025  0.849  1.173  0.323  0.174  0.321  0.15  0.969  1.445  0.477  0.253  0.291  0.038  226.0
1.321  1.317  27.362  -2.625  -3.316  -3.475  -1.809  -2.789  -3.471  -2.79  0.691  0.85  0.159  -4.83  -5.681  -6.022  2.146  2.314  2.456  -0.525  -1.116  -1.225  -6.417  -7.406  -8.025  0.852  1.182  0.33  0.174  0.322  0.15  0.97  1.449  0.479  0.258  0.298  0.04  222.0
1.321  1.317  29.084  -2.731  -3.427  -3.593  -1.903  -2.898  -3.588  -2.898  0.696  0.862  0.166  -4.839  -5.682  -6.035  2.178  2.346  2.489  -0.475  -1.062  -1.171  -6.417  -7.406  -8.025  0.852  1.187  0.33  0.174  0.322  0.151  0.971  1.45  0.479  0.258  0.298  0.04  221.0
1.321  1.316  30.964  -2.841  -3.541  -3.714  -2.001  -3.009  -3.709  -3.009  0.7  0.873  0.173  -4.882  -5.746  -6.086  2.194  2.362  2.505  -0.466  -1.053  -1.161  -6.417  -7.406  -8.025  0.855  1.19  0.336  0.174  0.323  0.151  0.974  1.456  0.482  0.253  0.291  0.038  216.0
1.321  1.316  32.889  -2.947  -3.652  -3.831  -2.094  -3.117  -3.826  -3.116  0.705  0.884  0.179  -4.877  -5.74  -6.078  2.249  2.423  2.569  -0.234  -0.804  -0.906  -6.417  -7.406  -8.025  0.855  1.188  0.336  0.18  0.331  0.153  0.973  1.455  0.482  0.247  0.286  0.038  217.0
1.321  1.316  34.975  -3.054  -3.767  -3.952  -2.19  -3.228  -3.946  -3.225  0.713  0.898  0.185  -4.848  -5.708  -6.058  2.262  2.44  2.587  -0.028  -0.583  -0.68  -6.417  -7.406  -8.025  0.854  1.203  0.339  0.183  0.336  0.155  0.975  1.459  0.484  0.247  0.286  0.038  213.0
1.321  1.316  37.192  -3.164  -3.885  -4.075  -2.288  -3.342  -4.07  -3.337  0.721  0.911  0.19  -4.821  -5.68  -6.009  2.251  2.429  2.578  -0.451  -1.036  -1.144  -6.417  -7.406  -8.025  0.851  1.188  0.339  0.184  0.338  0.157  0.978  1.466  0.488  0.247  0.286  0.038  207.0
1.321  1.316  39.478  -3.27  -4.0  -4.195  -2.382  -3.452  -4.189  -3.446  0.73  0.925  0.195  -4.82  -5.667  -5.992  2.264  2.442  2.591  0.145  -0.395  -0.488  -6.417  -7.406  -8.025  0.849  1.188  0.337  0.183  0.338  0.157  0.977  1.465  0.487  0.247  0.286  0.038  208.0
1.322  1.315  41.933  -3.376  -4.116  -4.316  -2.476  -3.563  -4.31  -3.554  0.74  0.94  0.2  -4.821  -5.68  -6.009  2.256  2.432  2.58  0.19  -0.347  -0.438  -6.417  -7.406  -8.025  0.851  1.188  0.339  0.181  0.335  0.156  0.978  1.466  0.488  0.247  0.286  0.038  207.0
1.322  1.315  44.612  -3.485  -4.233  -4.438  -2.572  -3.675  -4.432  -3.665  0.748  0.953  0.205  -4.82  -5.667  -5.992  2.258  2.435  2.584  0.145  -0.395  -0.488  -6.417  -7.406  -8.025  0.849  1.188  0.337  0.182  0.337  0.157  0.977  1.465  0.487  0.247  0.286  0.038  208.0
1.322  1.314  47.321  -3.589  -4.346  -4.556  -2.663  -3.784  -4.55  -3.772  0.757  0.967  0.21  -4.83  -5.681  -6.022  2.251  2.427  2.576  0.235  -0.298  -0.389  -6.417  -7.406  -8.025  0.852  1.19  0.34  0.182  0.336  0.156  0.978  1.467  0.489  0.247  0.286  0.038  206.0
1.322  1.314  50.229  -3.693  -4.459  -4.675  -2.754  -3.892  -4.669  -3.878  0.766  0.982  0.216  -4.844  -5.695  -6.046  2.241  2.416  2.564  0.325  -0.201  -0.29  -6.417  -7.406  -8.025  0.853  1.198  0.344  0.181  0.335  0.156  0.979  1.47  0.49  0.247  0.286  0.038  204.0
1.322  1.314  53.34  -3.799  -4.573  -4.795  -2.847  -4.003  -4.789  -3.986  0.774  0.996  0.222  -4.862  -5.724  -6.076  2.234  2.41  2.557  0.415  -0.104  -0.191  -6.417  -7.406  -8.025  0.854  1.204  0.348  0.181  0.334  0.155  0.98  1.472  0.491  0.247  0.286  0.038  202.0
1.322  1.313  56.605  -3.901  -4.685  -4.912  -2.935  -4.109  -4.906  -4.091  0.784  1.011  0.227  -4.972  -5.837  -6.201  2.25  2.426  2.573  0.506  -0.008  -0.093  -6.417  -7.406  -8.025  0.859  1.216  0.357  0.182  0.335  0.155  0.984  1.479  0.495  0.247  0.286  0.038  194.0
1.322  1.312  59.973  -4.002  -4.795  -5.027  -3.022  -4.215  -5.021  -4.194  0.793  1.025  0.232  -4.998  -5.864  -6.227  2.255  2.432  2.578  0.519  0.006  -0.079  -6.417  -7.406  -8.025  0.86  1.217  0.359  0.183  0.335  0.155  0.985  1.481  0.496  0.247  0.286  0.038  192.0
1.322  1.312  63.717  -4.107  -4.907  -5.146  -3.11  -4.324  -5.139  -4.301  0.8  1.039  0.239  -4.996  -5.858  -6.218  2.291  2.47  2.617  0.794  0.298  0.212  -6.417  -7.406  -8.025  0.86  1.217  0.358  0.185  0.339  0.156  0.984  1.48  0.496  0.247  0.286  0.038  193.0
1.322  1.311  68.447  -4.232  -5.042  -5.288  -3.216  -4.454  -5.282  -4.429  0.81  1.056  0.246  -4.996  -5.858  -6.218  2.291  2.47  2.617  0.794  0.298  0.212  -6.417  -7.406  -8.025  0.86  1.217  0.358  0.185  0.339  0.156  0.984  1.48  0.496  0.247  0.286  0.038  193.0
1.322  1.31  73.613  -4.358  -5.177  -5.431  -3.318  -4.584  -5.424  -4.557  0.819  1.073  0.254  -4.944  -5.799  -6.148  2.33  2.513  2.662  1.106  0.626  0.542  -6.417  -7.406  -8.025  0.857  1.214  0.354  0.189  0.344  0.158  0.983  1.477  0.494  0.239  0.277  0.038  196.0
1.322  1.309  79.023  -4.482  -5.311  -5.571  -3.418  -4.713  -5.564  -4.684  0.829  1.089  0.26  -4.947  -5.816  -6.184  2.325  2.508  2.657  1.108  0.626  0.543  -6.417  -7.406  -8.025  0.858  1.215  0.355  0.189  0.344  0.157  0.983  1.478  0.495  0.239  0.277  0.038  195.0
1.322  1.308  84.831  -4.604  -5.442  -5.71  -3.514  -4.84  -5.703  -4.809  0.838  1.106  0.268  -4.947  -5.816  -6.184  2.33  2.513  2.662  1.108  0.626  0.543  -6.417  -7.406  -8.025  0.858  1.215  0.355  0.189  0.344  0.157  0.983  1.478  0.495  0.239  0.277  0.038  195.0
1.322  1.306  90.961  -4.726  -5.573  -5.849  -3.605  -4.966  -5.841  -4.933  0.847  1.123  0.276  -4.996  -5.858  -6.218  2.302  2.482  2.63  0.794  0.298  0.212  -6.417  -7.406  -8.025  0.86  1.217  0.358  0.186  0.34  0.156  0.984  1.48  0.496  0.239  0.277  0.038  193.0
1.322  1.305  97.579  -4.846  -5.702  -5.986  -3.694  -5.091  -5.978  -5.056  0.856  1.14  0.284  -4.996  -5.858  -6.218  2.302  2.482  2.63  0.794  0.298  0.212  -6.417  -7.406  -8.025  0.86  1.217  0.358  0.186  0.34  0.156  0.984  1.48  0.496  0.239  0.277  0.038  193.0
1.322  1.303  104.557  -4.965  -5.828  -6.12  -3.772  -5.213  -6.112  -5.176  0.863  1.155  0.292  -5.0  -5.869  -6.236  2.294  2.475  2.622  0.844  0.352  0.266  -6.417  -7.406  -8.025  0.86  1.218  0.36  0.187  0.34  0.156  0.985  1.481  0.496  0.239  0.277  0.038  191.0
1.322  1.301  112.087  -5.086  -5.956  -6.257  -3.85  -5.337  -6.249  -5.299  0.87  1.171  0.301  -5.0  -5.869  -6.236  2.294  2.475  2.622  0.844  0.352  0.266  -6.417  -7.406  -8.025  0.86  1.218  0.36  0.187  0.34  0.156  0.985  1.481  0.496  0.239  0.277  0.038  191.0
1.322  1.299  120.02  -5.203  -6.08  -6.389  -3.915  -5.457  -6.38  -5.418  0.877  1.186  0.309  -5.0  -5.869  -6.236  2.294  2.475  2.622  0.844  0.352  0.266  -6.417  -7.406  -8.025  0.86  1.218  0.36  0.187  0.34  0.156  0.985  1.481  0.496  0.239  0.277  0.038  191.0
1.322  1.297  128.575  -5.322  -6.204  -6.522  -3.977  -5.578  -6.513  -5.539  0.882  1.2  0.318  -5.004  -5.874  -6.242  2.297  2.478  2.625  0.87  0.379  0.293  -6.417  -7.406  -8.025  0.861  1.219  0.36  0.187  0.341  0.156  0.985  1.482  0.497  0.239  0.277  0.038  190.0
1.322  1.294  137.422  -5.437  -6.323  -6.652  -4.02  -5.694  -6.642  -5.655  0.886  1.215  0.329  -4.998  -5.864  -6.227  2.328  2.513  2.662  1.113  0.628  0.547  -6.417  -7.406  -8.025  0.86  1.217  0.359  0.191  0.346  0.157  0.985  1.481  0.496  0.236  0.273  0.037  192.0
1.322  1.291  146.405  -5.545  -6.436  -6.774  -4.052  -5.803  -6.764  -5.764  0.891  1.229  0.338  -4.996  -5.858  -6.218  2.359  2.547  2.696  1.219  0.772  0.706  -6.417  -7.406  -8.025  0.86  1.217  0.358  0.194  0.349  0.158  0.984  1.48  0.496  0.236  0.273  0.037  193.0
1.322  1.289  152.917  -5.619  -6.513  -6.858  -4.068  -5.877  -6.847  -5.839  0.894  1.239  0.345  -4.996  -5.858  -6.218  2.359  2.547  2.696  1.219  0.772  0.706  -6.417  -7.406  -8.025  0.86  1.217  0.358  0.194  0.349  0.158  0.984  1.48  0.496  0.236  0.273  0.037  193.0
1.323  1.29  11.173  -1.081  -1.632  -1.725  -0.446  -1.189  -1.723  -1.21  0.551  0.644  0.093  -5.009  -5.88  -6.248  2.432  2.625  2.776  1.513  1.088  1.021  -6.417  -7.406  -8.025  0.862  1.22  0.36  0.199  0.356  0.16  0.986  1.483  0.497  0.236  0.273  0.037  189.0
1.323  1.29  11.24  -1.094  -1.646  -1.74  -0.458  -1.203  -1.737  -1.224  0.552  0.646  0.094  -5.09  -5.962  -6.338  2.512  2.71  2.865  1.465  1.152  1.079  -6.417  -7.406  -8.025  0.864  1.23  0.367  0.204  0.365  0.164  0.989  1.489  0.501  0.236  0.273  0.037  182.0
1.323  1.29  11.242  -1.095  -1.646  -1.739  -0.459  -1.203  -1.737  -1.224  0.551  0.644  0.093  -1.052  -1.605  -1.7  1.299  1.402  1.422  2.018  1.776  1.738  -1.987  -2.635  -2.746  0.547  0.639  0.086  0.12  0.145  0.025  0.647  0.767  0.127  0.236  0.273  0.037  57.0
1.324  1.291  11.214  -1.091  -1.641  -1.734  -0.456  -1.199  -1.732  -1.22  0.55  0.643  0.093  -1.056  -1.611  -1.704  1.272  1.375  1.395  1.984  1.747  1.71  -2.209  -2.868  -2.988  0.547  0.64  0.091  0.119  0.144  0.026  0.656  0.781  0.13  0.236  0.273  0.037  56.0
1.324  1.291  11.167  -1.087  -1.636  -1.729  -0.453  -1.194  -1.726  -1.216  0.549  0.642  0.093  -1.055  -1.609  -1.704  1.255  1.356  1.377  1.97  1.73  1.692  -2.318  -2.981  -3.107  0.547  0.641  0.094  0.117  0.143  0.027  0.666  0.801  0.136  0.236  0.273  0.037  57.0
1.324  1.291  11.139  -1.082  -1.63  -1.723  -0.45  -1.189  -1.72  -1.211  0.548  0.641  0.093  -1.213  -1.711  -1.781  1.271  1.38  1.404  1.97  1.73  1.692  -2.538  -3.21  -3.347  0.548  0.642  0.094  0.122  0.151  0.03  0.681  0.825  0.144  0.236  0.273  0.037  57.0
1.325  1.292  11.111  -1.078  -1.625  -1.718  -0.447  -1.185  -1.715  -1.206  0.547  0.64  0.093  -1.236  -1.721  -1.791  1.365  1.479  1.505  1.979  1.743  1.706  -2.646  -3.323  -3.464  0.547  0.642  0.094  0.127  0.158  0.033  0.685  0.834  0.149  0.236  0.273  0.037  59.0
1.325  1.292  11.083  -1.074  -1.62  -1.713  -0.444  -1.181  -1.71  -1.202  0.546  0.639  0.093  -1.283  -1.778  -1.856  1.358  1.472  1.502  1.961  1.717  1.678  -2.968  -3.66  -3.82  0.552  0.643  0.094  0.124  0.16  0.038  0.694  0.863  0.17  0.236  0.273  0.037  62.0
1.325  1.292  11.05  -1.07  -1.615  -1.708  -0.441  -1.176  -1.705  -1.198  0.545  0.638  0.093  -1.332  -1.856  -1.928  1.355  1.452  1.487  1.485  1.141  1.089  -3.181  -3.888  -4.059  0.564  0.649  0.095  0.11  0.15  0.043  0.708  0.905  0.198  0.241  0.279  0.038  67.0
1.325  1.293  11.027  -1.067  -1.612  -1.704  -0.439  -1.173  -1.701  -1.195  0.545  0.637  0.092  -1.502  -2.151  -2.241  1.393  1.497  1.539  1.479  1.09  1.028  -3.507  -4.265  -4.506  0.597  0.688  0.095  0.115  0.163  0.051  0.734  0.951  0.221  0.241  0.279  0.038  73.0
1.326  1.293  10.999  -1.065  -1.608  -1.7  -0.437  -1.171  -1.698  -1.192  0.543  0.635  0.092  -1.979  -2.646  -2.775  1.581  1.694  1.749  1.482  1.017  0.941  -4.269  -5.078  -5.363  0.663  0.794  0.129  0.122  0.182  0.064  0.784  1.037  0.258  0.241  0.279  0.038  82.0
1.326  1.293  10.989  -1.063  -1.606  -1.698  -0.436  -1.168  -1.695  -1.19  0.543  0.635  0.092  -2.31  -2.889  -3.051  1.647  1.764  1.837  0.852  0.347  0.269  -5.388  -6.255  -6.632  0.672  0.809  0.137  0.126  0.206  0.084  0.84  1.164  0.324  0.27  0.312  0.042  107.0
1.326  1.294  10.961  -1.062  -1.604  -1.695  -0.435  -1.167  -1.693  -1.189  0.542  0.633  0.091  -2.426  -3.07  -3.202  1.904  2.041  2.126  1.455  1.011  0.935  -5.736  -6.624  -7.031  0.683  0.831  0.148  0.144  0.236  0.096  0.878  1.212  0.356  0.27  0.312  0.042  122.0
1.327  1.294  10.951  -1.061  -1.602  -1.694  -0.435  -1.166  -1.691  -1.188  0.541  0.633  0.092  -2.431  -3.097  -3.218  1.93  2.07  2.155  1.489  1.149  1.101  -5.736  -6.624  -7.031  0.677  0.818  0.141  0.147  0.239  0.096  0.877  1.211  0.355  0.27  0.312  0.042  123.0
1.327  1.294  10.951  -1.061  -1.602  -1.693  -0.435  -1.165  -1.691  -1.188  0.541  0.632  0.091  -2.445  -3.082  -3.196  1.926  2.065  2.15  1.487  1.142  1.092  -5.736  -6.624  -7.031  0.655  0.774  0.124  0.147  0.239  0.096  0.877  1.211  0.355  0.27  0.312  0.042  124.0
1.327  1.294  10.946  -1.06  -1.601  -1.693  -0.435  -1.165  -1.69  -1.187  0.541  0.633  0.092  -2.459  -3.12  -3.218  1.918  2.057  2.142  1.486  1.135  1.084  -5.736  -6.624  -7.031  0.637  0.74  0.11  0.146  0.238  0.096  0.877  1.21  0.354  0.27  0.312  0.042  125.0
1.327  1.295  10.936  -1.06  -1.6  -1.692  -0.435  -1.165  -1.689  -1.187  0.54  0.632  0.092  -2.534  -3.18  -3.318  1.872  2.007  2.09  1.405  0.966  0.893  -5.736  -6.624  -7.031  0.628  0.735  0.11  0.142  0.234  0.096  0.876  1.21  0.354  0.295  0.341  0.045  126.0
1.327  1.295  10.943  -1.06  -1.6  -1.691  -0.436  -1.165  -1.689  -1.187  0.54  0.631  0.091  -2.608  -3.231  -3.338  1.9  2.033  2.114  1.355  0.921  0.851  -5.736  -6.624  -7.031  0.628  0.735  0.11  0.141  0.231  0.095  0.875  1.208  0.352  0.295  0.341  0.045  130.0
1.328  1.295  10.938  -1.061  -1.6  -1.692  -0.437  -1.165  -1.689  -1.187  0.539  0.631  0.092  -3.866  -4.616  -4.819  1.948  2.092  2.164  0.681  0.197  0.121  -5.927  -6.872  -7.152  0.76  0.958  0.186  0.15  0.228  0.085  0.918  1.21  0.327  0.295  0.341  0.045  180.0
1.328  1.296  10.946  -1.062  -1.602  -1.693  -0.439  -1.166  -1.69  -1.189  0.54  0.631  0.091  -4.618  -5.426  -5.629  2.027  2.184  2.263  0.26  -0.276  -0.367  -6.303  -7.288  -7.648  0.809  1.011  0.204  0.162  0.247  0.09  0.97  1.289  0.348  0.295  0.341  0.045  212.0
1.328  1.296  10.941  -1.064  -1.603  -1.694  -0.44  -1.168  -1.691  -1.19  0.539  0.63  0.091  -4.639  -5.455  -5.694  2.04  2.202  2.282  -0.046  -0.588  -0.679  -6.303  -7.288  -7.648  0.81  1.011  0.198  0.166  0.252  0.091  0.971  1.29  0.349  0.295  0.341  0.045  205.0
1.328  1.296  10.941  -1.064  -1.603  -1.694  -0.44  -1.168  -1.691  -1.19  0.539  0.63  0.091  -4.65  -5.458  -5.708  2.039  2.2  2.28  -0.04  -0.582  -0.673  -6.303  -7.288  -7.648  0.81  1.011  0.198  0.165  0.251  0.091  0.971  1.29  0.35  0.295  0.341  0.045  204.0
1.329  1.296  10.966  -1.067  -1.606  -1.697  -0.443  -1.171  -1.694  -1.193  0.539  0.63  0.091  -4.626  -5.433  -5.626  2.106  2.268  2.344  0.231  -0.309  -0.402  -6.303  -7.288  -7.648  0.8  0.988  0.188  0.166  0.247  0.085  0.972  1.292  0.329  0.295  0.341  0.045  189.0
1.329  1.297  10.979  -1.071  -1.609  -1.701  -0.447  -1.174  -1.698  -1.197  0.538  0.63  0.092  -4.389  -5.153  -5.324  2.093  2.254  2.326  0.478  -0.057  -0.151  -6.303  -7.288  -7.648  0.765  0.935  0.171  0.165  0.241  0.078  0.972  1.29  0.318  0.231  0.265  0.034  181.0
1.329  1.297  10.979  -1.071  -1.61  -1.701  -0.447  -1.175  -1.698  -1.197  0.539  0.63  0.091  -4.373  -5.138  -5.308  2.114  2.277  2.349  0.54  0.048  -0.029  -6.303  -7.288  -7.648  0.764  0.935  0.171  0.166  0.243  0.078  0.972  1.29  0.318  0.231  0.265  0.034  183.0
1.329  1.297  11.009  -1.076  -1.615  -1.706  -0.452  -1.18  -1.704  -1.202  0.539  0.63  0.091  -4.372  -5.146  -5.316  2.123  2.285  2.357  0.59  0.072  -0.016  -6.303  -7.288  -7.648  0.77  0.95  0.179  0.166  0.242  0.077  0.972  1.29  0.318  0.23  0.263  0.033  186.0
1.33  1.297  11.04  -1.082  -1.622  -1.713  -0.458  -1.186  -1.711  -1.209  0.54  0.631  0.091  -4.447  -5.226  -5.412  2.146  2.31  2.381  0.616  0.094  0.005  -6.303  -7.288  -7.648  0.787  0.97  0.185  0.168  0.242  0.076  0.971  1.288  0.317  0.23  0.263  0.033  198.0
1.33  1.298  11.088  -1.09  -1.63  -1.721  -0.465  -1.194  -1.719  -1.217  0.54  0.631  0.091  -4.397  -5.169  -5.376  2.077  2.238  2.307  0.481  -0.051  -0.144  -6.303  -7.288  -7.648  0.793  0.996  0.192  0.164  0.236  0.075  0.971  1.288  0.317  0.23  0.263  0.033  200.0
1.33  1.298  11.149  -1.1  -1.64  -1.732  -0.474  -1.204  -1.729  -1.227  0.54  0.632  0.092  -5.049  -5.912  -6.196  1.978  2.129  2.224  -0.578  -1.152  -1.25  -6.566  -7.526  -8.012  0.871  1.132  0.255  0.153  0.252  0.109  0.961  1.361  0.43  0.23  0.263  0.033  304.0
1.331  1.299  11.222  -1.112  -1.654  -1.746  -0.485  -1.217  -1.743  -1.239  0.542  0.634  0.092  -4.732  -5.582  -5.868  2.212  2.376  2.495  0.499  -0.022  -0.109  -6.566  -7.526  -8.012  0.85  1.117  0.271  0.166  0.288  0.126  0.934  1.372  0.438  0.23  0.263  0.033  215.0
1.331  1.299  11.307  -1.126  -1.669  -1.761  -0.498  -1.231  -1.758  -1.253  0.543  0.635  0.092  -4.741  -5.597  -5.888  2.201  2.364  2.483  0.45  -0.064  -0.15  -6.566  -7.526  -8.012  0.851  1.133  0.276  0.165  0.286  0.126  0.934  1.373  0.439  0.23  0.263  0.033  211.0
1.331  1.299  11.412  -1.141  -1.686  -1.778  -0.512  -1.247  -1.776  -1.269  0.545  0.637  0.092  -4.815  -5.678  -5.929  2.217  2.38  2.499  0.4  -0.107  -0.19  -6.566  -7.526  -8.012  0.856  1.136  0.279  0.166  0.287  0.126  0.934  1.374  0.44  0.23  0.263  0.033  207.0
1.332  1.3  11.531  -1.16  -1.706  -1.799  -0.529  -1.266  -1.796  -1.288  0.546  0.639  0.093  -4.949  -5.812  -6.114  2.285  2.455  2.575  0.637  0.163  0.09  -6.566  -7.526  -8.012  0.868  1.157  0.297  0.172  0.294  0.127  0.936  1.377  0.441  0.23  0.263  0.033  194.0
1.332  1.3  11.699  -1.185  -1.733  -1.827  -0.552  -1.292  -1.824  -1.314  0.548  0.642  0.094  -5.012  -5.885  -6.18  2.294  2.464  2.585  0.67  0.206  0.134  -6.566  -7.526  -8.012  0.871  1.172  0.304  0.172  0.294  0.127  0.936  1.377  0.441  0.23  0.263  0.033  188.0
1.332  1.3  11.922  -1.219  -1.771  -1.865  -0.582  -1.328  -1.863  -1.349  0.552  0.646  0.094  -5.054  -5.924  -6.248  2.34  2.511  2.636  0.44  -0.051  -0.127  -6.566  -7.526  -8.012  0.876  1.184  0.312  0.173  0.299  0.13  0.937  1.378  0.441  0.245  0.281  0.036  180.0
1.333  1.301  12.327  -1.28  -1.837  -1.933  -0.636  -1.39  -1.93  -1.411  0.557  0.653  0.096  -5.166  -6.042  -6.363  2.348  2.517  2.645  0.296  -0.206  -0.284  -6.566  -7.526  -8.012  0.877  1.199  0.322  0.171  0.301  0.132  0.937  1.378  0.441  0.334  0.388  0.054  162.0
1.333  1.301  13.045  -1.38  -1.947  -2.046  -0.726  -1.494  -2.043  -1.513  0.567  0.666  0.099  -5.044  -5.924  -6.248  2.683  2.875  3.025  0.943  0.481  0.409  -6.566  -7.526  -8.012  0.879  1.204  0.324  0.194  0.345  0.153  0.94  1.39  0.451  0.334  0.388  0.054  114.0
1.333  1.301  13.866  -1.488  -2.066  -2.167  -0.823  -1.606  -2.164  -1.624  0.578  0.679  0.101  -1.009  -1.576  -1.682  0.913  0.959  0.968  1.53  1.167  1.112  -1.143  -1.65  -1.725  0.524  0.608  0.084  0.062  0.077  0.015  0.58  0.681  0.107  0.334  0.388  0.054  46.0
1.333  1.301  14.779  -1.602  -2.19  -2.294  -0.925  -1.724  -2.291  -1.741  0.588  0.692  0.104  -1.009  -1.577  -1.683  0.888  0.929  0.937  1.528  1.147  1.087  -1.143  -1.65  -1.725  0.524  0.608  0.084  0.058  0.072  0.015  0.579  0.678  0.107  0.334  0.388  0.054  43.0
1.333  1.301  15.651  -1.703  -2.301  -2.408  -1.016  -1.829  -2.405  -1.844  0.598  0.705  0.107  -1.009  -1.577  -1.683  0.888  0.929  0.937  1.528  1.147  1.087  -1.143  -1.65  -1.725  0.524  0.608  0.084  0.058  0.072  0.015  0.579  0.678  0.107  0.334  0.388  0.054  43.0
1.333  1.301  16.629  -1.81  -2.419  -2.529  -1.112  -1.94  -2.526  -1.954  0.609  0.719  0.11  -1.009  -1.577  -1.683  0.888  0.929  0.937  1.528  1.147  1.087  -1.143  -1.65  -1.725  0.524  0.608  0.084  0.058  0.072  0.015  0.579  0.678  0.107  0.334  0.388  0.054  43.0
1.333  1.301  17.667  -1.918  -2.537  -2.65  -1.209  -2.052  -2.647  -2.065  0.619  0.732  0.113  -1.009  -1.577  -1.683  0.888  0.929  0.937  1.528  1.147  1.087  -1.143  -1.65  -1.725  0.524  0.608  0.084  0.058  0.072  0.015  0.579  0.678  0.107  0.334  0.388  0.054  43.0
1.333  1.301  18.709  -2.02  -2.649  -2.765  -1.301  -2.158  -2.762  -2.169  0.629  0.745  0.116  -1.009  -1.577  -1.683  0.888  0.929  0.937  1.528  1.147  1.087  -1.143  -1.65  -1.725  0.524  0.608  0.084  0.058  0.072  0.015  0.579  0.678  0.107  0.334  0.388  0.054  43.0
1.333  1.301  18.822  -2.031  -2.661  -2.777  -1.31  -2.169  -2.774  -2.181  0.63  0.746  0.116  -1.01  -1.577  -1.684  0.883  0.923  0.931  1.525  1.138  1.077  -1.143  -1.65  -1.725  0.524  0.607  0.084  0.057  0.071  0.015  0.579  0.678  0.107  0.334  0.388  0.054  44.0
1.333  1.301  18.843  -2.032  -2.662  -2.779  -1.312  -2.171  -2.776  -2.182  0.63  0.747  0.117  -1.01  -1.577  -1.684  0.883  0.923  0.931  1.525  1.138  1.077  -1.143  -1.65  -1.725  0.524  0.607  0.084  0.057  0.071  0.015  0.579  0.678  0.107  0.334  0.388  0.054  44.0
1.333  1.301  20.098  -2.145  -2.781  -2.903  -1.412  -2.286  -2.9  -2.296  0.636  0.758  0.122  -1.01  -1.577  -1.684  0.883  0.923  0.931  1.525  1.138  1.077  -1.143  -1.65  -1.725  0.524  0.607  0.084  0.057  0.071  0.015  0.579  0.678  0.107  0.334  0.388  0.054  44.0
1.333  1.301  21.343  -2.25  -2.892  -3.019  -1.506  -2.393  -3.016  -2.403  0.642  0.769  0.127  -1.01  -1.577  -1.684  0.883  0.923  0.931  1.525  1.138  1.077  -1.143  -1.65  -1.725  0.524  0.607  0.084  0.057  0.071  0.015  0.579  0.678  0.107  0.334  0.388  0.054  44.0
1.333  1.301  22.545  -2.347  -2.993  -3.126  -1.592  -2.492  -3.122  -2.501  0.646  0.779  0.133  -1.01  -1.577  -1.684  0.883  0.923  0.931  1.525  1.138  1.077  -1.143  -1.65  -1.725  0.524  0.607  0.084  0.057  0.071  0.015  0.579  0.678  0.107  0.334  0.388  0.054  44.0
1.333  1.301  21.045  -2.227  -2.867  -2.993  -1.485  -2.369  -2.99  -2.379  0.64  0.766  0.126  -1.01  -1.577  -1.684  0.883  0.923  0.931  1.525  1.138  1.077  -1.143  -1.65  -1.725  0.524  0.607  0.084  0.057  0.071  0.015  0.579  0.678  0.107  0.334  0.388  0.054  44.0
1.333  1.301  19.937  -2.131  -2.767  -2.888  -1.4  -2.272  -2.884  -2.282  0.636  0.757  0.121  -1.011  -1.578  -1.684  0.895  0.936  0.944  1.518  1.119  1.055  -1.143  -1.666  -1.772  0.524  0.606  0.083  0.057  0.071  0.015  0.586  0.686  0.107  0.334  0.388  0.054  46.0
1.333  1.301  21.021  -2.224  -2.864  -2.99  -1.482  -2.366  -2.987  -2.376  0.64  0.766  0.126  -1.011  -1.578  -1.684  0.918  0.964  0.973  1.536  1.161  1.104  -1.143  -1.666  -1.772  0.523  0.606  0.083  0.061  0.076  0.016  0.586  0.686  0.107  0.334  0.388  0.054  46.0
1.334  1.301  22.483  -2.341  -2.988  -3.12  -1.586  -2.486  -3.116  -2.495  0.647  0.779  0.132  -1.015  -1.582  -1.688  0.908  0.952  0.961  1.535  1.159  1.101  -1.143  -1.666  -1.772  0.523  0.606  0.083  0.06  0.075  0.016  0.585  0.685  0.107  0.334  0.388  0.054  48.0
1.334  1.3  23.991  -2.454  -3.107  -3.246  -1.687  -2.601  -3.242  -2.61  0.653  0.792  0.139  -1.015  -1.582  -1.688  0.908  0.955  0.965  1.535  1.159  1.101  -1.183  -1.794  -1.903  0.538  0.629  0.09  0.062  0.077  0.016  0.593  0.696  0.107  0.334  0.388  0.054  48.0
1.334  1.3  25.589  -2.566  -3.224  -3.37  -1.786  -2.715  -3.366  -2.723  0.658  0.804  0.146  -1.018  -1.584  -1.691  0.927  0.975  0.985  1.536  1.161  1.104  -1.183  -1.794  -1.903  0.523  0.606  0.083  0.062  0.078  0.016  0.593  0.696  0.107  0.334  0.388  0.054  46.0
1.334  1.299  27.293  -2.676  -3.341  -3.493  -1.883  -2.829  -3.489  -2.835  0.665  0.817  0.152  -1.023  -1.589  -1.696  1.02  1.075  1.086  1.673  1.326  1.27  -1.183  -1.794  -1.903  0.522  0.604  0.083  0.068  0.084  0.017  0.593  0.696  0.107  0.334  0.388  0.054  48.0
1.334  1.299  29.077  -2.787  -3.457  -3.616  -1.981  -2.942  -3.612  -2.947  0.67  0.829  0.159  -1.023  -1.589  -1.696  1.021  1.075  1.086  1.673  1.326  1.27  -1.183  -1.794  -1.903  0.521  0.604  0.083  0.068  0.084  0.017  0.593  0.696  0.107  0.334  0.388  0.054  48.0
1.334  1.298  31.014  -2.896  -3.573  -3.739  -2.077  -3.054  -3.734  -3.058  0.677  0.843  0.166  -1.023  -1.589  -1.696  1.02  1.078  1.089  1.673  1.326  1.27  -1.301  -1.92  -2.032  0.522  0.604  0.083  0.07  0.087  0.017  0.6  0.706  0.108  0.334  0.388  0.054  48.0
1.334  1.298  33.041  -3.004  -3.687  -3.86  -2.172  -3.165  -3.855  -3.167  0.683  0.856  0.173  -1.023  -1.589  -1.696  1.02  1.078  1.089  1.673  1.326  1.27  -1.301  -1.92  -2.032  0.522  0.604  0.083  0.07  0.087  0.017  0.6  0.706  0.108  0.334  0.388  0.054  48.0
1.334  1.297  35.185  -3.114  -3.806  -3.984  -2.269  -3.278  -3.979  -3.28  0.692  0.87  0.178  -1.03  -1.596  -1.702  1.038  1.093  1.104  1.673  1.326  1.27  -1.301  -1.92  -2.032  0.521  0.604  0.083  0.069  0.085  0.017  0.6  0.706  0.108  0.334  0.388  0.054  48.0
1.334  1.296  37.476  -3.224  -3.927  -4.111  -2.365  -3.393  -4.105  -3.393  0.703  0.887  0.184  -1.03  -1.596  -1.702  1.038  1.093  1.104  1.673  1.326  1.27  -1.301  -1.92  -2.032  0.521  0.604  0.083  0.069  0.085  0.017  0.6  0.706  0.108  0.334  0.388  0.054  48.0
1.334  1.295  40.073  -3.334  -4.049  -4.24  -2.459  -3.509  -4.235  -3.506  0.715  0.906  0.191  -1.038  -1.606  -1.704  0.989  1.039  1.049  1.616  1.269  1.213  -1.301  -1.92  -2.032  0.521  0.604  0.083  0.065  0.081  0.017  0.6  0.706  0.108  0.334  0.388  0.054  48.0
1.334  1.294  42.506  -3.421  -4.153  -4.351  -2.527  -3.604  -4.345  -3.597  0.732  0.93  0.198  -1.038  -1.606  -1.704  0.989  1.039  1.049  1.616  1.269  1.213  -1.301  -1.92  -2.032  0.521  0.604  0.083  0.065  0.081  0.017  0.6  0.706  0.108  0.334  0.388  0.054  48.0
1.334  1.293  45.212  -3.529  -4.27  -4.474  -2.622  -3.716  -4.468  -3.708  0.741  0.945  0.204  -1.038  -1.606  -1.704  0.989  1.039  1.049  1.616  1.269  1.213  -1.301  -1.92  -2.032  0.521  0.604  0.083  0.065  0.081  0.017  0.6  0.706  0.108  0.334  0.388  0.054  48.0
1.334  1.292  48.19  -3.638  -4.389  -4.599  -2.717  -3.83  -4.593  -3.819  0.751  0.961  0.21  -1.054  -1.621  -1.706  0.947  0.993  1.003  1.61  1.254  1.196  -1.419  -2.046  -2.16  0.522  0.605  0.084  0.063  0.078  0.016  0.608  0.716  0.109  0.334  0.388  0.054  49.0
1.334  1.29  51.222  -3.745  -4.506  -4.722  -2.81  -3.942  -4.716  -3.929  0.761  0.977  0.216  -1.054  -1.621  -1.706  0.947  0.993  1.003  1.61  1.254  1.196  -1.419  -2.046  -2.16  0.522  0.605  0.084  0.063  0.078  0.016  0.608  0.716  0.109  0.334  0.388  0.054  49.0
1.334  1.289  54.532  -3.851  -4.623  -4.844  -2.902  -4.054  -4.838  -4.038  0.772  0.993  0.221  -1.054  -1.621  -1.706  0.947  0.993  1.003  1.61  1.254  1.196  -1.419  -2.046  -2.16  0.522  0.605  0.084  0.063  0.078  0.016  0.608  0.716  0.109  0.334  0.388  0.054  49.0
1.334  1.286  58.137  -3.961  -4.743  -4.97  -2.995  -4.168  -4.964  -4.151  0.782  1.009  0.227  -1.054  -1.622  -1.708  0.929  0.977  0.987  1.628  1.28  1.224  -1.419  -2.046  -2.16  0.521  0.604  0.083  0.064  0.079  0.017  0.609  0.717  0.109  0.334  0.388  0.054  46.0
1.334  1.284  62.353  -4.08  -4.873  -5.108  -3.096  -4.294  -5.102  -4.272  0.793  1.028  0.235  -1.054  -1.622  -1.708  0.929  0.977  0.987  1.628  1.28  1.224  -1.419  -2.046  -2.16  0.521  0.604  0.083  0.064  0.079  0.017  0.609  0.717  0.109  0.334  0.388  0.054  46.0
1.334  1.281  67.477  -4.216  -5.02  -5.264  -3.209  -4.435  -5.257  -4.411  0.804  1.048  0.244  -1.054  -1.622  -1.708  0.929  0.977  0.987  1.628  1.28  1.224  -1.419  -2.046  -2.16  0.521  0.604  0.083  0.064  0.079  0.017  0.609  0.717  0.109  0.334  0.388  0.054  46.0
1.334  1.279  72.469  -4.338  -5.153  -5.403  -3.309  -4.562  -5.397  -4.536  0.815  1.065  0.25  -1.054  -1.622  -1.708  0.929  0.977  0.987  1.628  1.28  1.224  -1.419  -2.046  -2.16  0.521  0.604  0.083  0.064  0.079  0.017  0.609  0.717  0.109  0.334  0.388  0.054  46.0
1.334  1.278  77.492  -4.453  -5.277  -5.535  -3.399  -4.682  -5.528  -4.654  0.824  1.082  0.258  -1.054  -1.622  -1.708  0.929  0.977  0.987  1.628  1.28  1.224  -1.419  -2.046  -2.16  0.521  0.604  0.083  0.064  0.079  0.017  0.609  0.717  0.109  0.334  0.388  0.054  46.0
1.334  1.276  82.843  -4.567  -5.401  -5.666  -3.489  -4.801  -5.659  -4.771  0.834  1.099  0.265  -1.054  -1.622  -1.708  0.929  0.977  0.987  1.628  1.28  1.224  -1.419  -2.046  -2.16  0.521  0.604  0.083  0.064  0.079  0.017  0.609  0.717  0.109  0.334  0.388  0.054  46.0
1.334  1.274  88.523  -4.679  -5.521  -5.794  -3.571  -4.917  -5.787  -4.885  0.842  1.115  0.273  -1.054  -1.622  -1.708  0.929  0.977  0.987  1.628  1.28  1.224  -1.419  -2.046  -2.16  0.521  0.604  0.083  0.064  0.079  0.017  0.609  0.717  0.109  0.334  0.388  0.054  46.0
1.334  1.271  94.985  -4.798  -5.651  -5.932  -3.657  -5.042  -5.925  -5.007  0.853  1.134  0.281  -1.054  -1.622  -1.708  0.929  0.977  0.987  1.628  1.28  1.224  -1.419  -2.046  -2.16  0.521  0.604  0.083  0.064  0.079  0.017  0.609  0.717  0.109  0.334  0.388  0.054  46.0
1.334  1.268  100.706  -4.898  -5.758  -6.046  -3.722  -5.144  -6.039  -5.109  0.86  1.148  0.288  -1.054  -1.622  -1.708  0.929  0.977  0.987  1.628  1.28  1.224  -1.419  -2.046  -2.16  0.521  0.604  0.083  0.064  0.079  0.017  0.609  0.717  0.109  0.334  0.388  0.054  46.0
1.334  1.264  107.24  -5.002  -5.869  -6.166  -3.786  -5.252  -6.158  -5.215  0.867  1.164  0.297  -1.054  -1.622  -1.708  0.929  0.977  0.987  1.628  1.28  1.224  -1.419  -2.046  -2.16  0.521  0.604  0.083  0.064  0.079  0.017  0.609  0.717  0.109  0.334  0.388  0.054  46.0
1.334  1.262  111.367  -5.066  -5.938  -6.24  -3.825  -5.318  -6.231  -5.28  0.872  1.174  0.302  -1.054  -1.622  -1.708  0.929  0.977  0.987  1.628  1.28  1.224  -1.419  -2.046  -2.16  0.521  0.604  0.083  0.064  0.079  0.017  0.609  0.717  0.109  0.334  0.388  0.054  46.0
1.334  1.26  114.355  -5.111  -5.985  -6.29  -3.848  -5.364  -6.282  -5.325  0.874  1.179  0.305  -1.057  -1.623  -1.709  0.872  0.913  0.922  1.486  1.07  1.004  -1.419  -2.046  -2.16  0.522  0.604  0.084  0.057  0.072  0.016  0.609  0.717  0.109  0.354  0.412  0.058  46.0
1.334  1.26  114.355  -5.111  -5.985  -6.291  -3.847  -5.364  -6.282  -5.325  0.874  1.18  0.306  -1.057  -1.623  -1.709  0.872  0.913  0.922  1.486  1.07  1.004  -1.419  -2.046  -2.16  0.522  0.604  0.084  0.057  0.072  0.016  0.609  0.717  0.109  0.354  0.412  0.058  46.0
1.334  1.259  113.934  -5.104  -5.978  -6.283  -3.844  -5.357  -6.274  -5.318  0.874  1.179  0.305  -1.057  -1.623  -1.709  0.872  0.913  0.922  1.486  1.07  1.004  -1.419  -2.046  -2.16  0.522  0.604  0.084  0.057  0.072  0.016  0.609  0.717  0.109  0.354  0.412  0.058  46.0
1.334  1.259  115.201  -5.124  -5.999  -6.305  -3.853  -5.377  -6.297  -5.339  0.875  1.181  0.306  -1.057  -1.623  -1.709  0.872  0.913  0.922  1.486  1.07  1.004  -1.419  -2.046  -2.16  0.522  0.604  0.084  0.057  0.072  0.016  0.609  0.717  0.109  0.354  0.412  0.058  46.0
1.334  1.259  116.508  -5.143  -6.019  -6.327  -3.863  -5.397  -6.318  -5.358  0.876  1.184  0.308  -1.057  -1.623  -1.709  0.872  0.913  0.922  1.486  1.07  1.004  -1.419  -2.046  -2.16  0.522  0.604  0.084  0.057  0.072  0.016  0.609  0.717  0.109  0.354  0.412  0.058  46.0
1.334  1.258  117.938  -5.163  -6.04  -6.35  -3.872  -5.417  -6.341  -5.378  0.877  1.187  0.31  -1.057  -1.623  -1.709  0.872  0.913  0.922  1.486  1.07  1.004  -1.419  -2.046  -2.16  0.522  0.604  0.084  0.057  0.072  0.016  0.609  0.717  0.109  0.354  0.412  0.058  46.0
1.334  1.258  115.866  -5.133  -6.009  -6.316  -3.856  -5.387  -6.308  -5.348  0.876  1.183  0.307  -1.057  -1.623  -1.709  0.872  0.913  0.922  1.486  1.07  1.004  -1.419  -2.046  -2.16  0.522  0.604  0.084  0.057  0.072  0.016  0.609  0.717  0.109  0.354  0.412  0.058  46.0
1.334  1.256  104.774  -4.962  -5.827  -6.121  -3.758  -5.211  -6.113  -5.174  0.865  1.159  0.294  -1.057  -1.623  -1.709  0.872  0.913  0.922  1.486  1.07  1.004  -1.419  -2.046  -2.16  0.522  0.604  0.084  0.057  0.072  0.016  0.609  0.717  0.109  0.354  0.412  0.058  46.0
1.334  1.256  107.092  -5.0  -5.867  -6.164  -3.782  -5.25  -6.156  -5.213  0.867  1.164  0.297  -1.057  -1.623  -1.709  0.872  0.913  0.922  1.486  1.07  1.004  -1.419  -2.046  -2.16  0.522  0.604  0.084  0.057  0.072  0.016  0.609  0.717  0.109  0.354  0.412  0.058  46.0
1.334  1.256  110.498  -5.052  -5.923  -6.225  -3.813  -5.304  -6.216  -5.266  0.871  1.173  0.302  -1.057  -1.623  -1.709  0.872  0.913  0.922  1.486  1.07  1.004  -1.419  -2.046  -2.16  0.522  0.604  0.084  0.057  0.072  0.016  0.609  0.717  0.109  0.354  0.412  0.058  46.0
1.334  1.256  110.396  -5.051  -5.922  -6.223  -3.814  -5.303  -6.215  -5.265  0.871  1.172  0.301  -1.057  -1.623  -1.709  0.872  0.913  0.922  1.486  1.07  1.004  -1.419  -2.046  -2.16  0.522  0.604  0.084  0.057  0.072  0.016  0.609  0.717  0.109  0.354  0.412  0.058  46.0
1.334  1.256  109.233  -5.032  -5.901  -6.201  -3.802  -5.283  -6.193  -5.245  0.869  1.169  0.3  -1.057  -1.623  -1.709  0.872  0.913  0.922  1.486  1.07  1.004  -1.419  -2.046  -2.16  0.522  0.604  0.084  0.057  0.072  0.016  0.609  0.717  0.109  0.354  0.412  0.058  46.0
1.334  1.256  109.108  -5.032  -5.901  -6.201  -3.802  -5.283  -6.193  -5.245  0.869  1.169  0.3  -1.057  -1.623  -1.709  0.872  0.913  0.922  1.486  1.07  1.004  -1.419  -2.046  -2.16  0.522  0.604  0.084  0.057  0.072  0.016  0.609  0.717  0.109  0.354  0.412  0.058  46.0
1.334  1.256  107.884  -5.01  -5.879  -6.177  -3.787  -5.261  -6.169  -5.223  0.869  1.167  0.298  -1.057  -1.623  -1.709  0.872  0.913  0.922  1.486  1.07  1.004  -1.419  -2.046  -2.16  0.522  0.604  0.084  0.057  0.072  0.016  0.609  0.717  0.109  0.354  0.412  0.058  46.0
1.334  1.256  114.645  -5.115  -5.99  -6.296  -3.848  -5.369  -6.287  -5.33  0.875  1.181  0.306  -1.057  -1.623  -1.709  0.872  0.913  0.922  1.486  1.07  1.004  -1.419  -2.046  -2.16  0.522  0.604  0.084  0.057  0.072  0.016  0.609  0.717  0.109  0.354  0.412  0.058  46.0
1.334  1.256  115.015  -5.12  -5.995  -6.302  -3.85  -5.374  -6.293  -5.335  0.875  1.182  0.307  -1.057  -1.623  -1.709  0.872  0.913  0.922  1.486  1.07  1.004  -1.419  -2.046  -2.16  0.522  0.604  0.084  0.057  0.072  0.016  0.609  0.717  0.109  0.354  0.412  0.058  46.0
1.334  1.256  114.513  -5.113  -5.988  -6.294  -3.846  -5.366  -6.285  -5.328  0.875  1.181  0.306  -1.057  -1.623  -1.709  0.872  0.913  0.922  1.486  1.07  1.004  -1.419  -2.046  -2.16  0.522  0.604  0.084  0.057  0.072  0.016  0.609  0.717  0.109  0.354  0.412  0.058  46.0
1.334  1.256  115.068  -5.121  -5.996  -6.303  -3.849  -5.374  -6.294  -5.336  0.875  1.182  0.307  -1.057  -1.623  -1.709  0.872  0.913  0.922  1.486  1.07  1.004  -1.419  -2.046  -2.16  0.522  0.604  0.084  0.057  0.072  0.016  0.609  0.717  0.109  0.354  0.412  0.058  46.0
1.334  1.255  124.611  -5.256  -6.138  -6.455  -3.914  -5.512  -6.446  -5.473  0.882  1.199  0.317  -1.057  -1.623  -1.709  0.872  0.913  0.922  1.486  1.07  1.004  -1.419  -2.046  -2.16  0.522  0.604  0.084  0.057  0.072  0.016  0.609  0.717  0.109  0.354  0.412  0.058  46.0
1.334  1.255  130.905  -5.339  -6.226  -6.551  -3.945  -5.597  -6.541  -5.557  0.887  1.212  0.325  -1.057  -1.623  -1.709  0.872  0.913  0.922  1.486  1.07  1.004  -1.419  -2.046  -2.16  0.522  0.604  0.084  0.057  0.072  0.016  0.609  0.717  0.109  0.354  0.412  0.058  46.0
1.334  1.254  136.287  -5.407  -6.296  -6.627  -3.963  -5.664  -6.617  -5.626  0.889  1.22  0.331  -1.057  -1.623  -1.709  0.872  0.913  0.922  1.486  1.07  1.004  -1.419  -2.046  -2.16  0.522  0.604  0.084  0.057  0.072  0.016  0.609  0.717  0.109  0.354  0.412  0.058  46.0
1.334  1.254  141.369  -5.469  -6.361  -6.698  -3.979  -5.728  -6.688  -5.688  0.892  1.229  0.337  -1.057  -1.623  -1.709  0.872  0.913  0.922  1.486  1.07  1.004  -1.419  -2.046  -2.16  0.522  0.604  0.084  0.057  0.072  0.016  0.609  0.717  0.109  0.354  0.412  0.058  46.0
1.334  1.253  146.776  -5.532  -6.427  -6.77  -3.991  -5.791  -6.759  -5.752  0.895  1.238  0.343  -1.057  -1.623  -1.709  0.872  0.913  0.922  1.486  1.07  1.004  -1.419  -2.046  -2.16  0.522  0.604  0.084  0.057  0.072  0.016  0.609  0.717  0.109  0.354  0.412  0.058  46.0
1.334  1.252  152.952  -5.6  -6.498  -6.848  -3.984  -5.859  -6.837  -5.821  0.898  1.248  0.35  -1.057  -1.623  -1.709  0.872  0.913  0.922  1.486  1.07  1.004  -1.419  -2.046  -2.16  0.522  0.604  0.084  0.057  0.072  0.016  0.609  0.717  0.109  0.354  0.412  0.058  46.0
1.334  1.251  155.401  -5.625  -6.524  -6.877  -3.981  -5.884  -6.866  -5.846  0.899  1.252  0.353  -1.057  -1.623  -1.709  0.872  0.913  0.922  1.486  1.07  1.004  -1.419  -2.046  -2.16  0.522  0.604  0.084  0.057  0.072  0.016  0.609  0.717  0.109  0.354  0.412  0.058  46.0
1.334  1.251  155.401  -5.625  -6.524  -6.877  -3.981  -5.884  -6.866  -5.846  0.899  1.252  0.353  -1.057  -1.623  -1.709  0.872  0.913  0.922  1.486  1.07  1.004  -1.419  -2.046  -2.16  0.522  0.604  0.084  0.057  0.072  0.016  0.609  0.717  0.109  0.354  0.412  0.058  46.0
1.334  1.25  100.567  -4.889  -5.75  -6.04  -3.706  -5.136  -6.032  -5.1  0.861  1.151  0.29  -1.057  -1.623  -1.709  0.872  0.913  0.922  1.486  1.07  1.004  -1.419  -2.046  -2.16  0.522  0.604  0.084  0.057  0.072  0.016  0.609  0.717  0.109  0.354  0.412  0.058  46.0
1.334  1.25  84.694  -4.603  -5.44  -5.709  -3.513  -4.838  -5.702  -4.807  0.837  1.106  0.269  -1.057  -1.623  -1.709  0.872  0.913  0.922  1.486  1.07  1.004  -1.419  -2.046  -2.16  0.522  0.604  0.084  0.057  0.072  0.016  0.609  0.717  0.109  0.354  0.412  0.058  46.0
1.334  1.25  61.229  -4.067  -4.849  -5.08  -3.096  -4.275  -5.074  -4.257  0.782  1.013  0.231  -1.057  -1.623  -1.709  0.872  0.913  0.922  1.486  1.07  1.004  -1.419  -2.046  -2.16  0.522  0.604  0.084  0.057  0.072  0.016  0.609  0.717  0.109  0.354  0.412  0.058  46.0
1.334  1.249  63.075  -4.115  -4.904  -5.138  -3.135  -4.326  -5.132  -4.306  0.789  1.023  0.234  -1.057  -1.623  -1.709  0.872  0.913  0.922  1.486  1.07  1.004  -1.419  -2.046  -2.16  0.522  0.604  0.084  0.057  0.072  0.016  0.609  0.717  0.109  0.354  0.412  0.058  46.0
1.334  1.249  77.1  -4.444  -5.267  -5.525  -3.391  -4.672  -5.518  -4.645  0.823  1.081  0.258  -1.057  -1.623  -1.709  0.872  0.913  0.922  1.486  1.07  1.004  -1.419  -2.046  -2.16  0.522  0.604  0.084  0.057  0.072  0.016  0.609  0.717  0.109  0.354  0.412  0.058  46.0
1.334  1.248  101.474  -4.901  -5.765  -6.057  -3.707  -5.15  -6.049  -5.113  0.864  1.156  0.292  -1.057  -1.623  -1.709  0.872  0.913  0.922  1.486  1.07  1.004  -1.419  -2.046  -2.16  0.522  0.604  0.084  0.057  0.072  0.016  0.609  0.717  0.109  0.354  0.412  0.058  46.0
1.334  1.247  128.663  -5.302  -6.189  -6.513  -3.908  -5.56  -6.504  -5.52  0.887  1.211  0.324  -1.057  -1.623  -1.709  0.872  0.913  0.922  1.486  1.07  1.004  -1.419  -2.046  -2.16  0.522  0.604  0.084  0.057  0.072  0.016  0.609  0.717  0.109  0.354  0.412  0.058  46.0
1.334  1.245  150.715  -5.568  -6.466  -6.815  -3.958  -5.827  -6.804  -5.789  0.898  1.247  0.349  -1.057  -1.623  -1.709  0.872  0.913  0.922  1.486  1.07  1.004  -1.419  -2.046  -2.16  0.522  0.604  0.084  0.057  0.072  0.016  0.609  0.717  0.109  0.354  0.412  0.058  46.0
1.334  1.244  164.231  -5.711  -6.616  -6.979  -3.951  -5.97  -6.967  -5.934  0.905  1.268  0.363  -1.057  -1.623  -1.709  0.872  0.913  0.922  1.486  1.07  1.004  -1.419  -2.046  -2.16  0.522  0.604  0.084  0.057  0.072  0.016  0.609  0.717  0.109  0.354  0.412  0.058  46.0
1.334  1.242  171.575  -5.784  -6.691  -7.06  -3.944  -6.04  -7.047  -6.007  0.907  1.276  0.369  -1.057  -1.623  -1.709  0.872  0.913  0.922  1.486  1.07  1.004  -1.419  -2.046  -2.16  0.522  0.604  0.084  0.057  0.072  0.016  0.609  0.717  0.109  0.354  0.412  0.058  46.0
1.334  1.24  176.504  -5.829  -6.738  -7.113  -3.932  -6.084  -7.098  -6.053  0.909  1.284  0.375  -1.057  -1.623  -1.709  0.872  0.913  0.922  1.486  1.07  1.004  -1.419  -2.046  -2.16  0.522  0.604  0.084  0.057  0.072  0.016  0.609  0.717  0.109  0.354  0.412  0.058  46.0
1.334  1.24  128.161  -5.287  -6.175  -6.5  -3.877  -5.544  -6.491  -5.505  0.888  1.213  0.325  -1.057  -1.623  -1.709  0.872  0.913  0.922  1.486  1.07  1.004  -1.419  -2.046  -2.16  0.522  0.604  0.084  0.057  0.072  0.016  0.609  0.717  0.109  0.354  0.412  0.058  46.0
1.334  1.24  97.309  -4.819  -5.68  -5.969  -3.64  -5.066  -5.961  -5.03  0.861  1.15  0.289  -1.057  -1.623  -1.709  0.872  0.913  0.922  1.486  1.07  1.004  -1.419  -2.046  -2.16  0.522  0.604  0.084  0.057  0.072  0.016  0.609  0.717  0.109  0.354  0.412  0.058  46.0
1.334  1.239  70.122  -4.275  -5.087  -5.337  -3.25  -4.498  -5.33  -4.473  0.812  1.062  0.25  -1.057  -1.623  -1.709  0.872  0.913  0.922  1.486  1.07  1.004  -1.419  -2.046  -2.16  0.522  0.604  0.084  0.057  0.072  0.016  0.609  0.717  0.109  0.354  0.412  0.058  46.0
1.334  1.239  72.087  -4.319  -5.136  -5.388  -3.284  -4.544  -5.382  -4.518  0.817  1.069  0.252  -1.057  -1.623  -1.709  0.872  0.913  0.922  1.486  1.07  1.004  -1.419  -2.046  -2.16  0.522  0.604  0.084  0.057  0.072  0.016  0.609  0.717  0.109  0.354  0.412  0.058  46.0
1.334  1.238  87.469  -4.64  -5.487  -5.763  -3.519  -4.881  -5.756  -4.847  0.847  1.123  0.276  -1.057  -1.623  -1.709  0.872  0.913  0.922  1.486  1.07  1.004  -1.419  -2.046  -2.16  0.522  0.604  0.084  0.057  0.072  0.016  0.609  0.717  0.109  0.354  0.412  0.058  46.0
1.334  1.236  114.276  -5.088  -5.968  -6.278  -3.787  -5.343  -6.269  -5.304  0.88  1.19  0.31  -1.057  -1.623  -1.709  0.872  0.913  0.922  1.486  1.07  1.004  -1.419  -2.046  -2.16  0.522  0.604  0.084  0.057  0.072  0.016  0.609  0.717  0.109  0.354  0.412  0.058  46.0
1.334  1.235  143.6  -5.475  -6.372  -6.716  -3.912  -5.734  -6.705  -5.696  0.897  1.241  0.344  -1.057  -1.623  -1.709  0.872  0.913  0.922  1.486  1.07  1.004  -1.419  -2.046  -2.16  0.522  0.604  0.084  0.057  0.072  0.016  0.609  0.717  0.109  0.354  0.412  0.058  46.0
1.334  1.233  166.439  -5.724  -6.631  -6.998  -3.911  -5.982  -6.985  -5.947  0.907  1.274  0.367  -1.057  -1.623  -1.709  0.872  0.913  0.922  1.486  1.07  1.004  -1.419  -2.046  -2.16  0.522  0.604  0.084  0.057  0.072  0.016  0.609  0.717  0.109  0.354  0.412  0.058  46.0
1.334  1.231  179.537  -5.852  -6.764  -7.142  -3.902  -6.107  -7.127  -6.077  0.912  1.29  0.378  -1.057  -1.623  -1.709  0.872  0.913  0.922  1.486  1.07  1.004  -1.419  -2.046  -2.16  0.522  0.604  0.084  0.057  0.072  0.016  0.609  0.717  0.109  0.354  0.412  0.058  46.0
1.334  1.229  185.718  -5.907  -6.821  -7.205  -3.891  -6.161  -7.19  -6.132  0.914  1.298  0.384  -1.057  -1.623  -1.709  0.872  0.913  0.922  1.486  1.07  1.004  -1.419  -2.046  -2.16  0.522  0.604  0.084  0.057  0.072  0.016  0.609  0.717  0.109  0.354  0.412  0.058  46.0
1.335  1.227  188.867  -5.935  -6.85  -7.236  -3.883  -6.187  -7.22  -6.161  0.915  1.301  0.386  -1.057  -1.623  -1.709  0.872  0.913  0.922  1.486  1.07  1.004  -1.419  -2.046  -2.16  0.522  0.604  0.084  0.057  0.072  0.016  0.609  0.717  0.109  0.354  0.412  0.058  46.0
1.335  1.227  138.693  -5.413  -6.308  -6.648  -3.887  -5.672  -6.638  -5.633  0.895  1.235  0.34  -1.057  -1.623  -1.709  0.872  0.913  0.922  1.486  1.07  1.004  -1.419  -2.046  -2.16  0.522  0.604  0.084  0.057  0.072  0.016  0.609  0.717  0.109  0.354  0.412  0.058  46.0
1.335  1.226  105.379  -4.946  -5.819  -6.119  -3.705  -5.199  -6.111  -5.16  0.873  1.173  0.3  -1.057  -1.623  -1.709  0.872  0.913  0.922  1.486  1.07  1.004  -1.419  -2.046  -2.16  0.522  0.604  0.084  0.057  0.072  0.016  0.609  0.717  0.109  0.354  0.412  0.058  46.0
1.335  1.226  75.92  -4.399  -5.226  -5.486  -3.339  -4.63  -5.479  -4.601  0.827  1.087  0.26  -1.057  -1.623  -1.709  0.872  0.913  0.922  1.486  1.07  1.004  -1.419  -2.046  -2.16  0.522  0.604  0.084  0.057  0.072  0.016  0.609  0.717  0.109  0.354  0.412  0.058  46.0
1.335  1.225  77.921  -4.443  -5.274  -5.537  -3.372  -4.676  -5.53  -4.646  0.831  1.094  0.263  -1.057  -1.623  -1.709  0.872  0.913  0.922  1.486  1.07  1.004  -1.419  -2.046  -2.16  0.522  0.604  0.084  0.057  0.072  0.016  0.609  0.717  0.109  0.354  0.412  0.058  46.0
1.335  1.223  94.44  -4.761  -5.621  -5.907  -3.592  -5.007  -5.899  -4.972  0.86  1.146  0.286  -1.057  -1.623  -1.709  0.872  0.913  0.922  1.486  1.07  1.004  -1.419  -2.046  -2.16  0.522  0.604  0.084  0.057  0.072  0.016  0.609  0.717  0.109  0.354  0.412  0.058  46.0
1.335  1.222  122.901  -5.205  -6.092  -6.414  -3.823  -5.463  -6.405  -5.423  0.887  1.209  0.322  -1.057  -1.623  -1.709  0.872  0.913  0.922  1.486  1.07  1.004  -1.419  -2.046  -2.16  0.522  0.604  0.084  0.057  0.072  0.016  0.609  0.717  0.109  0.354  0.412  0.058  46.0
1.335  1.22  153.835  -5.584  -6.487  -6.845  -3.877  -5.843  -6.833  -5.806  0.903  1.261  0.358  -1.057  -1.623  -1.709  0.872  0.913  0.922  1.486  1.07  1.004  -1.419  -2.046  -2.16  0.522  0.604  0.084  0.057  0.072  0.016  0.609  0.717  0.109  0.354  0.412  0.058  46.0
1.335  1.218  178.014  -5.829  -6.741  -7.12  -3.869  -6.083  -7.105  -6.054  0.912  1.291  0.379  -1.057  -1.623  -1.709  0.872  0.913  0.922  1.486  1.07  1.004  -1.419  -2.046  -2.16  0.522  0.604  0.084  0.057  0.072  0.016  0.609  0.717  0.109  0.354  0.412  0.058  46.0
1.335  1.215  191.715  -5.954  -6.87  -7.26  -3.855  -6.205  -7.243  -6.18  0.916  1.306  0.39  -1.057  -1.623  -1.709  0.872  0.913  0.922  1.486  1.07  1.004  -1.419  -2.046  -2.16  0.522  0.604  0.084  0.057  0.072  0.016  0.609  0.717  0.109  0.354  0.412  0.058  46.0
1.335  1.213  198.087  -6.007  -6.925  -7.32  -3.846  -6.256  -7.301  -6.234  0.918  1.313  0.395  -1.057  -1.623  -1.709  0.872  0.913  0.922  1.486  1.07  1.004  -1.419  -2.046  -2.16  0.522  0.604  0.084  0.057  0.072  0.016  0.609  0.717  0.109  0.354  0.412  0.058  46.0
1.335  1.21  201.12  -6.032  -6.952  -7.349  -3.838  -6.28  -7.33  -6.259  0.92  1.317  0.397  -1.054  -1.623  -1.708  0.863  0.903  0.912  1.476  1.054  0.987  -1.419  -2.046  -2.16  0.522  0.605  0.085  0.057  0.072  0.016  0.609  0.717  0.109  0.354  0.412  0.058  47.0
1.335  1.209  149.711  -5.535  -6.437  -6.792  -3.861  -5.795  -6.78  -5.757  0.902  1.257  0.355  -1.054  -1.623  -1.708  0.863  0.903  0.912  1.476  1.054  0.987  -1.419  -2.046  -2.16  0.522  0.605  0.085  0.057  0.072  0.016  0.609  0.717  0.109  0.354  0.412  0.058  47.0
1.335  1.209  113.908  -5.072  -5.954  -6.266  -3.755  -5.328  -6.257  -5.289  0.882  1.194  0.312  -1.054  -1.623  -1.708  0.863  0.903  0.912  1.476  1.054  0.987  -1.419  -2.046  -2.16  0.522  0.605  0.085  0.057  0.072  0.016  0.609  0.717  0.109  0.354  0.412  0.058  47.0
1.335  1.208  81.913  -4.522  -5.362  -5.632  -3.426  -4.759  -5.625  -4.727  0.84  1.11  0.27  -1.054  -1.623  -1.708  0.863  0.903  0.912  1.476  1.054  0.987  -1.419  -2.046  -2.16  0.522  0.605  0.085  0.057  0.072  0.016  0.609  0.717  0.109  0.354  0.412  0.058  47.0
1.335  1.207  84.208  -4.567  -5.411  -5.684  -3.456  -4.806  -5.676  -4.773  0.844  1.117  0.273  -1.054  -1.623  -1.708  0.863  0.903  0.912  1.476  1.054  0.987  -1.419  -2.046  -2.16  0.522  0.605  0.085  0.057  0.072  0.016  0.609  0.717  0.109  0.354  0.412  0.058  47.0
1.335  1.205  101.825  -4.882  -5.752  -6.05  -3.657  -5.133  -6.041  -5.095  0.87  1.168  0.298  -1.054  -1.623  -1.708  0.863  0.903  0.912  1.476  1.054  0.987  -1.419  -2.046  -2.16  0.522  0.605  0.085  0.057  0.072  0.016  0.609  0.717  0.109  0.354  0.412  0.058  47.0
1.335  1.203  132.055  -5.321  -6.214  -6.549  -3.836  -5.58  -6.539  -5.541  0.893  1.228  0.335  -1.054  -1.623  -1.708  0.863  0.903  0.912  1.476  1.054  0.987  -1.419  -2.046  -2.16  0.522  0.605  0.085  0.057  0.072  0.016  0.609  0.717  0.109  0.354  0.412  0.058  47.0
1.335  1.201  164.913  -5.694  -6.602  -6.971  -3.846  -5.95  -6.958  -5.918  0.908  1.277  0.369  -1.054  -1.623  -1.708  0.863  0.903  0.912  1.476  1.054  0.987  -1.419  -2.046  -2.16  0.522  0.605  0.085  0.057  0.072  0.016  0.609  0.717  0.109  0.354  0.412  0.058  47.0
1.335  1.198  190.482  -5.935  -6.852  -7.242  -3.822  -6.185  -7.225  -6.161  0.917  1.307  0.39  -1.054  -1.623  -1.708  0.863  0.903  0.912  1.476  1.054  0.987  -1.419  -2.046  -2.16  0.522  0.605  0.085  0.057  0.072  0.016  0.609  0.717  0.109  0.354  0.412  0.058  47.0
1.335  1.195  205.237  -6.058  -6.979  -7.381  -3.806  -6.304  -7.361  -6.285  0.921  1.323  0.402  -1.054  -1.623  -1.708  0.863  0.903  0.912  1.476  1.054  0.987  -1.419  -2.046  -2.16  0.522  0.605  0.085  0.057  0.072  0.016  0.609  0.717  0.109  0.354  0.412  0.058  47.0
1.335  1.192  212.058  -6.111  -7.034  -7.44  -3.81  -6.354  -7.418  -6.339  0.923  1.329  0.406  -1.054  -1.623  -1.708  0.863  0.903  0.912  1.476  1.054  0.987  -1.419  -2.046  -2.16  0.522  0.605  0.085  0.057  0.072  0.016  0.609  0.717  0.109  0.354  0.412  0.058  47.0
1.335  1.188  215.405  -6.138  -7.062  -7.469  -3.809  -6.38  -7.447  -6.366  0.924  1.331  0.407  -1.054  -1.623  -1.708  0.863  0.903  0.912  1.476  1.054  0.987  -1.419  -2.046  -2.16  0.522  0.605  0.085  0.057  0.072  0.016  0.609  0.717  0.109  0.354  0.412  0.058  47.0
1.335  1.187  163.063  -5.672  -6.58  -6.949  -3.83  -5.929  -6.936  -5.896  0.908  1.277  0.369  -1.054  -1.623  -1.708  0.863  0.903  0.912  1.476  1.054  0.987  -1.419  -2.046  -2.16  0.522  0.605  0.085  0.057  0.072  0.016  0.609  0.717  0.109  0.354  0.412  0.058  47.0
1.335  1.187  124.095  -5.213  -6.103  -6.429  -3.796  -5.472  -6.419  -5.432  0.89  1.216  0.326  -1.054  -1.623  -1.708  0.863  0.903  0.912  1.476  1.054  0.987  -1.419  -2.046  -2.16  0.522  0.605  0.085  0.057  0.072  0.016  0.609  0.717  0.109  0.354  0.412  0.058  47.0
1.335  1.186  89.095  -4.659  -5.513  -5.793  -3.517  -4.903  -5.786  -4.868  0.854  1.134  0.28  -1.054  -1.623  -1.708  0.863  0.903  0.912  1.476  1.054  0.987  -1.419  -2.046  -2.16  0.522  0.605  0.085  0.057  0.072  0.016  0.609  0.717  0.109  0.354  0.412  0.058  47.0
1.335  1.184  91.528  -4.703  -5.561  -5.845  -3.546  -4.949  -5.838  -4.913  0.858  1.142  0.284  -1.054  -1.623  -1.708  0.863  0.903  0.912  1.476  1.054  0.987  -1.419  -2.046  -2.16  0.522  0.605  0.085  0.057  0.072  0.016  0.609  0.717  0.109  0.354  0.412  0.058  47.0
1.335  1.182  110.473  -5.016  -5.895  -6.205  -3.716  -5.271  -6.196  -5.232  0.879  1.189  0.31  -1.054  -1.623  -1.708  0.863  0.903  0.912  1.476  1.054  0.987  -1.419  -2.046  -2.16  0.522  0.605  0.085  0.057  0.072  0.016  0.609  0.717  0.109  0.354  0.412  0.058  47.0
1.335  1.18  142.612  -5.444  -6.344  -6.694  -3.823  -5.704  -6.682  -5.666  0.9  1.25  0.35  -1.054  -1.623  -1.708  0.863  0.903  0.912  1.476  1.054  0.987  -1.419  -2.046  -2.16  0.522  0.605  0.085  0.057  0.072  0.016  0.609  0.717  0.109  0.354  0.412  0.058  47.0
1.335  1.177  177.482  -5.808  -6.722  -7.105  -3.798  -6.061  -7.089  -6.033  0.914  1.297  0.383  -1.054  -1.623  -1.708  0.863  0.903  0.912  1.476  1.054  0.987  -1.419  -2.046  -2.16  0.522  0.605  0.085  0.057  0.072  0.016  0.609  0.717  0.109  0.354  0.412  0.058  47.0
1.335  1.173  204.294  -6.042  -6.965  -7.367  -3.773  -6.288  -7.346  -6.27  0.923  1.325  0.402  -1.054  -1.623  -1.708  0.863  0.903  0.912  1.476  1.054  0.987  -1.419  -2.046  -2.16  0.522  0.605  0.085  0.057  0.072  0.016  0.609  0.717  0.109  0.354  0.412  0.058  47.0
1.335  1.169  219.864  -6.161  -7.087  -7.498  -3.783  -6.4  -7.474  -6.39  0.926  1.337  0.411  -1.054  -1.623  -1.708  0.863  0.903  0.912  1.476  1.054  0.987  -1.419  -2.046  -2.16  0.522  0.605  0.085  0.057  0.072  0.016  0.609  0.717  0.109  0.354  0.412  0.058  47.0
1.335  1.165  226.911  -6.212  -7.14  -7.556  -3.783  -6.448  -7.529  -6.441  0.928  1.344  0.416  -1.054  -1.623  -1.708  0.863  0.903  0.912  1.476  1.054  0.987  -1.419  -2.046  -2.16  0.522  0.605  0.085  0.057  0.072  0.016  0.609  0.717  0.109  0.354  0.412  0.058  47.0
1.335  1.16  230.492  -6.238  -7.166  -7.584  -3.783  -6.472  -7.556  -6.467  0.928  1.346  0.418  -1.054  -1.623  -1.708  0.863  0.903  0.912  1.476  1.054  0.987  -1.419  -2.046  -2.16  0.522  0.605  0.085  0.057  0.072  0.016  0.609  0.717  0.109  0.354  0.412  0.058  47.0
1.335  1.159  178.014  -5.808  -6.723  -7.108  -3.776  -6.061  -7.092  -6.034  0.915  1.3  0.385  -1.054  -1.623  -1.708  0.863  0.903  0.912  1.476  1.054  0.987  -1.419  -2.046  -2.16  0.522  0.605  0.085  0.057  0.072  0.016  0.609  0.717  0.109  0.354  0.412  0.058  47.0
1.335  1.158  135.38  -5.354  -6.251  -6.593  -3.808  -5.614  -6.582  -5.575  0.897  1.239  0.342  -1.054  -1.623  -1.708  0.863  0.903  0.912  1.476  1.054  0.987  -1.419  -2.046  -2.16  0.522  0.605  0.085  0.057  0.072  0.016  0.609  0.717  0.109  0.354  0.412  0.058  47.0
1.335  1.157  97.086  -4.797  -5.662  -5.955  -3.595  -5.046  -5.947  -5.009  0.865  1.158  0.293  -1.054  -1.623  -1.708  0.863  0.903  0.912  1.476  1.054  0.987  -1.419  -2.046  -2.16  0.522  0.605  0.085  0.057  0.072  0.016  0.609  0.717  0.109  0.354  0.412  0.058  47.0
1.335  1.155  99.737  -4.841  -5.71  -6.007  -3.62  -5.092  -5.998  -5.054  0.869  1.166  0.297  -1.054  -1.623  -1.708  0.863  0.903  0.912  1.476  1.054  0.987  -1.419  -2.046  -2.16  0.522  0.605  0.085  0.057  0.072  0.016  0.609  0.717  0.109  0.354  0.412  0.058  47.0
1.335  1.152  119.882  -5.148  -6.036  -6.359  -3.757  -5.406  -6.349  -5.366  0.888  1.211  0.323  -1.054  -1.623  -1.708  0.863  0.903  0.912  1.476  1.054  0.987  -1.419  -2.046  -2.16  0.522  0.605  0.085  0.057  0.072  0.016  0.609  0.717  0.109  0.354  0.412  0.058  47.0
1.335  1.148  154.048  -5.564  -6.47  -6.834  -3.78  -5.822  -6.822  -5.787  0.906  1.27  0.364  -1.054  -1.623  -1.708  0.863  0.903  0.912  1.476  1.054  0.987  -1.419  -2.046  -2.16  0.522  0.605  0.085  0.057  0.072  0.016  0.609  0.717  0.109  0.354  0.412  0.058  47.0
1.335  1.144  190.614  -5.916  -6.836  -7.232  -3.736  -6.165  -7.213  -6.143  0.92  1.316  0.396  -1.054  -1.623  -1.708  0.863  0.903  0.912  1.476  1.054  0.987  -1.419  -2.046  -2.16  0.522  0.605  0.085  0.057  0.072  0.016  0.609  0.717  0.109  0.354  0.412  0.058  47.0
1.335  1.139  218.754  -6.142  -7.069  -7.482  -3.738  -6.379  -7.457  -6.371  0.927  1.34  0.413  -1.054  -1.623  -1.708  0.863  0.903  0.912  1.476  1.054  0.987  -1.419  -2.046  -2.16  0.522  0.605  0.085  0.057  0.072  0.016  0.609  0.717  0.109  0.354  0.412  0.058  47.0
1.335  1.134  234.885  -6.256  -7.186  -7.606  -3.754  -6.485  -7.576  -6.486  0.93  1.35  0.42  -1.054  -1.623  -1.708  0.863  0.903  0.912  1.476  1.054  0.987  -1.419  -2.046  -2.16  0.522  0.605  0.085  0.057  0.072  0.016  0.609  0.717  0.109  0.354  0.412  0.058  47.0
1.335  1.127  242.245  -6.304  -7.235  -7.659  -3.758  -6.528  -7.626  -6.534  0.931  1.355  0.424  -1.054  -1.623  -1.708  0.863  0.903  0.912  1.476  1.054  0.987  -1.419  -2.046  -2.16  0.522  0.605  0.085  0.057  0.072  0.016  0.609  0.717  0.109  0.354  0.412  0.058  47.0
1.335  1.121  245.898  -6.327  -7.259  -7.684  -3.756  -6.549  -7.65  -6.557  0.932  1.357  0.425  -1.054  -1.623  -1.708  0.863  0.903  0.912  1.476  1.054  0.987  -1.419  -2.046  -2.16  0.522  0.605  0.085  0.057  0.072  0.016  0.609  0.717  0.109  0.354  0.412  0.058  47.0
1.335  1.12  193.756  -5.936  -6.858  -7.258  -3.7  -6.183  -7.238  -6.164  0.922  1.322  0.4  -1.054  -1.623  -1.708  0.863  0.903  0.912  1.476  1.054  0.987  -1.419  -2.046  -2.16  0.522  0.605  0.085  0.057  0.072  0.016  0.609  0.717  0.109  0.354  0.412  0.058  47.0
1.335  1.119  147.589  -5.486  -6.39  -6.75  -3.756  -5.745  -6.738  -5.709  0.904  1.264  0.36  -1.054  -1.623  -1.708  0.863  0.903  0.912  1.476  1.054  0.987  -1.419  -2.046  -2.16  0.522  0.605  0.085  0.057  0.072  0.016  0.609  0.717  0.109  0.354  0.412  0.058  47.0
1.335  1.117  105.404  -4.928  -5.805  -6.111  -3.654  -5.182  -6.102  -5.143  0.877  1.183  0.306  -1.054  -1.623  -1.708  0.863  0.903  0.912  1.476  1.054  0.987  -1.419  -2.046  -2.16  0.522  0.605  0.085  0.057  0.072  0.016  0.609  0.717  0.109  0.354  0.412  0.058  47.0
1.335  1.113  108.381  -4.973  -5.852  -6.163  -3.672  -5.228  -6.154  -5.189  0.879  1.19  0.311  -1.054  -1.623  -1.708  0.863  0.903  0.912  1.476  1.054  0.987  -1.419  -2.046  -2.16  0.522  0.605  0.085  0.057  0.072  0.016  0.609  0.717  0.109  0.354  0.412  0.058  47.0
1.335  1.109  130.093  -5.275  -6.17  -6.509  -3.757  -5.534  -6.499  -5.495  0.895  1.234  0.339  -1.054  -1.623  -1.708  0.863  0.903  0.912  1.476  1.054  0.987  -1.419  -2.046  -2.16  0.522  0.605  0.085  0.057  0.072  0.016  0.609  0.717  0.109  0.354  0.412  0.058  47.0
1.335  1.104  166.362  -5.68  -6.592  -6.971  -3.715  -5.934  -6.955  -5.905  0.912  1.291  0.379  -1.054  -1.623  -1.708  0.863  0.903  0.912  1.476  1.054  0.987  -1.419  -2.046  -2.16  0.522  0.605  0.085  0.057  0.072  0.016  0.609  0.717  0.109  0.354  0.412  0.058  47.0
1.335  1.098  205.189  -6.022  -6.947  -7.355  -3.676  -6.262  -7.331  -6.25  0.925  1.333  0.408  -1.054  -1.623  -1.708  0.863  0.903  0.912  1.476  1.054  0.987  -1.419  -2.046  -2.16  0.522  0.605  0.085  0.057  0.072  0.016  0.609  0.717  0.109  0.354  0.412  0.058  47.0
1.335  1.091  235.047  -6.241  -7.172  -7.595  -3.701  -6.465  -7.562  -6.471  0.931  1.354  0.423  -1.054  -1.623  -1.708  0.863  0.903  0.912  1.476  1.054  0.987  -1.419  -2.046  -2.16  0.522  0.605  0.085  0.057  0.072  0.016  0.609  0.717  0.109  0.354  0.412  0.058  47.0
1.335  1.083  252.148  -6.352  -7.285  -7.715  -3.718  -6.566  -7.677  -6.583  0.933  1.363  0.43  -1.054  -1.623  -1.708  0.863  0.903  0.912  1.476  1.054  0.987  -1.419  -2.046  -2.16  0.522  0.605  0.085  0.057  0.072  0.016  0.609  0.717  0.109  0.354  0.412  0.058  47.0
1.335  1.074  260.408  -6.398  -7.334  -7.768  -3.721  -6.608  -7.727  -6.63  0.936  1.37  0.434  -1.054  -1.623  -1.708  0.863  0.903  0.912  1.476  1.054  0.987  -1.419  -2.046  -2.16  0.522  0.605  0.085  0.057  0.072  0.016  0.609  0.717  0.109  0.354  0.412  0.058  47.0
1.335  1.065  264.701  -6.421  -7.358  -7.795  -3.717  -6.628  -7.752  -6.653  0.937  1.374  0.437  -1.054  -1.623  -1.708  0.863  0.903  0.912  1.476  1.054  0.987  -1.419  -2.046  -2.16  0.522  0.605  0.085  0.057  0.072  0.016  0.609  0.717  0.109  0.354  0.412  0.058  47.0
1.335  1.064  212.792  -6.071  -6.999  -7.414  -3.639  -6.306  -7.388  -6.3  0.928  1.343  0.415  -1.054  -1.623  -1.708  0.863  0.903  0.912  1.476  1.054  0.987  -1.419  -2.046  -2.16  0.522  0.605  0.085  0.057  0.072  0.016  0.609  0.717  0.109  0.354  0.412  0.058  47.0
1.335  1.062  162.09  -5.627  -6.539  -6.917  -3.673  -5.881  -6.901  -5.852  0.912  1.29  0.378  -1.054  -1.623  -1.708  0.863  0.903  0.912  1.476  1.054  0.987  -1.419  -2.046  -2.16  0.522  0.605  0.085  0.057  0.072  0.016  0.609  0.717  0.109  0.354  0.412  0.058  47.0
1.335  1.059  115.466  -5.069  -5.956  -6.279  -3.684  -5.327  -6.269  -5.287  0.887  1.21  0.323  -1.054  -1.623  -1.708  0.863  0.903  0.912  1.476  1.054  0.987  -1.419  -2.046  -2.16  0.522  0.605  0.085  0.057  0.072  0.016  0.609  0.717  0.109  0.354  0.412  0.058  47.0
1.335  1.054  118.783  -5.114  -6.003  -6.331  -3.688  -5.372  -6.321  -5.333  0.889  1.217  0.328  -1.054  -1.623  -1.708  0.863  0.903  0.912  1.476  1.054  0.987  -1.419  -2.046  -2.16  0.522  0.605  0.085  0.057  0.072  0.016  0.609  0.717  0.109  0.354  0.412  0.058  47.0
1.335  1.047  142.284  -5.408  -6.313  -6.672  -3.681  -5.667  -6.66  -5.631  0.905  1.264  0.359  -1.054  -1.623  -1.708  0.863  0.903  0.912  1.476  1.054  0.987  -1.419  -2.046  -2.16  0.522  0.605  0.085  0.057  0.072  0.016  0.609  0.717  0.109  0.354  0.412  0.058  47.0
1.335  1.04  181.324  -5.802  -6.723  -7.12  -3.602  -6.05  -7.1  -6.029  0.921  1.318  0.397  -1.054  -1.623  -1.708  0.863  0.903  0.912  1.476  1.054  0.987  -1.419  -2.046  -2.16  0.522  0.605  0.085  0.057  0.072  0.016  0.609  0.717  0.109  0.354  0.412  0.058  47.0
1.335  1.031  222.923  -6.134  -7.065  -7.486  -3.612  -6.36  -7.454  -6.364  0.931  1.352  0.421  -1.054  -1.623  -1.708  0.863  0.903  0.912  1.476  1.054  0.987  -1.419  -2.046  -2.16  0.522  0.605  0.085  0.057  0.072  0.016  0.609  0.717  0.109  0.354  0.412  0.058  47.0
1.335  1.02  255.361  -6.344  -7.281  -7.715  -3.649  -6.551  -7.673  -6.576  0.937  1.371  0.434  -1.054  -1.623  -1.708  0.863  0.903  0.912  1.476  1.054  0.987  -1.419  -2.046  -2.16  0.522  0.605  0.085  0.057  0.072  0.016  0.609  0.717  0.109  0.354  0.412  0.058  47.0
1.335  1.008  273.814  -6.447  -7.387  -7.831  -3.662  -6.642  -7.782  -6.68  0.94  1.384  0.444  -1.054  -1.623  -1.708  0.863  0.903  0.912  1.476  1.054  0.987  -1.419  -2.046  -2.16  0.522  0.605  0.085  0.057  0.072  0.016  0.609  0.717  0.109  0.354  0.412  0.058  47.0
1.335  0.994  283.175  -6.491  -7.432  -7.881  -3.662  -6.678  -7.828  -6.724  0.941  1.39  0.449  -1.054  -1.623  -1.708  0.863  0.903  0.912  1.476  1.054  0.987  -1.419  -2.046  -2.16  0.522  0.605  0.085  0.057  0.072  0.016  0.609  0.717  0.109  0.354  0.412  0.058  47.0
1.335  0.98  288.373  -6.51  -7.454  -7.907  -3.651  -6.693  -7.851  -6.744  0.944  1.397  0.453  -1.054  -1.623  -1.708  0.863  0.903  0.912  1.476  1.054  0.987  -1.419  -2.046  -2.16  0.522  0.605  0.085  0.057  0.072  0.016  0.609  0.717  0.109  0.354  0.412  0.058  47.0
1.335  0.979  236.132  -6.207  -7.142  -7.57  -3.578  -6.422  -7.532  -6.438  0.935  1.363  0.428  -1.054  -1.623  -1.708  0.863  0.903  0.912  1.476  1.054  0.987  -1.419  -2.046  -2.16  0.522  0.605  0.085  0.057  0.072  0.016  0.609  0.717  0.109  0.354  0.412  0.058  47.0
1.335  0.976  179.62  -5.769  -6.692  -7.092  -3.526  -6.016  -7.072  -5.997  0.923  1.323  0.4  -1.054  -1.623  -1.708  0.863  0.903  0.912  1.476  1.054  0.987  -1.419  -2.046  -2.16  0.522  0.605  0.085  0.057  0.072  0.016  0.609  0.717  0.109  0.354  0.412  0.058  47.0
1.335  0.97  127.337  -5.211  -6.109  -6.454  -3.638  -5.471  -6.443  -5.432  0.898  1.243  0.345  -1.054  -1.623  -1.708  0.863  0.903  0.912  1.476  1.054  0.987  -1.419  -2.046  -2.16  0.522  0.605  0.085  0.057  0.072  0.016  0.609  0.717  0.109  0.354  0.412  0.058  47.0
1.335  0.963  130.965  -5.255  -6.156  -6.506  -3.623  -5.515  -6.495  -5.477  0.901  1.251  0.35  -1.054  -1.623  -1.708  0.863  0.903  0.912  1.476  1.054  0.987  -1.419  -2.046  -2.16  0.522  0.605  0.085  0.057  0.072  0.016  0.609  0.717  0.109  0.354  0.412  0.058  47.0
1.335  0.953  156.695  -5.544  -6.457  -6.838  -3.555  -5.798  -6.823  -5.769  0.913  1.294  0.381  -1.054  -1.623  -1.708  0.863  0.903  0.912  1.476  1.054  0.987  -1.419  -2.046  -2.16  0.522  0.605  0.085  0.057  0.072  0.016  0.609  0.717  0.109  0.354  0.412  0.058  47.0
1.335  0.941  199.138  -5.925  -6.855  -7.27  -3.492  -6.161  -7.243  -6.155  0.93  1.345  0.415  -1.054  -1.623  -1.708  0.863  0.903  0.912  1.476  1.054  0.987  -1.419  -2.046  -2.16  0.522  0.605  0.085  0.057  0.072  0.016  0.609  0.717  0.109  0.354  0.412  0.058  47.0
1.335  0.926  244.374  -6.244  -7.181  -7.616  -3.539  -6.45  -7.573  -6.476  0.937  1.372  0.435  -1.054  -1.623  -1.708  0.863  0.903  0.912  1.476  1.054  0.987  -1.419  -2.046  -2.16  0.522  0.605  0.085  0.057  0.072  0.016  0.609  0.717  0.109  0.354  0.412  0.058  47.0
1.335  0.91  278.904  -6.437  -7.379  -7.832  -3.573  -6.618  -7.776  -6.67  0.942  1.395  0.453  -1.054  -1.623  -1.708  0.863  0.903  0.912  1.476  1.054  0.987  -1.419  -2.046  -2.16  0.522  0.605  0.085  0.057  0.072  0.016  0.609  0.717  0.109  0.354  0.412  0.058  47.0
1.335  0.891  298.851  -6.523  -7.471  -7.937  -3.584  -6.692  -7.874  -6.758  0.948  1.414  0.466  -1.054  -1.623  -1.708  0.863  0.903  0.912  1.476  1.054  0.987  -1.419  -2.046  -2.16  0.522  0.605  0.085  0.057  0.072  0.016  0.609  0.717  0.109  0.354  0.412  0.058  47.0
1.335  0.871  308.713  -6.549  -7.505  -7.982  -3.564  -6.713  -7.916  -6.786  0.956  1.433  0.477  -1.054  -1.623  -1.708  0.863  0.903  0.912  1.476  1.054  0.987  -1.419  -2.046  -2.16  0.522  0.605  0.085  0.057  0.072  0.016  0.609  0.717  0.109  0.354  0.412  0.058  47.0
1.335  0.849  313.44  -6.558  -7.52  -8.005  -3.549  -6.721  -7.937  -6.797  0.962  1.447  0.485  -1.054  -1.623  -1.708  0.863  0.903  0.912  1.476  1.054  0.987  -1.419  -2.046  -2.16  0.522  0.605  0.085  0.057  0.072  0.016  0.609  0.717  0.109  0.354  0.412  0.058  47.0
