#Mini MPD Rad MJ_2M MH_2M MK_2M MZ087 MW146 MF213 MHw JH JKs HKs medianJ medianH medianKs sigmaJ sigmaH sigmaKs maxJ maxH maxKs minJ minH minKs medianJH medianJKs medianHKs sigmaJH sigmaJKs sigmaHKs maxJH maxJKs maxHKs minJH minJKs minHKs counts
0.002  0.002  0.105  37.257  34.027  53.596  99.0  37.285  99.0  36.219  3.23  -16.339  -19.569  37.257  34.027  53.596  0.3  0.3  0.3  999.0  999.0  999.0  -999.0  -999.0  -999.0  3.23  -16.339  -19.569  0.2  0.2  0.2  10.0  10.0  10.0  -10.0  -10.0  -10.0  0.0
0.003  0.003  0.105  34.125  32.029  49.186  99.0  34.153  99.0  33.528  2.096  -15.061  -17.157  34.125  32.029  49.186  0.3  0.3  0.3  999.0  999.0  999.0  -999.0  -999.0  -999.0  2.096  -15.061  -17.157  0.2  0.2  0.2  10.0  10.0  10.0  -10.0  -10.0  -10.0  0.0
0.004  0.004  0.105  31.374  30.144  45.126  99.0  31.402  99.0  31.058  1.23  -13.752  -14.982  31.374  30.144  45.126  0.3  0.3  0.3  999.0  999.0  999.0  -999.0  -999.0  -999.0  1.23  -13.752  -14.982  0.2  0.2  0.2  10.0  10.0  10.0  -10.0  -10.0  -10.0  0.0
0.005  0.005  0.105  29.128  28.509  41.686  99.0  29.156  99.0  28.981  0.619  -12.558  -13.177  29.128  28.509  41.686  0.3  0.3  0.3  999.0  999.0  999.0  -999.0  -999.0  -999.0  0.619  -12.558  -13.177  0.2  0.2  0.2  10.0  10.0  10.0  -10.0  -10.0  -10.0  0.0
0.006  0.006  0.104  27.154  27.049  38.646  99.0  27.182  99.0  27.131  0.105  -11.492  -11.597  27.154  27.049  38.646  0.3  0.3  0.3  999.0  999.0  999.0  -999.0  -999.0  -999.0  0.105  -11.492  -11.597  0.2  0.2  0.2  10.0  10.0  10.0  -10.0  -10.0  -10.0  0.0
0.007  0.007  0.103  25.426  25.745  35.936  99.0  25.454  99.0  25.492  -0.319  -10.51  -10.191  25.426  25.745  35.936  0.3  0.3  0.3  999.0  999.0  999.0  -999.0  -999.0  -999.0  -0.319  -10.51  -10.191  0.2  0.2  0.2  10.0  10.0  10.0  -10.0  -10.0  -10.0  0.0
0.008  0.008  0.103  23.951  24.625  33.626  99.0  23.979  99.0  24.083  -0.674  -9.675  -9.001  23.951  24.625  33.626  0.3  0.3  0.3  999.0  999.0  999.0  -999.0  -999.0  -999.0  -0.674  -9.675  -9.001  0.2  0.2  0.2  10.0  10.0  10.0  -10.0  -10.0  -10.0  0.0
0.009  0.009  0.102  22.701  23.651  31.616  99.0  22.729  99.0  22.878  -0.95  -8.915  -7.965  22.701  23.651  31.616  0.3  0.3  0.3  999.0  999.0  999.0  -999.0  -999.0  -999.0  -0.95  -8.915  -7.965  0.2  0.2  0.2  10.0  10.0  10.0  -10.0  -10.0  -10.0  0.0
0.01  0.01  0.101  22.269  23.117  30.466  99.0  22.297  99.0  22.43  -0.848  -8.197  -7.349  22.269  23.117  30.466  0.3  0.3  0.3  999.0  999.0  999.0  -999.0  -999.0  -999.0  -0.848  -8.197  -7.349  0.2  0.2  0.2  10.0  10.0  10.0  -10.0  -10.0  -10.0  0.0
0.012  0.012  0.1  21.375  22.018  28.136  99.0  21.403  99.0  21.501  -0.643  -6.761  -6.118  21.375  22.018  28.136  0.3  0.3  0.3  999.0  999.0  999.0  -999.0  -999.0  -999.0  -0.643  -6.761  -6.118  0.2  0.2  0.2  10.0  10.0  10.0  -10.0  -10.0  -10.0  0.0
0.015  0.015  0.098  20.524  21.017  25.986  99.0  20.552  99.0  20.623  -0.493  -5.462  -4.969  20.524  21.017  25.986  0.3  0.3  0.3  999.0  999.0  999.0  -999.0  -999.0  -999.0  -0.493  -5.462  -4.969  0.2  0.2  0.2  10.0  10.0  10.0  -10.0  -10.0  -10.0  0.0
0.02  0.02  0.095  19.661  19.836  23.286  99.0  19.689  99.0  19.698  -0.175  -3.625  -3.45  19.661  19.836  23.286  0.3  0.3  0.3  999.0  999.0  999.0  -999.0  -999.0  -999.0  -0.175  -3.625  -3.45  0.2  0.2  0.2  10.0  10.0  10.0  -10.0  -10.0  -10.0  0.0
0.03  0.03  0.09  18.208  18.269  20.016  99.0  18.236  99.0  18.221  -0.061  -1.808  -1.747  18.208  18.269  20.016  0.3  0.3  0.3  999.0  999.0  999.0  -999.0  -999.0  -999.0  -0.061  -1.808  -1.747  0.2  0.2  0.2  10.0  10.0  10.0  -10.0  -10.0  -10.0  0.0
0.04  0.04  0.085  16.95  17.091  17.966  99.0  16.978  99.0  16.98  -0.141  -1.016  -0.875  16.95  17.091  17.966  0.3  0.3  0.3  999.0  999.0  999.0  -999.0  -999.0  -999.0  -0.141  -1.016  -0.875  0.2  0.2  0.2  10.0  10.0  10.0  -10.0  -10.0  -10.0  0.0
0.05  0.05  0.082  15.878  16.045  16.356  99.0  15.906  99.0  15.913  -0.167  -0.478  -0.311  15.878  16.045  16.356  0.3  0.3  0.3  999.0  999.0  999.0  -999.0  -999.0  -999.0  -0.167  -0.478  -0.311  0.2  0.2  0.2  10.0  10.0  10.0  -10.0  -10.0  -10.0  0.0
0.06  0.06  0.079  14.965  15.133  15.126  99.0  14.993  99.0  15.001  -0.168  -0.161  0.007  14.965  15.133  15.126  0.3  0.3  0.3  999.0  999.0  999.0  -999.0  -999.0  -999.0  -0.168  -0.161  0.007  0.2  0.2  0.2  10.0  10.0  10.0  -10.0  -10.0  -10.0  0.0
0.07  0.07  0.081  13.487  13.506  13.416  99.0  13.515  99.0  13.491  -0.019  0.071  0.09  13.487  13.506  13.416  0.3  0.3  0.3  999.0  999.0  999.0  -999.0  -999.0  -999.0  -0.019  0.071  0.09  0.2  0.2  0.2  10.0  10.0  10.0  -10.0  -10.0  -10.0  0.0
0.072  0.072  0.083  12.943  12.855  12.776  99.0  12.971  99.0  12.924  0.088  0.167  0.079  12.943  12.855  12.776  0.3  0.3  0.3  999.0  999.0  999.0  -999.0  -999.0  -999.0  0.088  0.167  0.079  0.2  0.2  0.2  10.0  10.0  10.0  -10.0  -10.0  -10.0  0.0
0.075  0.075  0.089  12.187  11.928  11.756  99.0  12.215  99.0  12.129  0.259  0.431  0.172  12.187  11.928  11.756  0.3  0.3  0.3  999.0  999.0  999.0  -999.0  -999.0  -999.0  0.259  0.431  0.172  0.2  0.2  0.2  10.0  10.0  10.0  -10.0  -10.0  -10.0  0.0
0.08  0.08  0.099  11.438  11.081  10.796  99.0  11.466  99.0  11.356  0.357  0.642  0.285  11.438  11.081  10.796  0.3  0.3  0.3  999.0  999.0  999.0  -999.0  -999.0  -999.0  0.357  0.642  0.285  0.2  0.2  0.2  10.0  10.0  10.0  -10.0  -10.0  -10.0  0.0
0.09  0.09  0.12  11.131  10.54  10.29  12.9  11.159  10.367  10.991  0.591  0.841  0.25  10.759  10.428  10.257  0.161  0.069  0.077  11.176  10.573  10.486  10.686  10.361  10.229  0.363  0.519  0.155  0.123  0.187  0.065  0.604  0.865  0.261  0.194  0.255  0.061  110.0
0.099  0.098  0.13  10.726  10.135  9.882  12.495  10.754  9.959  10.586  0.591  0.844  0.253  10.318  9.879  9.718  0.267  0.16  0.095  10.739  10.153  9.899  10.155  9.817  9.718  0.439  0.6  0.161  0.109  0.177  0.068  0.587  0.84  0.254  0.338  0.437  0.099  3.0
0.1  0.1  0.132  10.659  10.068  9.814  12.428  10.686  9.891  10.519  0.591  0.845  0.254  10.218  9.761  9.612  0.235  0.176  0.125  10.718  10.116  9.851  10.01  9.591  9.471  0.457  0.612  0.155  0.062  0.112  0.052  0.603  0.867  0.265  0.363  0.471  0.108  90.0
0.108  0.108  0.14  10.375  9.784  9.528  12.144  10.402  9.605  10.235  0.591  0.847  0.256  10.375  9.784  9.528  0.3  0.3  0.3  999.0  999.0  999.0  -999.0  -999.0  -999.0  0.591  0.847  0.256  0.2  0.2  0.2  10.0  10.0  10.0  -10.0  -10.0  -10.0  0.0
0.12  0.12  0.152  10.03  9.437  9.174  11.65  10.033  9.244  9.89  0.593  0.856  0.263  9.587  9.064  8.891  0.243  0.207  0.16  10.072  9.47  9.199  9.385  8.895  8.748  0.514  0.696  0.173  0.037  0.084  0.047  0.601  0.872  0.271  0.489  0.636  0.147  77.0
0.14  0.14  0.172  9.625  9.029  8.764  11.083  9.602  8.827  9.484  0.596  0.861  0.265  9.186  8.646  8.464  0.241  0.211  0.169  9.663  9.061  8.789  8.981  8.47  8.31  0.533  0.721  0.182  0.03  0.072  0.042  0.602  0.874  0.273  0.51  0.67  0.16  77.0
0.15  0.15  0.181  9.465  8.868  8.603  10.868  9.432  8.664  9.324  0.597  0.862  0.265  9.465  8.868  8.603  0.3  0.3  0.3  999.0  999.0  999.0  -999.0  -999.0  -999.0  0.597  0.862  0.265  0.2  0.2  0.2  10.0  10.0  10.0  -10.0  -10.0  -10.0  0.0
0.16  0.16  0.19  9.306  8.709  8.445  10.66  9.266  8.503  9.165  0.597  0.861  0.264  8.876  8.329  8.142  0.238  0.212  0.174  9.344  8.742  8.471  8.664  8.143  7.976  0.542  0.734  0.187  0.027  0.065  0.039  0.602  0.873  0.271  0.52  0.688  0.167  77.0
0.2  0.2  0.224  8.809  8.211  7.954  10.036  8.751  8.005  8.668  0.598  0.855  0.257  8.387  7.833  7.639  0.238  0.214  0.182  8.847  8.245  7.981  8.159  7.632  7.459  0.552  0.748  0.194  0.024  0.057  0.033  0.603  0.866  0.263  0.527  0.699  0.172  77.0
0.25  0.25  0.265  8.334  7.734  7.485  9.472  8.262  7.531  8.192  0.6  0.849  0.249  7.914  7.356  7.158  0.239  0.216  0.187  8.37  7.766  7.511  7.678  7.149  6.978  0.558  0.756  0.197  0.023  0.052  0.029  0.604  0.859  0.255  0.528  0.699  0.171  77.0
0.3  0.3  0.304  7.952  7.35  7.107  9.04  7.872  7.15  7.81  0.602  0.845  0.243  7.538  6.977  6.779  0.235  0.211  0.183  7.99  7.384  7.136  7.306  6.779  6.613  0.561  0.759  0.198  0.025  0.052  0.028  0.606  0.854  0.248  0.527  0.693  0.166  78.0
0.345  0.345  0.344  7.629  7.023  6.785  8.682  7.542  6.825  7.486  0.606  0.844  0.238  7.629  7.023  6.785  0.3  0.3  0.3  999.0  999.0  999.0  -999.0  -999.0  -999.0  0.606  0.844  0.238  0.2  0.2  0.2  10.0  10.0  10.0  -10.0  -10.0  -10.0  0.0
0.35  0.35  0.348  7.591  6.985  6.747  8.641  7.503  6.787  7.448  0.606  0.844  0.238  7.222  6.658  6.462  0.213  0.186  0.158  7.626  7.016  6.774  7.004  6.48  6.321  0.564  0.759  0.195  0.027  0.055  0.028  0.61  0.852  0.243  0.523  0.683  0.159  78.0
0.4  0.4  0.392  7.255  6.642  6.411  8.26  7.157  6.447  7.11  0.613  0.844  0.231  6.886  6.319  6.133  0.2  0.17  0.141  7.293  6.678  6.442  6.718  6.202  6.051  0.567  0.754  0.186  0.031  0.061  0.029  0.616  0.852  0.236  0.516  0.667  0.151  77.0
0.45  0.45  0.441  6.905  6.284  6.058  7.863  6.796  6.091  6.758  0.621  0.847  0.226  6.503  5.928  5.763  0.204  0.169  0.136  6.95  6.326  6.096  6.377  5.878  5.739  0.575  0.74  0.166  0.04  0.073  0.034  0.624  0.854  0.23  0.499  0.636  0.137  77.0
0.5  0.5  0.493  6.544  5.913  5.694  7.447  6.421  5.721  6.394  0.631  0.85  0.219  6.089  5.546  5.417  0.216  0.17  0.131  6.597  5.962  5.739  6.012  5.51  5.38  0.569  0.699  0.131  0.058  0.095  0.041  0.635  0.858  0.223  0.469  0.589  0.12  77.0
0.55  0.55  0.548  6.165  5.519  5.316  7.005  6.026  5.336  6.011  0.646  0.849  0.203  5.68  5.191  5.085  0.231  0.161  0.118  6.228  5.579  5.369  5.618  5.142  5.034  0.518  0.621  0.106  0.081  0.121  0.044  0.649  0.859  0.21  0.432  0.537  0.103  78.0
0.6  0.6  0.596  5.798  5.131  4.963  6.579  5.644  4.977  5.639  0.667  0.835  0.168  5.302  4.878  4.787  0.218  0.116  0.083  5.867  5.199  5.018  5.236  4.837  4.749  0.436  0.526  0.091  0.109  0.141  0.033  0.669  0.85  0.181  0.38  0.47  0.088  90.0
0.65  0.65  0.633  5.433  4.776  4.652  6.154  5.281  4.66  5.276  0.657  0.781  0.124  4.971  4.597  4.521  0.268  0.134  0.102  5.635  4.953  4.789  4.877  4.536  4.465  0.381  0.456  0.076  0.139  0.169  0.032  0.682  0.846  0.164  0.341  0.412  0.071  107.0
0.691  0.691  0.662  5.158  4.553  4.454  5.818  5.026  4.46  5.015  0.605  0.704  0.099  4.676  4.352  4.292  0.074  0.046  0.042  4.803  4.42  4.352  4.63  4.306  4.248  0.324  0.384  0.06  0.03  0.035  0.004  0.384  0.451  0.068  0.324  0.382  0.058  4.0
0.7  0.7  0.668  5.102  4.512  4.416  5.748  4.976  4.422  4.963  0.59  0.686  0.096  4.644  4.312  4.254  0.263  0.132  0.108  5.302  4.64  4.514  4.525  4.213  4.162  0.335  0.395  0.06  0.133  0.156  0.024  0.662  0.788  0.126  0.312  0.363  0.051  114.0
0.7  0.7  0.668  5.099  4.509  4.415  5.744  4.974  4.42  4.96  0.59  0.684  0.094  4.643  4.312  4.254  0.267  0.134  0.11  5.304  4.641  4.515  4.525  4.213  4.162  0.335  0.395  0.06  0.134  0.158  0.024  0.663  0.789  0.126  0.312  0.363  0.051  107.0
0.726  0.726  0.688  4.936  4.396  4.309  5.539  4.829  4.313  4.809  0.54  0.627  0.087  4.486  4.176  4.126  0.241  0.133  0.113  5.012  4.435  4.339  4.354  4.054  4.009  0.313  0.364  0.051  0.109  0.129  0.02  0.576  0.673  0.096  0.3  0.345  0.045  9.0
0.75  0.75  0.707  4.792  4.29  4.209  5.36  4.699  4.214  4.675  0.502  0.583  0.081  4.32  4.024  3.983  0.281  0.17  0.149  4.996  4.414  4.315  4.158  3.877  3.842  0.297  0.341  0.044  0.112  0.134  0.022  0.582  0.681  0.098  0.281  0.316  0.035  109.0
0.755  0.755  0.712  4.759  4.265  4.186  5.32  4.668  4.19  4.644  0.494  0.573  0.079  4.182  3.899  3.864  0.159  0.114  0.104  4.582  4.176  4.113  4.116  3.838  3.805  0.283  0.321  0.036  0.048  0.058  0.011  0.406  0.469  0.063  0.278  0.311  0.033  11.0
0.787  0.787  0.744  4.57  4.12  4.047  5.093  4.495  4.05  4.466  0.45  0.523  0.073  4.112  3.83  3.792  0.276  0.189  0.17  4.706  4.204  4.121  3.917  3.654  3.624  0.286  0.326  0.039  0.089  0.109  0.02  0.502  0.585  0.083  0.259  0.286  0.027  12.0
0.799  0.799  0.756  4.501  4.065  3.994  5.01  4.43  3.998  4.4  0.436  0.507  0.071  4.39  3.991  3.927  0.223  0.162  0.147  4.453  4.045  3.979  3.772  3.523  3.497  0.399  0.463  0.064  0.064  0.079  0.016  0.407  0.473  0.066  0.249  0.275  0.026  17.0
0.814  0.813  0.773  4.416  3.996  3.929  4.909  4.351  3.932  4.319  0.42  0.487  0.067  3.851  3.583  3.549  0.141  0.116  0.109  4.125  3.809  3.762  3.696  3.452  3.427  0.259  0.288  0.029  0.028  0.036  0.008  0.316  0.362  0.046  0.244  0.269  0.025  9.0
0.838  0.837  0.802  4.276  3.883  3.819  4.744  4.219  3.822  4.186  0.393  0.457  0.064  3.706  3.459  3.429  0.188  0.153  0.145  4.105  3.778  3.729  3.431  3.214  3.192  0.258  0.288  0.031  0.037  0.046  0.01  0.327  0.376  0.049  0.212  0.234  0.022  20.0
0.848  0.847  0.816  4.215  3.833  3.771  4.673  4.162  3.774  4.127  0.382  0.444  0.062  3.595  3.368  3.345  0.368  0.286  0.267  4.377  3.944  3.872  3.34  3.138  3.117  0.231  0.254  0.024  0.084  0.104  0.02  0.433  0.505  0.072  0.202  0.223  0.02  11.0
0.866  0.865  0.84  4.112  3.746  3.687  4.553  4.063  3.69  4.028  0.366  0.425  0.059  3.496  3.293  3.273  0.276  0.225  0.214  3.986  3.649  3.597  3.201  2.99  2.967  0.211  0.234  0.023  0.055  0.067  0.013  0.337  0.389  0.052  0.189  0.208  0.019  13.0
0.888  0.887  0.873  3.984  3.637  3.583  4.407  3.941  3.585  3.905  0.347  0.401  0.054  3.366  3.121  3.092  0.306  0.26  0.25  3.891  3.57  3.521  3.008  2.799  2.776  0.244  0.273  0.029  0.05  0.06  0.011  0.321  0.37  0.049  0.172  0.191  0.019  13.0
0.897  0.896  0.888  3.932  3.593  3.54  4.349  3.892  3.542  3.855  0.339  0.392  0.053  3.476  3.218  3.184  0.265  0.224  0.216  3.861  3.551  3.504  2.849  2.699  2.68  0.259  0.292  0.033  0.044  0.052  0.009  0.31  0.355  0.045  0.15  0.169  0.019  28.0
0.905  0.904  0.901  3.885  3.551  3.499  4.295  3.846  3.501  3.809  0.334  0.386  0.052  3.241  3.004  2.976  0.336  0.289  0.282  3.689  3.4  3.36  2.503  2.363  2.343  0.226  0.25  0.025  0.051  0.06  0.009  0.289  0.329  0.04  0.14  0.16  0.018  35.0
0.919  0.918  0.927  3.8  3.476  3.426  4.201  3.763  3.429  3.726  0.324  0.374  0.05  3.141  2.913  2.882  0.497  0.453  0.446  3.855  3.522  3.47  1.982  1.796  1.773  0.2  0.221  0.023  0.056  0.066  0.01  0.333  0.385  0.052  0.135  0.155  0.018  27.0
0.933  0.932  0.953  3.718  3.403  3.356  4.11  3.685  3.358  3.646  0.315  0.362  0.047  2.325  2.163  2.142  1.151  1.225  1.242  3.39  3.141  3.109  -0.511  -0.93  -1.004  0.227  0.253  0.026  0.097  0.116  0.02  0.411  0.484  0.073  0.113  0.131  0.018  45.0
0.946  0.945  0.981  3.638  3.332  3.286  4.022  3.607  3.288  3.569  0.306  0.352  0.046  -0.771  -1.062  -1.104  1.791  1.861  1.876  3.272  3.032  3.003  -2.561  -3.063  -3.151  0.346  0.399  0.052  0.093  0.112  0.02  0.484  0.569  0.085  0.103  0.122  0.019  118.0
0.955  0.954  1.001  3.582  3.281  3.236  3.961  3.552  3.238  3.514  0.301  0.346  0.045  -1.076  -1.448  -1.512  2.631  2.786  2.814  2.953  2.755  2.733  -5.593  -6.369  -6.51  0.44  0.513  0.073  0.165  0.194  0.03  0.717  0.837  0.12  0.107  0.127  0.017  216.0
0.967  0.966  1.029  3.506  3.212  3.168  3.879  3.478  3.171  3.439  0.294  0.338  0.044  -0.994  -1.376  -1.434  2.302  2.457  2.485  2.667  2.467  2.437  -5.176  -5.972  -6.126  0.4  0.465  0.065  0.166  0.196  0.031  0.726  0.851  0.126  0.083  0.101  0.018  160.0
0.979  0.978  1.058  3.433  3.145  3.102  3.799  3.407  3.104  3.368  0.288  0.331  0.043  -2.032  -2.495  -2.572  2.299  2.446  2.475  2.66  2.492  2.471  -5.521  -6.245  -6.37  0.472  0.551  0.078  0.158  0.192  0.034  0.807  0.975  0.168  0.074  0.092  0.018  298.0
0.995  0.995  1.103  3.324  3.044  3.003  3.683  3.3  3.005  3.261  0.28  0.321  0.041  -1.598  -2.066  -2.139  2.293  2.453  2.489  2.169  2.011  1.991  -5.424  -6.177  -6.392  0.453  0.527  0.075  0.177  0.218  0.042  0.827  1.008  0.179  0.079  0.098  0.019  295.0
0.999  0.998  1.113  3.3  3.021  2.981  3.657  3.276  2.983  3.237  0.279  0.319  0.04  -3.078  -3.644  -3.73  2.326  2.494  2.53  2.196  2.071  2.052  -5.523  -6.246  -6.422  0.571  0.66  0.088  0.179  0.22  0.043  0.829  1.01  0.179  0.061  0.079  0.018  352.0
1.017  1.016  1.169  3.179  2.907  2.868  3.53  3.157  2.87  3.118  0.272  0.311  0.039  -1.572  -2.085  -2.156  2.105  2.238  2.269  2.243  2.048  2.02  -5.455  -6.254  -6.486  0.476  0.557  0.078  0.155  0.193  0.039  0.82  1.003  0.183  0.122  0.143  0.021  287.0
1.034  1.032  1.226  3.064  2.797  2.759  3.411  3.044  2.761  3.004  0.267  0.305  0.038  -1.65  -2.134  -2.218  2.004  2.142  2.174  2.125  1.905  1.878  -5.451  -6.321  -6.523  0.484  0.568  0.08  0.152  0.187  0.036  0.829  1.004  0.175  0.199  0.224  0.025  238.0
1.044  1.043  1.268  2.987  2.722  2.684  3.331  2.966  2.686  2.927  0.265  0.303  0.038  -2.708  -3.272  -3.359  2.085  2.236  2.277  1.807  1.379  1.314  -5.573  -6.35  -6.557  0.559  0.645  0.088  0.17  0.218  0.051  0.865  1.073  0.207  0.194  0.218  0.024  319.0
1.046  1.045  1.276  2.972  2.708  2.67  3.316  2.952  2.672  2.912  0.264  0.302  0.038  -1.03  -1.469  -1.527  2.08  2.197  2.219  2.89  2.64  2.606  -5.157  -5.939  -6.087  0.446  0.514  0.066  0.131  0.155  0.025  0.696  0.815  0.119  0.195  0.219  0.024  142.0
1.058  1.057  1.329  2.878  2.616  2.579  3.22  2.859  2.581  2.819  0.262  0.299  0.037  -2.174  -2.768  -2.86  2.21  2.389  2.459  2.053  1.804  1.771  -5.777  -6.731  -7.085  0.588  0.68  0.092  0.187  0.265  0.082  0.937  1.244  0.307  0.211  0.237  0.026  211.0
1.062  1.061  1.347  2.847  2.586  2.549  3.188  2.828  2.551  2.788  0.261  0.298  0.037  -1.177  -1.622  -1.685  2.279  2.448  2.499  2.848  2.585  2.548  -5.464  -6.385  -6.673  0.516  0.593  0.077  0.182  0.239  0.06  0.866  1.105  0.239  0.212  0.238  0.026  150.0
1.074  1.072  1.408  2.748  2.489  2.452  3.088  2.73  2.454  2.69  0.259  0.296  0.037  -1.097  -1.559  -1.634  2.189  2.346  2.387  2.406  2.158  2.123  -5.212  -6.098  -6.333  0.509  0.585  0.076  0.164  0.208  0.046  0.827  1.005  0.19  0.22  0.247  0.027  129.0
1.083  1.082  1.468  2.658  2.399  2.362  2.998  2.639  2.363  2.6  0.259  0.296  0.037  -1.132  -1.666  -1.746  2.15  2.292  2.329  2.425  2.175  2.139  -5.278  -6.143  -6.35  0.539  0.619  0.08  0.148  0.187  0.04  0.824  1.007  0.184  0.224  0.253  0.029  98.0
1.093  1.092  1.538  2.56  2.3  2.262  2.902  2.541  2.264  2.501  0.26  0.298  0.038  -1.222  -1.773  -1.856  2.073  2.233  2.301  2.428  2.178  2.144  -5.577  -6.492  -6.825  0.544  0.632  0.083  0.165  0.238  0.076  0.888  1.177  0.289  0.24  0.273  0.033  111.0
1.1  1.099  1.594  2.487  2.225  2.187  2.83  2.467  2.188  2.428  0.262  0.3  0.038  -1.071  -1.56  -1.628  2.452  2.634  2.69  2.91  2.635  2.59  -5.454  -6.37  -6.653  0.471  0.542  0.071  0.191  0.251  0.063  0.867  1.109  0.242  0.23  0.26  0.03  139.0
1.103  1.101  1.618  2.458  2.195  2.157  2.802  2.438  2.159  2.399  0.263  0.301  0.038  -4.008  -4.76  -4.932  2.16  2.331  2.397  1.548  1.132  1.068  -5.766  -6.73  -7.04  0.763  0.934  0.172  0.176  0.247  0.074  0.93  1.204  0.284  0.231  0.262  0.031  234.0
1.111  1.109  1.693  2.371  2.103  2.064  2.72  2.35  2.066  2.31  0.268  0.307  0.039  -1.914  -2.578  -2.697  2.203  2.374  2.434  2.486  2.237  2.2  -5.452  -6.367  -6.649  0.653  0.764  0.112  0.176  0.239  0.065  0.884  1.137  0.253  0.236  0.269  0.033  92.0
1.12  1.118  1.805  2.255  1.977  1.936  2.615  2.232  1.938  2.192  0.278  0.319  0.041  -1.578  -2.193  -2.288  1.839  1.961  1.987  2.462  2.21  2.173  -3.279  -3.969  -4.105  0.611  0.71  0.097  0.128  0.155  0.028  0.68  0.815  0.135  0.242  0.276  0.034  71.0
1.128  1.126  1.942  2.146  1.846  1.801  2.526  2.117  1.803  2.078  0.3  0.345  0.045  -4.428  -5.262  -5.494  2.134  2.303  2.392  1.335  0.844  0.766  -6.155  -7.106  -7.539  0.831  1.055  0.218  0.173  0.268  0.099  0.949  1.315  0.376  0.256  0.293  0.037  316.0
1.133  1.131  2.046  2.09  1.765  1.715  2.494  2.053  1.717  2.016  0.325  0.375  0.05  -2.366  -3.026  -3.143  2.505  2.683  2.76  2.146  1.738  1.673  -5.566  -6.477  -6.804  0.66  0.777  0.117  0.182  0.263  0.084  0.904  1.193  0.295  0.249  0.285  0.036  89.0
1.135  1.133  2.12  2.067  1.719  1.664  2.495  2.024  1.667  1.988  0.348  0.403  0.055  -1.014  -1.542  -1.627  1.299  1.369  1.381  2.564  2.275  2.229  -1.202  -1.748  -1.836  0.509  0.587  0.082  0.084  0.099  0.015  0.585  0.685  0.1  0.251  0.287  0.036  63.0
1.137  1.135  2.175  2.063  1.691  1.632  2.513  2.013  1.635  1.978  0.372  0.431  0.059  -2.306  -2.948  -3.074  2.626  2.823  2.935  2.375  2.083  2.04  -6.189  -7.138  -7.57  0.644  0.769  0.126  0.201  0.317  0.12  0.939  1.335  0.396  0.253  0.29  0.037  170.0
1.139  1.137  2.246  2.054  1.655  1.593  2.529  1.996  1.595  1.962  0.399  0.461  0.062  -3.46  -4.2  -4.388  2.172  2.33  2.416  1.302  0.847  0.779  -6.017  -6.98  -7.357  0.749  0.942  0.193  0.162  0.252  0.093  0.948  1.274  0.346  0.257  0.295  0.038  164.0
1.141  1.139  2.363  2.011  1.583  1.515  2.516  1.944  1.518  1.912  0.428  0.496  0.068  -1.096  -1.674  -1.762  2.103  2.255  2.327  2.071  1.718  1.658  -5.562  -6.473  -6.799  0.578  0.668  0.099  0.155  0.228  0.076  0.893  1.189  0.296  0.26  0.297  0.037  85.0
1.142  1.14  2.44  1.97  1.529  1.459  2.487  1.898  1.462  1.868  0.441  0.511  0.07  -1.051  -1.592  -1.679  2.024  2.168  2.237  1.888  1.527  1.472  -5.562  -6.473  -6.799  0.561  0.657  0.097  0.147  0.219  0.075  0.892  1.187  0.295  0.262  0.301  0.039  88.0
1.143  1.141  2.528  1.919  1.466  1.395  2.447  1.844  1.397  1.814  0.453  0.524  0.071  -1.027  -1.566  -1.656  1.704  1.814  1.848  2.171  1.9  1.845  -4.411  -5.234  -5.448  0.553  0.65  0.097  0.115  0.151  0.038  0.779  0.967  0.188  0.245  0.28  0.035  84.0
1.145  1.143  2.63  1.853  1.39  1.317  2.39  1.774  1.32  1.746  0.463  0.536  0.073  -3.782  -4.566  -4.778  2.44  2.626  2.75  2.033  1.619  1.564  -6.276  -7.229  -7.715  0.779  0.986  0.208  0.188  0.316  0.134  0.937  1.378  0.441  0.245  0.28  0.035  220.0
1.145  1.143  2.656  1.835  1.371  1.298  2.374  1.756  1.301  1.727  0.464  0.537  0.073  -3.737  -4.506  -4.742  2.44  2.625  2.749  1.94  1.607  1.541  -6.276  -7.229  -7.715  0.777  0.984  0.207  0.187  0.315  0.134  0.937  1.378  0.441  0.245  0.28  0.035  221.0
1.146  1.144  2.823  1.722  1.249  1.174  2.269  1.64  1.177  1.612  0.473  0.548  0.075  -3.718  -4.506  -4.742  2.514  2.705  2.841  1.939  1.549  1.485  -6.276  -7.229  -7.715  0.788  1.024  0.236  0.194  0.334  0.144  0.938  1.384  0.446  0.248  0.283  0.035  189.0
1.148  1.146  3.0  1.604  1.125  1.049  2.158  1.52  1.052  1.493  0.479  0.555  0.076  -2.84  -3.535  -3.71  2.368  2.548  2.656  1.936  1.545  1.484  -6.213  -7.161  -7.591  0.702  0.874  0.172  0.183  0.294  0.114  0.938  1.333  0.395  0.249  0.286  0.037  172.0
1.149  1.147  3.223  1.462  0.977  0.9  2.022  1.376  0.903  1.349  0.485  0.562  0.077  -1.079  -1.592  -1.682  2.866  3.084  3.198  2.564  2.304  2.268  -6.213  -7.161  -7.591  0.567  0.667  0.097  0.222  0.338  0.122  0.939  1.339  0.4  0.249  0.286  0.036  131.0
1.151  1.148  3.437  1.335  0.844  0.766  1.899  1.247  0.769  1.221  0.491  0.569  0.078  -0.985  -1.55  -1.648  1.896  2.024  2.052  2.562  2.287  2.243  -3.66  -4.403  -4.574  0.552  0.638  0.089  0.136  0.165  0.03  0.679  0.817  0.143  0.25  0.286  0.036  119.0
1.152  1.149  3.62  1.229  0.735  0.656  1.798  1.14  0.659  1.114  0.494  0.573  0.079  -3.272  -3.996  -4.164  2.293  2.465  2.548  2.102  1.698  1.632  -6.049  -7.011  -7.391  0.721  0.891  0.169  0.175  0.262  0.089  0.946  1.267  0.322  0.259  0.297  0.038  188.0
1.153  1.151  3.868  1.096  0.597  0.517  1.669  1.005  0.52  0.98  0.499  0.579  0.08  -3.871  -4.64  -4.822  2.517  2.7  2.785  2.22  1.773  1.697  -6.049  -7.011  -7.391  0.777  0.97  0.196  0.185  0.273  0.091  0.948  1.27  0.323  0.27  0.312  0.042  167.0
1.154  1.152  4.132  0.963  0.459  0.378  1.541  0.87  0.381  0.845  0.504  0.585  0.081  -3.892  -4.694  -4.94  2.634  2.827  2.959  2.157  1.766  1.715  -6.296  -7.244  -7.735  0.802  1.047  0.245  0.195  0.33  0.14  0.937  1.382  0.445  0.261  0.3  0.038  198.0
1.155  1.153  4.428  0.824  0.315  0.234  1.408  0.73  0.236  0.705  0.509  0.59  0.081  -3.464  -4.225  -4.444  2.577  2.767  2.9  2.123  1.769  1.722  -6.296  -7.244  -7.735  0.761  0.98  0.219  0.192  0.328  0.141  0.937  1.383  0.445  0.254  0.292  0.038  192.0
1.156  1.153  4.73  0.693  0.179  0.096  1.282  0.597  0.099  0.573  0.514  0.597  0.083  -4.209  -5.033  -5.299  2.578  2.76  2.893  2.059  1.574  1.503  -6.296  -7.244  -7.735  0.824  1.09  0.266  0.185  0.322  0.141  0.938  1.384  0.446  0.254  0.292  0.038  175.0
1.156  1.154  5.046  0.565  0.045  -0.039  1.159  0.467  -0.036  0.443  0.52  0.604  0.084  -1.094  -1.63  -1.715  2.021  2.153  2.194  2.381  2.121  2.076  -4.73  -5.581  -5.812  0.593  0.696  0.095  0.14  0.183  0.045  0.805  1.007  0.202  0.251  0.288  0.037  87.0
1.157  1.155  5.388  0.437  -0.089  -0.173  1.037  0.337  -0.171  0.314  0.526  0.61  0.084  -1.983  -2.603  -2.731  2.029  2.165  2.218  2.102  1.732  1.673  -5.445  -6.354  -6.631  0.637  0.755  0.117  0.143  0.2  0.059  0.863  1.102  0.244  0.251  0.288  0.037  119.0
1.158  1.155  5.763  0.305  -0.227  -0.313  0.912  0.203  -0.31  0.18  0.532  0.618  0.086  -3.888  -4.682  -4.893  2.273  2.445  2.546  1.911  1.542  1.484  -6.233  -7.18  -7.608  0.787  1.002  0.215  0.175  0.279  0.108  0.937  1.33  0.393  0.251  0.288  0.037  222.0
1.158  1.156  6.15  0.177  -0.361  -0.449  0.791  0.072  -0.446  0.051  0.538  0.626  0.088  -4.009  -4.805  -5.029  2.364  2.542  2.645  2.1  1.746  1.684  -6.233  -7.18  -7.608  0.797  1.018  0.222  0.181  0.287  0.111  0.937  1.331  0.394  0.256  0.293  0.037  215.0
1.159  1.156  6.573  0.049  -0.496  -0.585  0.669  -0.058  -0.582  -0.079  0.545  0.634  0.089  -3.888  -4.682  -4.911  2.457  2.641  2.75  2.083  1.7  1.646  -6.233  -7.18  -7.608  0.795  1.025  0.23  0.187  0.299  0.116  0.938  1.335  0.396  0.272  0.314  0.04  196.0
1.159  1.157  7.012  -0.076  -0.628  -0.718  0.552  -0.185  -0.715  -0.206  0.552  0.642  0.09  -4.299  -5.123  -5.363  2.627  2.821  2.935  2.153  1.785  1.711  -6.233  -7.18  -7.608  0.828  1.073  0.249  0.197  0.314  0.12  0.939  1.337  0.398  0.272  0.314  0.04  176.0
1.16  1.157  7.46  -0.197  -0.756  -0.848  0.438  -0.309  -0.845  -0.328  0.559  0.651  0.092  -4.323  -5.15  -5.392  2.697  2.899  3.017  2.174  1.792  1.719  -6.233  -7.18  -7.608  0.827  1.069  0.241  0.204  0.325  0.124  0.939  1.34  0.401  0.257  0.295  0.038  151.0
1.16  1.157  7.963  -0.321  -0.888  -0.981  0.321  -0.436  -0.978  -0.454  0.567  0.66  0.093  -0.97  -1.524  -1.62  1.416  1.5  1.514  2.386  2.106  2.066  -1.207  -1.815  -1.915  0.51  0.593  0.086  0.098  0.116  0.018  0.592  0.689  0.099  0.257  0.295  0.038  66.0
1.16  1.158  8.489  -0.443  -1.017  -1.112  0.206  -0.561  -1.109  -0.578  0.574  0.669  0.095  -0.972  -1.526  -1.623  1.399  1.478  1.492  2.346  2.078  2.032  -1.442  -2.067  -2.172  0.521  0.609  0.088  0.093  0.11  0.018  0.599  0.696  0.098  0.257  0.295  0.038  66.0
1.161  1.158  9.054  -0.566  -1.147  -1.244  0.092  -0.686  -1.242  -0.703  0.581  0.678  0.097  -0.976  -1.53  -1.627  1.364  1.44  1.453  2.404  2.13  2.088  -1.792  -2.444  -2.556  0.543  0.633  0.09  0.091  0.108  0.017  0.621  0.725  0.104  0.257  0.295  0.038  70.0
1.161  1.158  9.646  -0.685  -1.274  -1.373  -0.02  -0.809  -1.37  -0.824  0.589  0.688  0.099  -0.976  -1.53  -1.627  1.408  1.491  1.506  2.434  2.165  2.124  -2.019  -2.683  -2.803  0.546  0.637  0.091  0.098  0.116  0.019  0.639  0.746  0.108  0.252  0.288  0.036  71.0
1.161  1.158  10.248  -0.799  -1.396  -1.497  -0.126  -0.926  -1.494  -0.94  0.597  0.698  0.101  -0.978  -1.533  -1.63  1.455  1.543  1.56  2.434  2.161  2.119  -2.353  -3.031  -3.167  0.546  0.637  0.091  0.102  0.123  0.021  0.662  0.779  0.117  0.252  0.288  0.036  73.0
1.162  1.158  10.599  -0.864  -1.465  -1.567  -0.187  -0.992  -1.564  -1.006  0.601  0.703  0.102  -0.987  -1.547  -1.644  1.5  1.595  1.615  2.396  2.127  2.085  -2.68  -3.372  -3.526  0.552  0.648  0.096  0.108  0.132  0.025  0.675  0.808  0.133  0.252  0.288  0.036  72.0
1.162  1.159  10.274  -0.806  -1.402  -1.503  -0.134  -0.933  -1.5  -0.947  0.596  0.697  0.101  -1.003  -1.558  -1.649  1.645  1.749  1.774  2.433  2.153  2.108  -3.112  -3.833  -4.009  0.551  0.647  0.094  0.116  0.144  0.03  0.693  0.848  0.155  0.252  0.288  0.036  78.0
1.162  1.159  9.675  -0.695  -1.283  -1.381  -0.031  -0.818  -1.378  -0.834  0.588  0.686  0.098  -1.045  -1.578  -1.657  1.721  1.83  1.86  2.426  2.142  2.096  -3.536  -4.293  -4.489  0.552  0.648  0.096  0.12  0.153  0.036  0.721  0.896  0.176  0.252  0.288  0.036  82.0
1.162  1.159  9.496  -0.661  -1.246  -1.344  0.0  -0.782  -1.341  -0.799  0.585  0.683  0.098  -1.053  -1.578  -1.659  1.744  1.855  1.887  2.418  2.135  2.09  -3.64  -4.406  -4.608  0.552  0.648  0.096  0.122  0.157  0.037  0.729  0.91  0.181  0.252  0.288  0.036  83.0
1.162  1.159  9.907  -0.74  -1.33  -1.43  -0.074  -0.864  -1.427  -0.879  0.59  0.69  0.1  -1.086  -1.598  -1.679  1.828  1.949  1.99  2.287  2.0  1.955  -4.324  -5.15  -5.389  0.554  0.65  0.097  0.13  0.175  0.047  0.784  0.994  0.21  0.252  0.288  0.036  89.0
1.162  1.159  10.565  -0.862  -1.46  -1.562  -0.187  -0.989  -1.559  -1.003  0.598  0.7  0.102  -1.182  -1.709  -1.786  2.057  2.2  2.261  2.206  1.876  1.824  -5.558  -6.467  -6.79  0.576  0.679  0.1  0.149  0.214  0.068  0.878  1.158  0.28  0.252  0.288  0.036  111.0
1.163  1.159  11.273  -0.984  -1.59  -1.694  -0.301  -1.114  -1.691  -1.127  0.606  0.71  0.104  -1.509  -2.111  -2.222  1.986  2.126  2.187  2.196  1.87  1.815  -5.558  -6.467  -6.79  0.602  0.712  0.109  0.147  0.212  0.067  0.877  1.156  0.279  0.251  0.288  0.036  114.0
1.163  1.159  12.041  -1.108  -1.723  -1.829  -0.416  -1.242  -1.826  -1.254  0.615  0.721  0.106  -3.443  -4.2  -4.417  2.334  2.505  2.62  2.022  1.587  1.517  -6.207  -7.144  -7.59  0.757  0.953  0.202  0.175  0.293  0.122  0.927  1.348  0.421  0.251  0.288  0.036  203.0
1.163  1.159  12.846  -1.229  -1.852  -1.96  -0.527  -1.365  -1.957  -1.377  0.623  0.731  0.108  -3.701  -4.478  -4.697  2.358  2.532  2.655  1.966  1.562  1.484  -6.311  -7.262  -7.757  0.777  0.997  0.218  0.178  0.305  0.132  0.935  1.373  0.438  0.251  0.288  0.036  228.0
1.163  1.159  13.688  -1.347  -1.979  -2.09  -0.637  -1.487  -2.087  -1.497  0.632  0.743  0.111  -3.649  -4.42  -4.637  2.377  2.553  2.675  2.043  1.584  1.516  -6.311  -7.262  -7.757  0.773  0.988  0.215  0.179  0.306  0.132  0.935  1.372  0.438  0.251  0.288  0.037  230.0
1.164  1.159  14.603  -1.468  -2.108  -2.221  -0.748  -1.611  -2.218  -1.62  0.64  0.753  0.113  -3.544  -4.306  -4.516  2.386  2.561  2.683  2.043  1.579  1.505  -6.311  -7.262  -7.757  0.761  0.971  0.207  0.179  0.306  0.132  0.934  1.371  0.437  0.251  0.288  0.037  234.0
1.164  1.159  15.58  -1.587  -2.236  -2.352  -0.857  -1.734  -2.349  -1.742  0.649  0.765  0.116  -3.44  -4.18  -4.371  2.389  2.564  2.685  2.042  1.572  1.492  -6.311  -7.262  -7.757  0.748  0.948  0.2  0.178  0.305  0.131  0.933  1.369  0.435  0.251  0.288  0.037  239.0
1.164  1.159  16.59  -1.703  -2.362  -2.481  -0.964  -1.854  -2.478  -1.86  0.659  0.778  0.119  -4.298  -5.13  -5.347  2.274  2.441  2.549  1.801  1.365  1.297  -6.311  -7.262  -7.757  0.824  1.065  0.236  0.17  0.284  0.121  0.934  1.365  0.433  0.251  0.288  0.037  285.0
1.164  1.159  17.716  -1.823  -2.49  -2.612  -1.074  -1.977  -2.609  -1.982  0.667  0.789  0.122  -4.463  -5.317  -5.573  2.264  2.429  2.536  1.701  1.25  1.18  -6.311  -7.262  -7.757  0.847  1.095  0.245  0.17  0.281  0.118  0.942  1.365  0.433  0.251  0.288  0.037  309.0
1.164  1.159  18.865  -1.937  -2.609  -2.736  -1.177  -2.093  -2.733  -2.097  0.672  0.799  0.127  -4.527  -5.374  -5.645  2.216  2.379  2.485  1.373  0.855  0.766  -6.311  -7.262  -7.757  0.852  1.1  0.247  0.167  0.278  0.118  0.942  1.365  0.433  0.251  0.288  0.037  302.0
1.164  1.159  20.089  -2.05  -2.727  -2.86  -1.28  -2.208  -2.856  -2.212  0.677  0.81  0.133  -4.56  -5.416  -5.706  2.207  2.37  2.475  1.44  0.936  0.85  -6.311  -7.262  -7.757  0.856  1.104  0.249  0.166  0.277  0.118  0.943  1.365  0.433  0.251  0.288  0.037  297.0
1.164  1.159  21.402  -2.164  -2.845  -2.983  -1.383  -2.324  -2.98  -2.327  0.681  0.819  0.138  -4.606  -5.462  -5.725  2.195  2.358  2.464  1.313  0.799  0.715  -6.311  -7.262  -7.757  0.856  1.116  0.25  0.166  0.277  0.118  0.943  1.365  0.433  0.251  0.288  0.037  293.0
1.164  1.158  22.801  -2.276  -2.961  -3.105  -1.483  -2.437  -3.101  -2.44  0.685  0.829  0.144  -4.606  -5.462  -5.725  2.219  2.382  2.489  1.437  0.951  0.874  -6.311  -7.262  -7.757  0.856  1.116  0.25  0.167  0.279  0.119  0.943  1.365  0.433  0.251  0.288  0.037  293.0
1.165  1.158  24.264  -2.387  -3.077  -3.228  -1.584  -2.551  -3.224  -2.552  0.69  0.841  0.151  -4.624  -5.489  -5.742  2.248  2.413  2.52  1.702  1.251  1.181  -6.311  -7.262  -7.757  0.86  1.117  0.251  0.169  0.281  0.119  0.944  1.365  0.433  0.251  0.288  0.037  288.0
1.165  1.158  25.832  -2.496  -3.19  -3.347  -1.681  -2.662  -3.343  -2.662  0.694  0.851  0.157  -4.711  -5.577  -5.849  2.249  2.413  2.52  1.694  1.243  1.173  -6.311  -7.262  -7.757  0.864  1.129  0.253  0.168  0.281  0.119  0.945  1.366  0.433  0.251  0.288  0.037  276.0
1.165  1.158  27.489  -2.606  -3.305  -3.469  -1.779  -2.774  -3.464  -2.774  0.699  0.863  0.164  -4.72  -5.589  -5.854  2.284  2.449  2.557  1.702  1.251  1.181  -6.311  -7.262  -7.757  0.866  1.129  0.253  0.169  0.283  0.12  0.946  1.366  0.434  0.251  0.288  0.037  268.0
1.165  1.157  29.265  -2.716  -3.42  -3.59  -1.877  -2.886  -3.585  -2.885  0.704  0.874  0.17  -4.703  -5.569  -5.808  2.347  2.518  2.628  1.866  1.427  1.354  -6.311  -7.262  -7.757  0.861  1.124  0.252  0.175  0.29  0.122  0.947  1.367  0.434  0.251  0.288  0.037  265.0
1.165  1.157  31.071  -2.822  -3.531  -3.708  -1.971  -2.994  -3.703  -2.992  0.709  0.886  0.177  -4.642  -5.498  -5.797  2.363  2.536  2.646  1.857  1.417  1.344  -6.311  -7.262  -7.757  0.86  1.122  0.252  0.176  0.292  0.123  0.946  1.366  0.434  0.251  0.288  0.037  266.0
1.165  1.156  33.079  -2.932  -3.649  -3.831  -2.068  -3.108  -3.826  -3.104  0.717  0.899  0.182  -4.678  -5.534  -5.806  2.366  2.538  2.648  1.876  1.437  1.363  -6.311  -7.262  -7.757  0.861  1.124  0.252  0.176  0.292  0.123  0.947  1.367  0.434  0.251  0.288  0.037  264.0
1.165  1.156  35.152  -3.04  -3.766  -3.953  -2.165  -3.22  -3.948  -3.215  0.726  0.913  0.187  -4.704  -5.571  -5.826  2.398  2.573  2.684  1.93  1.513  1.431  -6.311  -7.262  -7.757  0.862  1.126  0.252  0.179  0.295  0.123  0.947  1.367  0.434  0.251  0.288  0.037  262.0
1.165  1.156  37.381  -3.148  -3.882  -4.074  -2.261  -3.332  -4.069  -3.325  0.734  0.926  0.192  -4.703  -5.569  -5.808  2.402  2.577  2.688  1.928  1.511  1.429  -6.311  -7.262  -7.757  0.861  1.124  0.252  0.179  0.295  0.123  0.947  1.367  0.434  0.259  0.297  0.038  263.0
1.165  1.155  39.724  -3.256  -3.999  -4.197  -2.357  -3.444  -4.191  -3.435  0.743  0.941  0.198  -4.706  -5.573  -5.844  2.43  2.606  2.717  1.931  1.516  1.433  -6.311  -7.262  -7.757  0.863  1.129  0.253  0.18  0.296  0.124  0.947  1.367  0.434  0.259  0.297  0.038  261.0
1.165  1.154  42.146  -3.36  -4.112  -4.315  -2.448  -3.552  -4.309  -3.542  0.752  0.955  0.203  -4.711  -5.577  -5.849  2.434  2.61  2.722  1.934  1.518  1.435  -6.311  -7.262  -7.757  0.864  1.129  0.253  0.18  0.297  0.124  0.947  1.367  0.434  0.259  0.297  0.038  260.0
1.165  1.154  44.736  -3.465  -4.226  -4.434  -2.541  -3.662  -4.428  -3.649  0.761  0.969  0.208  -4.735  -5.602  -5.862  2.432  2.608  2.719  1.948  1.524  1.443  -6.311  -7.262  -7.757  0.868  1.13  0.254  0.18  0.297  0.124  0.947  1.367  0.434  0.259  0.297  0.038  256.0
1.165  1.153  47.507  -3.571  -4.341  -4.554  -2.634  -3.772  -4.549  -3.757  0.77  0.983  0.213  -4.735  -5.602  -5.862  2.432  2.608  2.719  1.948  1.524  1.443  -6.311  -7.262  -7.757  0.868  1.13  0.254  0.18  0.297  0.124  0.947  1.367  0.434  0.259  0.297  0.038  256.0
1.165  1.152  50.368  -3.671  -4.45  -4.669  -2.721  -3.877  -4.663  -3.86  0.779  0.998  0.219  -4.735  -5.602  -5.862  2.432  2.608  2.719  1.948  1.524  1.443  -6.311  -7.262  -7.757  0.868  1.13  0.254  0.18  0.297  0.124  0.947  1.367  0.434  0.259  0.297  0.038  256.0
1.165  1.151  53.34  -3.773  -4.56  -4.785  -2.809  -3.983  -4.779  -3.964  0.787  1.012  0.225  -4.678  -5.536  -5.806  2.591  2.778  2.893  2.021  1.562  1.482  -6.311  -7.262  -7.757  0.86  1.116  0.245  0.191  0.312  0.13  0.948  1.378  0.441  0.259  0.297  0.038  212.0
1.165  1.15  56.579  -3.874  -4.671  -4.9  -2.897  -4.089  -4.894  -4.068  0.797  1.026  0.229  -4.678  -5.536  -5.806  2.591  2.778  2.893  2.021  1.562  1.482  -6.311  -7.262  -7.757  0.86  1.116  0.245  0.191  0.312  0.13  0.948  1.378  0.441  0.259  0.297  0.038  212.0
1.165  1.149  60.821  -4.001  -4.807  -5.044  -3.004  -4.221  -5.038  -4.197  0.806  1.043  0.237  -4.678  -5.536  -5.806  2.591  2.778  2.893  2.021  1.562  1.482  -6.311  -7.262  -7.757  0.86  1.116  0.245  0.191  0.312  0.13  0.948  1.378  0.441  0.259  0.297  0.038  212.0
1.165  1.148  65.201  -4.122  -4.938  -5.182  -3.106  -4.347  -5.176  -4.321  0.816  1.06  0.244  -3.384  -4.094  -4.251  2.633  2.823  2.909  2.225  1.9  1.847  -6.077  -7.038  -7.416  0.709  0.866  0.157  0.195  0.285  0.093  0.949  1.274  0.325  0.259  0.297  0.038  150.0
1.165  1.146  70.009  -4.245  -5.07  -5.321  -3.206  -4.474  -5.315  -4.446  0.825  1.076  0.251  -3.384  -4.094  -4.251  2.633  2.823  2.909  2.225  1.9  1.847  -6.077  -7.038  -7.416  0.709  0.866  0.157  0.195  0.285  0.093  0.949  1.274  0.325  0.259  0.297  0.038  150.0
1.165  1.145  75.033  -4.365  -5.199  -5.458  -3.303  -4.599  -5.451  -4.569  0.834  1.093  0.259  -3.384  -4.094  -4.251  2.633  2.823  2.909  2.225  1.9  1.847  -6.077  -7.038  -7.416  0.709  0.866  0.157  0.195  0.285  0.093  0.949  1.274  0.325  0.259  0.297  0.038  150.0
1.165  1.143  80.289  -4.483  -5.326  -5.591  -3.396  -4.721  -5.584  -4.689  0.843  1.108  0.265  -3.98  -4.755  -4.942  2.631  2.819  2.906  2.217  1.836  1.772  -6.077  -7.038  -7.416  0.775  0.962  0.187  0.193  0.283  0.092  0.949  1.278  0.329  0.259  0.297  0.038  139.0
1.165  1.141  85.912  -4.6  -5.452  -5.725  -3.485  -4.843  -5.718  -4.808  0.852  1.125  0.273  -3.98  -4.755  -4.942  2.631  2.819  2.906  2.217  1.836  1.772  -6.077  -7.038  -7.416  0.775  0.962  0.187  0.193  0.283  0.092  0.949  1.278  0.329  0.259  0.297  0.038  139.0
1.165  1.139  91.866  -4.714  -5.575  -5.855  -3.57  -4.961  -5.848  -4.925  0.861  1.141  0.28  -3.98  -4.755  -4.942  2.631  2.819  2.906  2.217  1.836  1.772  -6.077  -7.038  -7.416  0.775  0.962  0.187  0.193  0.283  0.092  0.949  1.278  0.329  0.259  0.297  0.038  139.0
1.165  1.136  98.278  -4.83  -5.698  -5.986  -3.647  -5.08  -5.978  -5.043  0.868  1.156  0.288  -3.98  -4.755  -4.942  2.631  2.819  2.906  2.217  1.836  1.772  -6.077  -7.038  -7.416  0.775  0.962  0.187  0.193  0.283  0.092  0.949  1.278  0.329  0.259  0.297  0.038  139.0
1.165  1.134  104.847  -4.943  -5.818  -6.114  -3.722  -5.197  -6.106  -5.158  0.875  1.171  0.296  -3.98  -4.755  -4.942  2.631  2.819  2.906  2.217  1.836  1.772  -6.077  -7.038  -7.416  0.775  0.962  0.187  0.193  0.283  0.092  0.949  1.278  0.329  0.259  0.297  0.038  139.0
1.166  1.131  111.906  -5.055  -5.936  -6.241  -3.788  -5.311  -6.232  -5.271  0.881  1.186  0.305  -3.98  -4.755  -4.942  2.631  2.819  2.906  2.217  1.836  1.772  -6.077  -7.038  -7.416  0.775  0.962  0.187  0.193  0.283  0.092  0.949  1.278  0.329  0.259  0.297  0.038  139.0
1.166  1.128  119.304  -5.166  -6.052  -6.365  -3.846  -5.424  -6.356  -5.384  0.886  1.199  0.313  -4.037  -4.818  -5.009  2.597  2.782  2.868  2.036  1.562  1.481  -6.077  -7.038  -7.416  0.778  0.97  0.191  0.19  0.28  0.092  0.949  1.278  0.329  0.269  0.311  0.041  138.0
1.166  1.124  127.249  -5.277  -6.169  -6.49  -3.899  -5.537  -6.481  -5.496  0.892  1.213  0.321  -4.037  -4.818  -5.009  2.597  2.782  2.868  2.036  1.562  1.481  -6.077  -7.038  -7.416  0.778  0.97  0.191  0.19  0.28  0.092  0.949  1.278  0.329  0.269  0.311  0.041  138.0
1.166  1.121  135.567  -5.385  -6.28  -6.611  -3.933  -5.645  -6.601  -5.605  0.895  1.226  0.331  -4.037  -4.818  -5.009  2.597  2.782  2.868  2.036  1.562  1.481  -6.077  -7.038  -7.416  0.778  0.97  0.191  0.19  0.28  0.092  0.949  1.278  0.329  0.269  0.311  0.041  138.0
1.166  1.116  144.197  -5.489  -6.389  -6.73  -3.963  -5.751  -6.719  -5.711  0.9  1.241  0.341  -4.037  -4.818  -5.009  2.597  2.782  2.868  2.036  1.562  1.481  -6.077  -7.038  -7.416  0.778  0.97  0.191  0.19  0.28  0.092  0.949  1.278  0.329  0.269  0.311  0.041  138.0
1.166  1.112  152.952  -5.588  -6.492  -6.842  -3.966  -5.85  -6.831  -5.811  0.904  1.254  0.35  -4.037  -4.818  -5.009  2.597  2.782  2.868  2.036  1.562  1.481  -6.077  -7.038  -7.416  0.778  0.97  0.191  0.19  0.28  0.092  0.949  1.278  0.329  0.269  0.311  0.041  138.0
1.166  1.11  156.155  -5.623  -6.528  -6.882  -3.967  -5.884  -6.87  -5.846  0.905  1.259  0.354  -4.037  -4.818  -5.009  2.597  2.782  2.868  2.036  1.562  1.481  -6.077  -7.038  -7.416  0.778  0.97  0.191  0.19  0.28  0.092  0.949  1.278  0.329  0.269  0.311  0.041  138.0
1.166  1.11  11.019  -1.042  -1.598  -1.691  -0.405  -1.153  -1.689  -1.173  0.556  0.649  0.093  -4.116  -4.898  -5.093  2.61  2.796  2.883  2.067  1.608  1.53  -6.077  -7.038  -7.416  0.786  0.981  0.195  0.191  0.28  0.092  0.95  1.279  0.33  0.269  0.311  0.041  135.0
1.166  1.11  11.08  -1.054  -1.61  -1.704  -0.416  -1.164  -1.701  -1.185  0.556  0.65  0.094  -4.154  -4.943  -5.141  2.618  2.804  2.891  2.027  1.593  1.52  -6.077  -7.038  -7.416  0.789  0.987  0.198  0.19  0.28  0.092  0.95  1.28  0.33  0.269  0.311  0.041  133.0
1.166  1.111  11.07  -1.054  -1.609  -1.703  -0.417  -1.164  -1.7  -1.184  0.555  0.649  0.094  -4.292  -5.114  -5.325  2.697  2.893  2.983  2.179  1.813  1.744  -6.077  -7.038  -7.416  0.815  1.026  0.211  0.2  0.292  0.095  0.95  1.282  0.332  0.269  0.311  0.041  128.0
1.166  1.111  11.037  -1.05  -1.604  -1.697  -0.413  -1.159  -1.694  -1.18  0.554  0.647  0.093  -4.154  -4.943  -5.141  2.743  2.942  3.034  2.2  1.819  1.752  -6.077  -7.038  -7.416  0.789  0.987  0.198  0.203  0.298  0.097  0.951  1.284  0.333  0.269  0.311  0.041  123.0
1.166  1.111  10.991  -1.044  -1.596  -1.689  -0.409  -1.153  -1.687  -1.174  0.552  0.645  0.093  -1.033  -1.563  -1.648  1.722  1.838  1.874  2.237  1.957  1.915  -3.25  -4.0  -4.21  0.529  0.614  0.085  0.126  0.166  0.043  0.723  0.917  0.193  0.269  0.311  0.041  63.0
1.167  1.111  10.946  -1.038  -1.589  -1.682  -0.404  -1.146  -1.679  -1.167  0.551  0.644  0.093  -1.035  -1.565  -1.65  1.886  2.017  2.064  2.323  2.052  2.007  -3.776  -4.569  -4.806  0.53  0.614  0.085  0.14  0.19  0.053  0.764  0.982  0.218  0.253  0.29  0.037  68.0
1.167  1.111  10.901  -1.031  -1.581  -1.674  -0.399  -1.14  -1.671  -1.16  0.55  0.643  0.093  -1.039  -1.568  -1.653  1.996  2.137  2.192  2.296  2.025  1.981  -4.238  -5.065  -5.329  0.53  0.614  0.085  0.149  0.207  0.061  0.797  1.037  0.24  0.253  0.29  0.037  72.0
1.167  1.111  10.856  -1.026  -1.575  -1.667  -0.395  -1.134  -1.664  -1.155  0.549  0.641  0.092  -1.067  -1.596  -1.68  2.351  2.517  2.601  2.237  1.954  1.911  -5.673  -6.574  -6.952  0.542  0.638  0.096  0.172  0.26  0.092  0.882  1.215  0.332  0.253  0.29  0.037  84.0
1.167  1.112  10.823  -1.021  -1.568  -1.661  -0.391  -1.128  -1.658  -1.149  0.547  0.64  0.093  -1.063  -1.591  -1.676  2.361  2.527  2.612  2.236  1.951  1.908  -5.673  -6.574  -6.952  0.537  0.626  0.093  0.172  0.26  0.092  0.882  1.214  0.332  0.253  0.29  0.037  85.0
1.167  1.112  10.796  -1.017  -1.564  -1.656  -0.388  -1.124  -1.653  -1.145  0.547  0.639  0.092  -1.081  -1.611  -1.708  2.349  2.514  2.599  2.237  1.905  1.85  -5.673  -6.574  -6.952  0.564  0.663  0.099  0.171  0.259  0.092  0.883  1.217  0.334  0.253  0.29  0.037  81.0
1.167  1.112  10.768  -1.013  -1.559  -1.651  -0.385  -1.12  -1.648  -1.141  0.546  0.638  0.092  -1.086  -1.618  -1.708  2.316  2.474  2.559  2.201  1.797  1.727  -5.673  -6.574  -6.952  0.565  0.664  0.099  0.165  0.253  0.092  0.883  1.218  0.335  0.253  0.29  0.037  80.0
1.167  1.112  10.741  -1.011  -1.555  -1.647  -0.383  -1.117  -1.644  -1.139  0.544  0.636  0.092  -1.081  -1.611  -1.708  2.289  2.449  2.533  2.207  1.826  1.778  -5.673  -6.574  -6.952  0.551  0.649  0.098  0.166  0.254  0.091  0.883  1.216  0.333  0.253  0.29  0.037  83.0
1.168  1.112  10.714  -1.008  -1.552  -1.643  -0.381  -1.114  -1.641  -1.136  0.544  0.635  0.091  -1.076  -1.61  -1.707  2.327  2.491  2.575  2.233  1.894  1.84  -5.673  -6.574  -6.952  0.545  0.638  0.096  0.17  0.258  0.092  0.882  1.215  0.332  0.253  0.29  0.037  84.0
1.168  1.113  10.704  -1.006  -1.549  -1.641  -0.38  -1.112  -1.638  -1.133  0.543  0.635  0.092  -1.067  -1.608  -1.703  2.316  2.48  2.565  2.23  1.886  1.834  -5.673  -6.574  -6.952  0.548  0.641  0.096  0.17  0.258  0.092  0.882  1.213  0.331  0.253  0.29  0.037  86.0
1.168  1.113  10.704  -1.006  -1.549  -1.64  -0.38  -1.111  -1.637  -1.133  0.543  0.634  0.091  -1.067  -1.608  -1.703  2.316  2.48  2.565  2.23  1.886  1.834  -5.673  -6.574  -6.952  0.548  0.641  0.096  0.17  0.258  0.092  0.882  1.213  0.331  0.253  0.29  0.037  86.0
1.168  1.113  10.699  -1.005  -1.549  -1.64  -0.38  -1.111  -1.637  -1.133  0.544  0.635  0.091  -1.067  -1.608  -1.703  2.35  2.517  2.603  2.233  1.894  1.84  -5.673  -6.574  -6.952  0.548  0.641  0.096  0.172  0.261  0.093  0.882  1.215  0.332  0.253  0.29  0.037  84.0
1.168  1.113  10.677  -1.004  -1.546  -1.637  -0.379  -1.109  -1.635  -1.131  0.542  0.633  0.091  -1.081  -1.611  -1.708  2.302  2.465  2.55  2.207  1.822  1.772  -5.673  -6.574  -6.952  0.555  0.649  0.095  0.169  0.257  0.092  0.882  1.214  0.332  0.253  0.29  0.037  85.0
1.168  1.113  10.667  -1.003  -1.545  -1.636  -0.379  -1.108  -1.633  -1.13  0.542  0.633  0.091  -1.159  -1.696  -1.784  2.166  2.319  2.397  2.22  1.859  1.815  -5.673  -6.574  -6.952  0.566  0.664  0.099  0.158  0.241  0.086  0.88  1.204  0.325  0.253  0.29  0.037  98.0
1.168  1.113  10.662  -1.003  -1.544  -1.635  -0.379  -1.108  -1.632  -1.13  0.541  0.632  0.091  -1.142  -1.678  -1.765  2.174  2.325  2.402  2.216  1.849  1.804  -5.673  -6.574  -6.952  0.565  0.663  0.099  0.157  0.239  0.086  0.879  1.204  0.324  0.253  0.29  0.037  99.0
1.168  1.113  10.67  -1.004  -1.545  -1.635  -0.38  -1.108  -1.633  -1.131  0.541  0.631  0.09  -1.319  -1.874  -1.964  2.139  2.287  2.364  2.281  1.979  1.93  -5.673  -6.574  -6.952  0.566  0.666  0.099  0.154  0.235  0.086  0.88  1.205  0.325  0.253  0.29  0.037  97.0
1.169  1.114  10.665  -1.005  -1.546  -1.636  -0.382  -1.11  -1.634  -1.132  0.541  0.631  0.09  -1.319  -1.874  -1.964  2.13  2.275  2.349  2.271  1.947  1.894  -5.673  -6.574  -6.952  0.567  0.666  0.099  0.151  0.23  0.083  0.878  1.201  0.322  0.253  0.29  0.037  103.0
1.169  1.114  10.677  -1.007  -1.548  -1.639  -0.384  -1.112  -1.636  -1.134  0.541  0.632  0.091  -3.518  -4.268  -4.46  2.404  2.577  2.677  1.922  1.564  1.508  -6.0  -6.936  -7.325  0.747  0.939  0.192  0.177  0.281  0.106  0.928  1.293  0.367  0.262  0.301  0.039  156.0
1.169  1.114  10.702  -1.011  -1.551  -1.642  -0.387  -1.115  -1.639  -1.138  0.54  0.631  0.091  -4.251  -5.072  -5.322  2.482  2.661  2.772  1.761  1.266  1.18  -6.254  -7.2  -7.628  0.821  1.065  0.24  0.182  0.297  0.118  0.939  1.336  0.397  0.262  0.301  0.039  180.0
1.169  1.114  10.702  -1.011  -1.552  -1.642  -0.387  -1.116  -1.64  -1.138  0.541  0.631  0.09  -4.251  -5.072  -5.322  2.482  2.661  2.772  1.761  1.266  1.18  -6.254  -7.2  -7.628  0.821  1.065  0.24  0.182  0.297  0.118  0.939  1.336  0.397  0.262  0.301  0.039  180.0
1.169  1.114  10.702  -1.013  -1.554  -1.644  -0.389  -1.118  -1.642  -1.14  0.541  0.631  0.09  -4.227  -5.044  -5.278  2.511  2.691  2.803  1.779  1.307  1.226  -6.254  -7.2  -7.628  0.816  1.051  0.234  0.184  0.299  0.119  0.939  1.336  0.397  0.262  0.301  0.039  177.0
1.169  1.114  10.731  -1.018  -1.559  -1.65  -0.394  -1.123  -1.647  -1.145  0.541  0.632  0.091  -3.738  -4.506  -4.71  2.585  2.772  2.885  2.056  1.667  1.605  -6.254  -7.2  -7.628  0.768  0.973  0.204  0.19  0.307  0.12  0.939  1.336  0.397  0.262  0.301  0.039  172.0
1.169  1.114  10.773  -1.024  -1.566  -1.656  -0.4  -1.129  -1.654  -1.151  0.542  0.632  0.09  -3.63  -4.388  -4.586  2.58  2.767  2.879  2.057  1.672  1.61  -6.254  -7.2  -7.628  0.758  0.956  0.198  0.19  0.305  0.119  0.939  1.337  0.398  0.262  0.301  0.039  168.0
1.169  1.114  10.826  -1.032  -1.574  -1.665  -0.407  -1.137  -1.662  -1.159  0.542  0.633  0.091  -3.685  -4.448  -4.649  2.562  2.746  2.858  2.002  1.618  1.557  -6.254  -7.2  -7.628  0.763  0.964  0.201  0.187  0.303  0.119  0.939  1.337  0.398  0.262  0.301  0.039  167.0
1.17  1.115  10.878  -1.042  -1.585  -1.676  -0.416  -1.147  -1.673  -1.169  0.543  0.634  0.091  -3.63  -4.388  -4.586  2.591  2.78  2.892  2.057  1.672  1.61  -6.254  -7.2  -7.628  0.758  0.956  0.198  0.192  0.307  0.119  0.939  1.337  0.398  0.262  0.301  0.039  168.0
1.17  1.115  10.943  -1.054  -1.597  -1.689  -0.427  -1.159  -1.686  -1.181  0.543  0.635  0.092  -3.685  -4.448  -4.649  2.594  2.78  2.892  2.057  1.668  1.593  -6.254  -7.2  -7.628  0.763  0.964  0.201  0.189  0.305  0.119  0.939  1.337  0.398  0.268  0.31  0.042  167.0
1.17  1.115  11.032  -1.068  -1.613  -1.705  -0.439  -1.174  -1.702  -1.196  0.545  0.637  0.092  -3.899  -4.683  -4.897  2.559  2.744  2.855  2.058  1.671  1.594  -6.254  -7.2  -7.628  0.784  0.998  0.214  0.188  0.302  0.118  0.939  1.337  0.398  0.268  0.31  0.042  163.0
1.17  1.115  11.134  -1.083  -1.63  -1.722  -0.453  -1.19  -1.719  -1.211  0.547  0.639  0.092  -3.738  -4.506  -4.71  2.555  2.738  2.849  2.057  1.668  1.594  -6.254  -7.2  -7.628  0.768  0.973  0.204  0.186  0.3  0.118  0.939  1.337  0.398  0.268  0.31  0.042  166.0
1.17  1.115  11.237  -1.1  -1.648  -1.741  -0.468  -1.207  -1.738  -1.229  0.548  0.641  0.093  -3.738  -4.506  -4.71  2.551  2.734  2.845  2.01  1.619  1.555  -6.254  -7.2  -7.628  0.768  0.973  0.204  0.185  0.3  0.118  0.939  1.337  0.398  0.268  0.31  0.042  166.0
1.17  1.116  11.388  -1.124  -1.675  -1.768  -0.49  -1.232  -1.765  -1.253  0.551  0.644  0.093  -3.685  -4.448  -4.649  2.602  2.785  2.897  2.053  1.651  1.585  -6.254  -7.2  -7.628  0.763  0.964  0.201  0.187  0.302  0.118  0.939  1.337  0.398  0.268  0.31  0.042  167.0
1.17  1.116  11.438  -1.132  -1.684  -1.777  -0.497  -1.241  -1.774  -1.262  0.552  0.645  0.093  -4.245  -5.062  -5.296  2.712  2.904  3.018  2.148  1.687  1.61  -6.254  -7.2  -7.628  0.816  1.051  0.235  0.195  0.311  0.12  0.939  1.338  0.398  0.254  0.292  0.038  156.0
1.171  1.116  11.821  -1.189  -1.746  -1.841  -0.548  -1.3  -1.839  -1.32  0.557  0.652  0.095  -4.321  -5.146  -5.386  2.721  2.913  3.028  2.156  1.699  1.622  -6.254  -7.2  -7.628  0.825  1.065  0.24  0.196  0.312  0.12  0.939  1.338  0.399  0.254  0.292  0.038  152.0
1.171  1.116  12.475  -1.285  -1.851  -1.948  -0.634  -1.399  -1.946  -1.418  0.566  0.663  0.097  -4.344  -5.176  -5.42  2.717  2.91  3.025  2.1  1.666  1.593  -6.254  -7.2  -7.628  0.831  1.076  0.244  0.196  0.313  0.12  0.94  1.339  0.399  0.254  0.292  0.038  150.0
1.171  1.116  13.193  -1.384  -1.961  -2.061  -0.723  -1.502  -2.058  -1.52  0.577  0.677  0.1  -4.405  -5.247  -5.499  2.709  2.901  3.016  2.053  1.651  1.585  -6.254  -7.2  -7.628  0.837  1.084  0.248  0.194  0.311  0.121  0.94  1.339  0.399  0.254  0.292  0.038  147.0
1.171  1.116  14.001  -1.488  -2.075  -2.177  -0.816  -1.61  -2.174  -1.627  0.587  0.689  0.102  -4.44  -5.277  -5.524  2.761  2.958  3.075  2.121  1.669  1.594  -6.254  -7.2  -7.628  0.842  1.094  0.252  0.199  0.318  0.122  0.94  1.339  0.4  0.254  0.292  0.038  145.0
1.171  1.116  14.841  -1.592  -2.189  -2.294  -0.909  -1.718  -2.292  -1.733  0.597  0.702  0.105  -4.44  -5.277  -5.524  2.761  2.958  3.075  2.121  1.669  1.594  -6.254  -7.2  -7.628  0.842  1.094  0.252  0.199  0.318  0.122  0.94  1.339  0.4  0.254  0.292  0.038  145.0
1.171  1.116  15.724  -1.694  -2.301  -2.409  -1.0  -1.823  -2.406  -1.838  0.607  0.715  0.108  -4.44  -5.277  -5.524  2.761  2.958  3.075  2.121  1.669  1.594  -6.254  -7.2  -7.628  0.842  1.094  0.252  0.199  0.318  0.122  0.94  1.339  0.4  0.254  0.292  0.038  145.0
1.171  1.116  16.659  -1.796  -2.414  -2.525  -1.092  -1.93  -2.522  -1.943  0.618  0.729  0.111  -4.44  -5.277  -5.524  2.761  2.958  3.075  2.121  1.669  1.594  -6.254  -7.2  -7.628  0.842  1.094  0.252  0.199  0.318  0.122  0.94  1.339  0.4  0.254  0.292  0.038  145.0
1.171  1.116  17.614  -1.895  -2.522  -2.636  -1.18  -2.032  -2.633  -2.044  0.627  0.741  0.114  -4.44  -5.277  -5.524  2.761  2.958  3.075  2.121  1.669  1.594  -6.254  -7.2  -7.628  0.842  1.094  0.252  0.199  0.318  0.122  0.94  1.339  0.4  0.254  0.292  0.038  145.0
1.171  1.116  18.542  -1.984  -2.616  -2.735  -1.259  -2.124  -2.732  -2.134  0.632  0.751  0.119  -4.44  -5.277  -5.524  2.761  2.958  3.075  2.121  1.669  1.594  -6.254  -7.2  -7.628  0.842  1.094  0.252  0.199  0.318  0.122  0.94  1.339  0.4  0.254  0.292  0.038  145.0
1.171  1.116  18.572  -1.987  -2.62  -2.739  -1.262  -2.127  -2.735  -2.137  0.633  0.752  0.119  -4.44  -5.277  -5.524  2.761  2.958  3.075  2.121  1.669  1.594  -6.254  -7.2  -7.628  0.842  1.094  0.252  0.199  0.318  0.122  0.94  1.339  0.4  0.254  0.292  0.038  145.0
1.171  1.116  18.602  -1.989  -2.622  -2.74  -1.263  -2.129  -2.737  -2.139  0.633  0.751  0.118  -4.44  -5.277  -5.524  2.761  2.958  3.075  2.121  1.669  1.594  -6.254  -7.2  -7.628  0.842  1.094  0.252  0.199  0.318  0.122  0.94  1.339  0.4  0.254  0.292  0.038  145.0
1.171  1.116  19.969  -2.112  -2.752  -2.877  -1.373  -2.255  -2.873  -2.264  0.64  0.765  0.125  -4.44  -5.277  -5.524  2.761  2.958  3.075  2.121  1.669  1.594  -6.254  -7.2  -7.628  0.842  1.094  0.252  0.199  0.318  0.122  0.94  1.339  0.4  0.254  0.292  0.038  145.0
1.171  1.116  21.24  -2.222  -2.867  -2.998  -1.47  -2.366  -2.995  -2.375  0.645  0.776  0.131  -4.44  -5.277  -5.524  2.761  2.958  3.075  2.121  1.669  1.594  -6.254  -7.2  -7.628  0.842  1.094  0.252  0.199  0.318  0.122  0.94  1.339  0.4  0.254  0.292  0.038  145.0
1.171  1.116  22.901  -2.352  -3.005  -3.144  -1.586  -2.5  -3.14  -2.508  0.653  0.792  0.139  -4.44  -5.277  -5.524  2.761  2.958  3.075  2.121  1.669  1.594  -6.254  -7.2  -7.628  0.842  1.094  0.252  0.199  0.318  0.122  0.94  1.339  0.4  0.254  0.292  0.038  145.0
1.171  1.116  22.169  -2.295  -2.944  -3.079  -1.535  -2.441  -3.075  -2.45  0.649  0.784  0.135  -4.486  -5.343  -5.604  2.766  2.963  3.081  2.133  1.671  1.594  -6.254  -7.2  -7.628  0.85  1.108  0.257  0.2  0.319  0.123  0.94  1.34  0.4  0.254  0.292  0.038  142.0
1.171  1.116  20.066  -2.122  -2.762  -2.888  -1.381  -2.264  -2.884  -2.274  0.64  0.766  0.126  -4.486  -5.343  -5.604  2.766  2.963  3.081  2.133  1.671  1.594  -6.254  -7.2  -7.628  0.85  1.108  0.257  0.2  0.319  0.123  0.94  1.34  0.4  0.254  0.292  0.038  142.0
1.171  1.115  21.079  -2.207  -2.852  -2.982  -1.457  -2.351  -2.978  -2.36  0.645  0.775  0.13  -2.735  -3.446  -3.614  2.936  3.145  3.273  2.183  1.853  1.796  -6.254  -7.2  -7.628  0.716  0.892  0.176  0.212  0.341  0.133  0.942  1.35  0.408  0.254  0.292  0.038  118.0
1.171  1.115  22.323  -2.305  -2.956  -3.092  -1.544  -2.452  -3.088  -2.46  0.651  0.787  0.136  -0.656  -1.252  -1.356  1.296  1.383  1.4  2.343  2.088  2.05  -1.207  -1.813  -1.914  0.553  0.649  0.096  0.099  0.117  0.019  0.601  0.707  0.109  0.254  0.292  0.038  60.0
1.171  1.114  23.706  -2.41  -3.067  -3.209  -1.637  -2.559  -3.205  -2.567  0.657  0.799  0.142  -0.624  -1.241  -1.356  1.328  1.419  1.436  2.353  2.097  2.059  -1.207  -1.813  -1.914  0.552  0.648  0.096  0.102  0.122  0.02  0.601  0.708  0.109  0.254  0.292  0.038  59.0
1.171  1.113  25.215  -2.517  -3.179  -3.328  -1.731  -2.668  -3.323  -2.675  0.662  0.811  0.149  -0.624  -1.241  -1.356  1.342  1.435  1.453  2.373  2.115  2.076  -1.207  -1.813  -1.914  0.552  0.648  0.096  0.104  0.123  0.02  0.602  0.708  0.11  0.254  0.292  0.038  57.0
1.171  1.112  26.832  -2.624  -3.292  -3.447  -1.824  -2.778  -3.442  -2.783  0.668  0.823  0.155  -0.624  -1.241  -1.356  1.33  1.421  1.439  2.353  2.097  2.059  -1.207  -1.813  -1.914  0.553  0.649  0.096  0.102  0.122  0.02  0.601  0.708  0.109  0.254  0.292  0.038  59.0
1.171  1.112  28.586  -2.732  -3.406  -3.568  -1.919  -2.888  -3.563  -2.893  0.674  0.836  0.162  -0.564  -1.178  -1.292  1.333  1.425  1.443  2.363  2.106  2.067  -1.207  -1.813  -1.914  0.552  0.648  0.096  0.103  0.123  0.02  0.602  0.708  0.109  0.254  0.292  0.038  58.0
1.171  1.111  30.455  -2.84  -3.521  -3.69  -2.014  -3.0  -3.685  -3.003  0.681  0.85  0.169  -0.574  -1.186  -1.3  1.315  1.407  1.424  2.363  2.106  2.067  -1.326  -1.941  -2.043  0.553  0.649  0.096  0.103  0.123  0.02  0.609  0.718  0.112  0.254  0.292  0.038  58.0
1.171  1.11  32.446  -2.95  -3.641  -3.815  -2.111  -3.114  -3.81  -3.115  0.691  0.865  0.174  -0.574  -1.186  -1.3  1.315  1.407  1.424  2.363  2.106  2.067  -1.326  -1.941  -2.043  0.553  0.649  0.096  0.103  0.123  0.02  0.609  0.718  0.112  0.254  0.292  0.038  58.0
1.171  1.108  34.566  -3.06  -3.761  -3.94  -2.208  -3.228  -3.935  -3.228  0.701  0.88  0.179  -0.574  -1.186  -1.3  1.315  1.407  1.424  2.363  2.106  2.067  -1.326  -1.941  -2.043  0.553  0.649  0.096  0.103  0.123  0.02  0.609  0.718  0.112  0.254  0.292  0.038  58.0
1.171  1.107  36.784  -3.169  -3.88  -4.065  -2.304  -3.342  -4.059  -3.34  0.711  0.896  0.185  -0.574  -1.186  -1.3  1.308  1.395  1.412  2.333  2.038  1.991  -1.326  -1.941  -2.043  0.553  0.649  0.096  0.098  0.117  0.019  0.609  0.717  0.112  0.254  0.292  0.038  60.0
1.171  1.106  39.197  -3.277  -3.999  -4.19  -2.398  -3.456  -4.185  -3.451  0.722  0.913  0.191  -0.574  -1.186  -1.3  1.308  1.395  1.412  2.333  2.038  1.991  -1.326  -1.941  -2.043  0.553  0.649  0.096  0.098  0.117  0.019  0.609  0.717  0.112  0.254  0.292  0.038  60.0
1.171  1.104  42.224  -3.39  -4.131  -4.331  -2.49  -3.578  -4.325  -3.569  0.741  0.941  0.2  -0.574  -1.186  -1.3  1.308  1.395  1.412  2.333  2.038  1.991  -1.326  -1.941  -2.043  0.553  0.649  0.096  0.098  0.117  0.019  0.609  0.717  0.112  0.254  0.292  0.038  60.0
1.171  1.102  45.243  -3.502  -4.257  -4.464  -2.582  -3.696  -4.459  -3.684  0.755  0.962  0.207  -0.574  -1.186  -1.3  1.284  1.37  1.386  2.333  2.038  1.991  -1.326  -1.941  -2.043  0.553  0.65  0.096  0.097  0.116  0.019  0.609  0.717  0.112  0.254  0.292  0.038  60.0
1.172  1.099  48.345  -3.614  -4.38  -4.594  -2.678  -3.813  -4.588  -3.799  0.766  0.98  0.214  -0.523  -1.132  -1.245  1.298  1.385  1.402  2.333  2.04  1.993  -1.442  -2.066  -2.17  0.553  0.649  0.096  0.099  0.118  0.019  0.61  0.722  0.112  0.254  0.292  0.038  59.0
1.172  1.097  51.518  -3.723  -4.5  -4.72  -2.772  -3.928  -4.714  -3.911  0.777  0.997  0.22  -0.514  -1.123  -1.236  1.289  1.375  1.392  2.333  2.038  1.991  -1.442  -2.066  -2.17  0.553  0.65  0.096  0.098  0.117  0.019  0.609  0.722  0.112  0.254  0.292  0.038  60.0
1.172  1.094  55.012  -3.834  -4.622  -4.849  -2.867  -4.045  -4.843  -4.025  0.788  1.015  0.227  -0.514  -1.123  -1.236  1.289  1.375  1.392  2.333  2.038  1.991  -1.442  -2.066  -2.17  0.553  0.65  0.096  0.098  0.117  0.019  0.609  0.722  0.112  0.254  0.292  0.038  60.0
1.172  1.09  58.838  -3.95  -4.748  -4.982  -2.964  -4.165  -4.975  -4.144  0.798  1.032  0.234  -0.523  -1.132  -1.245  1.298  1.384  1.401  2.333  2.036  1.988  -1.442  -2.066  -2.17  0.553  0.65  0.096  0.098  0.117  0.019  0.609  0.722  0.112  0.254  0.292  0.038  61.0
1.172  1.086  63.017  -4.067  -4.876  -5.117  -3.062  -4.288  -5.111  -4.264  0.809  1.05  0.241  -0.523  -1.132  -1.245  1.298  1.384  1.401  2.333  2.036  1.988  -1.442  -2.066  -2.17  0.553  0.65  0.096  0.098  0.117  0.019  0.609  0.722  0.112  0.254  0.292  0.038  61.0
1.172  1.083  67.105  -4.174  -4.992  -5.24  -3.149  -4.4  -5.233  -4.373  0.818  1.066  0.248  -0.523  -1.132  -1.245  1.298  1.384  1.401  2.333  2.036  1.988  -1.442  -2.066  -2.17  0.553  0.65  0.096  0.098  0.117  0.019  0.609  0.722  0.112  0.254  0.292  0.038  61.0
1.172  1.081  71.327  -4.278  -5.105  -5.359  -3.232  -4.508  -5.352  -4.48  0.827  1.081  0.254  -0.523  -1.132  -1.245  1.298  1.384  1.401  2.333  2.036  1.988  -1.442  -2.066  -2.17  0.553  0.65  0.096  0.098  0.117  0.019  0.609  0.722  0.112  0.254  0.292  0.038  61.0
1.172  1.078  76.06  -4.387  -5.223  -5.484  -3.317  -4.622  -5.477  -4.591  0.836  1.097  0.261  -0.523  -1.132  -1.245  1.298  1.384  1.401  2.333  2.036  1.988  -1.442  -2.066  -2.17  0.553  0.65  0.096  0.098  0.117  0.019  0.609  0.722  0.112  0.254  0.292  0.038  61.0
1.172  1.075  81.181  -4.497  -5.342  -5.611  -3.4  -4.736  -5.604  -4.704  0.845  1.114  0.269  -0.523  -1.132  -1.245  1.298  1.384  1.401  2.333  2.036  1.988  -1.442  -2.066  -2.17  0.553  0.65  0.096  0.098  0.117  0.019  0.609  0.722  0.112  0.254  0.292  0.038  61.0
1.172  1.072  86.448  -4.602  -5.457  -5.733  -3.476  -4.846  -5.725  -4.811  0.855  1.131  0.276  -0.523  -1.132  -1.245  1.298  1.384  1.401  2.333  2.036  1.988  -1.442  -2.066  -2.17  0.553  0.65  0.096  0.098  0.117  0.019  0.609  0.722  0.112  0.254  0.292  0.038  61.0
1.172  1.068  92.057  -4.708  -5.571  -5.855  -3.549  -4.956  -5.847  -4.919  0.863  1.147  0.284  -0.574  -1.186  -1.3  1.309  1.395  1.412  2.333  2.038  1.991  -1.442  -2.066  -2.17  0.553  0.65  0.096  0.098  0.117  0.019  0.609  0.722  0.112  0.254  0.292  0.038  60.0
1.172  1.063  98.436  -4.82  -5.691  -5.983  -3.618  -5.071  -5.975  -5.034  0.871  1.163  0.292  -0.574  -1.186  -1.3  1.309  1.395  1.412  2.333  2.038  1.991  -1.442  -2.066  -2.17  0.553  0.65  0.096  0.098  0.117  0.019  0.609  0.722  0.112  0.254  0.292  0.038  60.0
1.172  1.057  105.404  -4.934  -5.813  -6.115  -3.685  -5.189  -6.106  -5.15  0.879  1.181  0.302  -0.574  -1.186  -1.3  1.309  1.395  1.412  2.333  2.038  1.991  -1.442  -2.066  -2.17  0.553  0.65  0.096  0.098  0.117  0.019  0.609  0.722  0.112  0.254  0.292  0.038  60.0
1.172  1.048  112.552  -5.044  -5.93  -6.241  -3.736  -5.302  -6.232  -5.262  0.886  1.197  0.311  -0.574  -1.186  -1.3  1.309  1.395  1.412  2.333  2.038  1.991  -1.442  -2.066  -2.17  0.553  0.65  0.096  0.098  0.117  0.019  0.609  0.722  0.112  0.254  0.292  0.038  60.0
1.172  1.041  116.588  -5.101  -5.99  -6.307  -3.759  -5.36  -6.297  -5.32  0.889  1.206  0.317  -0.574  -1.186  -1.3  1.309  1.395  1.412  2.333  2.038  1.991  -1.442  -2.066  -2.17  0.553  0.65  0.096  0.098  0.117  0.019  0.609  0.722  0.112  0.254  0.292  0.038  60.0
1.172  1.038  119.002  -5.136  -6.027  -6.347  -3.772  -5.396  -6.337  -5.355  0.891  1.211  0.32  -0.574  -1.186  -1.3  1.309  1.395  1.412  2.333  2.038  1.991  -1.442  -2.066  -2.17  0.553  0.65  0.096  0.098  0.117  0.019  0.609  0.722  0.112  0.254  0.292  0.038  60.0
1.172  1.037  119.552  -5.142  -6.034  -6.355  -3.77  -5.403  -6.345  -5.361  0.892  1.213  0.321  -0.574  -1.186  -1.3  1.309  1.395  1.412  2.333  2.038  1.991  -1.442  -2.066  -2.17  0.553  0.65  0.096  0.098  0.117  0.019  0.609  0.722  0.112  0.254  0.292  0.038  60.0
1.172  1.035  123.156  -5.191  -6.086  -6.411  -3.783  -5.452  -6.401  -5.411  0.895  1.22  0.325  -0.574  -1.186  -1.3  1.309  1.395  1.412  2.333  2.038  1.991  -1.442  -2.066  -2.17  0.553  0.65  0.096  0.098  0.117  0.019  0.609  0.722  0.112  0.254  0.292  0.038  60.0
1.172  1.035  128.545  -5.263  -6.16  -6.492  -3.801  -5.524  -6.482  -5.484  0.897  1.229  0.332  -0.574  -1.186  -1.3  1.309  1.395  1.412  2.333  2.038  1.991  -1.442  -2.066  -2.17  0.553  0.65  0.096  0.098  0.117  0.019  0.609  0.722  0.112  0.254  0.292  0.038  60.0
1.172  1.034  116.186  -5.093  -5.983  -6.299  -3.751  -5.353  -6.29  -5.312  0.89  1.206  0.316  -0.574  -1.186  -1.3  1.309  1.395  1.412  2.333  2.038  1.991  -1.442  -2.066  -2.17  0.553  0.65  0.096  0.098  0.117  0.019  0.609  0.722  0.112  0.254  0.292  0.038  60.0
1.172  1.034  114.645  -5.072  -5.96  -6.275  -3.74  -5.331  -6.266  -5.29  0.888  1.203  0.315  -0.574  -1.186  -1.3  1.309  1.395  1.412  2.333  2.038  1.991  -1.442  -2.066  -2.17  0.553  0.65  0.096  0.098  0.117  0.019  0.609  0.722  0.112  0.254  0.292  0.038  60.0
1.172  1.034  117.046  -5.108  -5.998  -6.316  -3.758  -5.367  -6.306  -5.327  0.89  1.208  0.318  -0.574  -1.186  -1.3  1.309  1.395  1.412  2.333  2.038  1.991  -1.442  -2.066  -2.17  0.553  0.65  0.096  0.098  0.117  0.019  0.609  0.722  0.112  0.254  0.292  0.038  60.0
1.172  1.033  122.646  -5.184  -6.078  -6.403  -3.783  -5.445  -6.393  -5.404  0.894  1.219  0.325  -0.574  -1.186  -1.3  1.309  1.395  1.412  2.333  2.038  1.991  -1.442  -2.066  -2.17  0.553  0.65  0.096  0.098  0.117  0.019  0.609  0.722  0.112  0.254  0.292  0.038  60.0
1.172  1.032  127.279  -5.247  -6.143  -6.474  -3.799  -5.508  -6.464  -5.467  0.896  1.227  0.331  -0.574  -1.186  -1.3  1.309  1.395  1.412  2.333  2.038  1.991  -1.442  -2.066  -2.17  0.553  0.65  0.096  0.098  0.117  0.019  0.609  0.722  0.112  0.254  0.292  0.038  60.0
1.172  1.032  131.933  -5.307  -6.206  -6.543  -3.813  -5.569  -6.532  -5.528  0.899  1.236  0.337  -0.574  -1.186  -1.3  1.309  1.395  1.412  2.333  2.038  1.991  -1.442  -2.066  -2.17  0.553  0.65  0.096  0.098  0.117  0.019  0.609  0.722  0.112  0.254  0.292  0.038  60.0
1.172  1.031  136.979  -5.37  -6.272  -6.615  -3.82  -5.632  -6.604  -5.592  0.902  1.245  0.343  -0.574  -1.186  -1.3  1.309  1.395  1.412  2.333  2.038  1.991  -1.442  -2.066  -2.17  0.553  0.65  0.096  0.098  0.117  0.019  0.609  0.722  0.112  0.254  0.292  0.038  60.0
1.172  1.03  141.467  -5.424  -6.329  -6.677  -3.817  -5.686  -6.665  -5.647  0.905  1.253  0.348  -0.574  -1.186  -1.3  1.309  1.395  1.412  2.333  2.038  1.991  -1.442  -2.066  -2.17  0.553  0.65  0.096  0.098  0.117  0.019  0.609  0.722  0.112  0.254  0.292  0.038  60.0
1.172  1.029  147.964  -5.496  -6.404  -6.759  -3.811  -5.757  -6.747  -5.72  0.908  1.263  0.355  -0.574  -1.186  -1.3  1.309  1.395  1.412  2.333  2.038  1.991  -1.442  -2.066  -2.17  0.553  0.65  0.096  0.098  0.117  0.019  0.609  0.722  0.112  0.254  0.292  0.038  60.0
1.172  1.027  155.401  -5.578  -6.489  -6.852  -3.803  -5.838  -6.839  -5.803  0.911  1.274  0.363  -0.574  -1.186  -1.3  1.309  1.395  1.412  2.333  2.038  1.991  -1.442  -2.066  -2.17  0.553  0.65  0.096  0.098  0.117  0.019  0.609  0.722  0.112  0.254  0.292  0.038  60.0
1.172  1.024  163.627  -5.661  -6.575  -6.947  -3.791  -5.92  -6.933  -5.886  0.914  1.286  0.372  -0.574  -1.186  -1.3  1.309  1.395  1.412  2.333  2.038  1.991  -1.442  -2.066  -2.17  0.553  0.65  0.096  0.098  0.117  0.019  0.609  0.722  0.112  0.254  0.292  0.038  60.0
1.172  1.02  172.169  -5.744  -6.662  -7.042  -3.768  -6.0  -7.026  -5.971  0.918  1.298  0.38  -0.505  -1.114  -1.228  1.304  1.389  1.406  2.333  2.036  1.988  -1.442  -2.066  -2.17  0.553  0.65  0.096  0.098  0.117  0.019  0.609  0.722  0.112  0.254  0.292  0.038  61.0
1.172  1.017  174.805  -5.768  -6.686  -7.069  -3.761  -6.023  -7.053  -5.995  0.918  1.301  0.383  -0.505  -1.114  -1.228  1.304  1.389  1.406  2.333  2.036  1.988  -1.442  -2.066  -2.17  0.553  0.65  0.096  0.098  0.117  0.019  0.609  0.722  0.112  0.254  0.292  0.038  61.0
1.172  1.017  174.805  -5.768  -6.686  -7.069  -3.761  -6.023  -7.053  -5.995  0.918  1.301  0.383  -0.505  -1.114  -1.228  1.304  1.389  1.406  2.333  2.036  1.988  -1.442  -2.066  -2.17  0.553  0.65  0.096  0.098  0.117  0.019  0.609  0.722  0.112  0.254  0.292  0.038  61.0
1.172  1.017  112.035  -5.02  -5.909  -6.224  -3.688  -5.28  -6.214  -5.239  0.889  1.204  0.315  -0.505  -1.114  -1.228  1.304  1.389  1.406  2.333  2.036  1.988  -1.442  -2.066  -2.17  0.553  0.65  0.096  0.098  0.117  0.019  0.609  0.722  0.112  0.254  0.292  0.038  61.0
1.172  1.016  67.074  -4.174  -4.991  -5.239  -3.15  -4.399  -5.233  -4.373  0.817  1.065  0.248  -0.505  -1.114  -1.228  1.304  1.389  1.406  2.333  2.036  1.988  -1.442  -2.066  -2.17  0.553  0.65  0.096  0.098  0.117  0.019  0.609  0.722  0.112  0.254  0.292  0.038  61.0
1.172  1.015  69.559  -4.233  -5.056  -5.309  -3.193  -4.461  -5.303  -4.434  0.823  1.076  0.253  -0.505  -1.114  -1.228  1.304  1.389  1.406  2.333  2.036  1.988  -1.442  -2.066  -2.17  0.553  0.65  0.096  0.098  0.117  0.019  0.609  0.722  0.112  0.254  0.292  0.038  61.0
1.172  1.013  86.19  -4.581  -5.44  -5.719  -3.44  -4.827  -5.712  -4.791  0.859  1.138  0.279  -0.505  -1.114  -1.228  1.304  1.389  1.406  2.333  2.036  1.988  -1.442  -2.066  -2.17  0.553  0.65  0.096  0.098  0.117  0.019  0.609  0.722  0.112  0.254  0.292  0.038  61.0
1.172  1.011  113.987  -5.045  -5.937  -6.255  -3.69  -5.305  -6.245  -5.264  0.892  1.21  0.318  -0.505  -1.114  -1.228  1.304  1.389  1.406  2.333  2.036  1.988  -1.442  -2.066  -2.17  0.553  0.65  0.096  0.098  0.117  0.019  0.609  0.722  0.112  0.254  0.292  0.038  61.0
1.172  1.009  144.097  -5.435  -6.344  -6.7  -3.739  -5.697  -6.688  -5.659  0.909  1.265  0.356  -0.505  -1.114  -1.228  1.304  1.389  1.406  2.333  2.036  1.988  -1.442  -2.066  -2.17  0.553  0.65  0.096  0.098  0.117  0.019  0.609  0.722  0.112  0.254  0.292  0.038  61.0
1.172  1.007  167.709  -5.687  -6.605  -6.984  -3.718  -5.943  -6.968  -5.914  0.918  1.297  0.379  -0.505  -1.114  -1.228  1.304  1.389  1.406  2.333  2.036  1.988  -1.442  -2.066  -2.17  0.553  0.65  0.096  0.098  0.117  0.019  0.609  0.722  0.112  0.254  0.292  0.038  61.0
1.172  1.004  181.616  -5.818  -6.741  -7.131  -3.698  -6.07  -7.113  -6.046  0.923  1.313  0.39  -0.505  -1.114  -1.228  1.304  1.389  1.406  2.333  2.036  1.988  -1.442  -2.066  -2.17  0.553  0.65  0.096  0.098  0.117  0.019  0.609  0.722  0.112  0.254  0.292  0.038  61.0
1.172  1.001  188.693  -5.878  -6.803  -7.2  -3.681  -6.127  -7.18  -6.106  0.925  1.322  0.397  -0.505  -1.114  -1.228  1.304  1.389  1.406  2.333  2.036  1.988  -1.442  -2.066  -2.17  0.553  0.65  0.096  0.098  0.117  0.019  0.609  0.722  0.112  0.254  0.292  0.038  61.0
1.172  0.997  192.733  -5.911  -6.838  -7.238  -3.67  -6.159  -7.217  -6.14  0.927  1.327  0.4  -0.505  -1.114  -1.228  1.304  1.389  1.406  2.333  2.036  1.988  -1.442  -2.066  -2.17  0.553  0.65  0.096  0.098  0.117  0.019  0.609  0.722  0.112  0.254  0.292  0.038  61.0
1.172  0.996  101.521  -4.839  -5.723  -6.027  -3.565  -5.097  -6.019  -5.056  0.884  1.188  0.304  -0.505  -1.114  -1.228  1.304  1.389  1.406  2.333  2.036  1.988  -1.442  -2.066  -2.17  0.553  0.65  0.096  0.098  0.117  0.019  0.609  0.722  0.112  0.254  0.292  0.038  61.0
1.172  0.995  74.38  -4.325  -5.166  -5.43  -3.246  -4.563  -5.423  -4.53  0.841  1.105  0.264  -0.505  -1.114  -1.228  1.304  1.389  1.406  2.333  2.036  1.988  -1.442  -2.066  -2.17  0.553  0.65  0.096  0.098  0.117  0.019  0.609  0.722  0.112  0.254  0.292  0.038  61.0
1.172  0.994  77.065  -4.382  -5.228  -5.497  -3.284  -4.622  -5.489  -4.589  0.846  1.115  0.269  -0.505  -1.114  -1.228  1.304  1.389  1.406  2.333  2.036  1.988  -1.442  -2.066  -2.17  0.553  0.65  0.096  0.098  0.117  0.019  0.609  0.722  0.112  0.254  0.292  0.038  61.0
1.172  0.992  94.941  -4.725  -5.602  -5.897  -3.502  -4.98  -5.889  -4.94  0.877  1.172  0.295  -0.505  -1.114  -1.228  1.304  1.389  1.406  2.333  2.036  1.988  -1.442  -2.066  -2.17  0.553  0.65  0.096  0.098  0.117  0.019  0.609  0.722  0.112  0.254  0.292  0.038  61.0
1.172  0.989  124.754  -5.182  -6.084  -6.42  -3.679  -5.445  -6.409  -5.404  0.902  1.238  0.336  -0.505  -1.114  -1.228  1.304  1.389  1.406  2.333  2.036  1.988  -1.442  -2.066  -2.17  0.553  0.65  0.096  0.098  0.117  0.019  0.609  0.722  0.112  0.254  0.292  0.038  61.0
1.172  0.986  156.803  -5.562  -6.478  -6.849  -3.672  -5.819  -6.834  -5.788  0.916  1.287  0.371  -0.505  -1.114  -1.228  1.304  1.389  1.406  2.333  2.036  1.988  -1.442  -2.066  -2.17  0.553  0.65  0.096  0.098  0.117  0.019  0.609  0.722  0.112  0.254  0.292  0.038  61.0
1.172  0.983  181.449  -5.803  -6.727  -7.121  -3.643  -6.054  -7.101  -6.031  0.924  1.318  0.394  -0.505  -1.114  -1.228  1.304  1.389  1.406  2.333  2.036  1.988  -1.442  -2.066  -2.17  0.553  0.65  0.096  0.098  0.117  0.019  0.609  0.722  0.112  0.254  0.292  0.038  61.0
1.172  0.979  195.369  -5.924  -6.852  -7.255  -3.641  -6.169  -7.232  -6.153  0.928  1.331  0.403  -0.505  -1.114  -1.228  1.304  1.389  1.406  2.333  2.036  1.988  -1.442  -2.066  -2.17  0.553  0.65  0.096  0.098  0.117  0.019  0.609  0.722  0.112  0.254  0.292  0.038  61.0
1.172  0.975  201.491  -5.975  -6.905  -7.312  -3.641  -6.216  -7.287  -6.205  0.93  1.337  0.407  -0.505  -1.114  -1.228  1.304  1.389  1.406  2.333  2.036  1.988  -1.442  -2.066  -2.17  0.553  0.65  0.096  0.098  0.117  0.019  0.609  0.722  0.112  0.254  0.292  0.038  61.0
1.172  0.97  204.765  -5.998  -6.929  -7.338  -3.636  -6.238  -7.312  -6.228  0.931  1.34  0.409  -0.505  -1.114  -1.228  1.304  1.389  1.406  2.333  2.036  1.988  -1.442  -2.066  -2.17  0.553  0.65  0.096  0.098  0.117  0.019  0.609  0.722  0.112  0.254  0.292  0.038  61.0
1.172  0.969  109.108  -4.95  -5.843  -6.16  -3.596  -5.211  -6.15  -5.17  0.893  1.21  0.317  -0.505  -1.114  -1.228  1.304  1.389  1.406  2.333  2.036  1.988  -1.442  -2.066  -2.17  0.553  0.65  0.096  0.098  0.117  0.019  0.609  0.722  0.112  0.254  0.292  0.038  61.0
1.172  0.967  79.883  -4.432  -5.286  -5.561  -3.309  -4.676  -5.554  -4.641  0.854  1.129  0.275  -0.505  -1.114  -1.228  1.304  1.389  1.406  2.333  2.036  1.988  -1.442  -2.066  -2.17  0.553  0.65  0.096  0.098  0.117  0.019  0.609  0.722  0.112  0.254  0.292  0.038  61.0
1.172  0.965  82.671  -4.488  -5.348  -5.627  -3.346  -4.734  -5.62  -4.699  0.86  1.139  0.279  -0.505  -1.114  -1.228  1.304  1.389  1.406  2.333  2.036  1.988  -1.442  -2.066  -2.17  0.553  0.65  0.096  0.098  0.117  0.019  0.609  0.722  0.112  0.254  0.292  0.038  61.0
1.172  0.963  101.614  -4.83  -5.716  -6.023  -3.536  -5.088  -6.014  -5.048  0.886  1.193  0.307  -0.505  -1.114  -1.228  1.304  1.389  1.406  2.333  2.036  1.988  -1.442  -2.066  -2.17  0.553  0.65  0.096  0.098  0.117  0.019  0.609  0.722  0.112  0.254  0.292  0.038  61.0
1.172  0.959  133.216  -5.28  -6.188  -6.537  -3.637  -5.542  -6.526  -5.504  0.908  1.257  0.349  -0.505  -1.114  -1.228  1.304  1.389  1.406  2.333  2.036  1.988  -1.442  -2.066  -2.17  0.553  0.65  0.096  0.098  0.117  0.019  0.609  0.722  0.112  0.254  0.292  0.038  61.0
1.172  0.956  166.861  -5.653  -6.574  -6.959  -3.608  -5.907  -6.941  -5.88  0.921  1.306  0.385  -0.505  -1.114  -1.228  1.304  1.389  1.406  2.333  2.036  1.988  -1.442  -2.066  -2.17  0.553  0.65  0.096  0.098  0.117  0.019  0.609  0.722  0.112  0.254  0.292  0.038  61.0
1.172  0.951  192.644  -5.89  -6.819  -7.222  -3.596  -6.134  -7.199  -6.12  0.929  1.332  0.403  -0.505  -1.114  -1.228  1.304  1.389  1.406  2.333  2.036  1.988  -1.442  -2.066  -2.17  0.553  0.65  0.096  0.098  0.117  0.019  0.609  0.722  0.112  0.254  0.292  0.038  61.0
1.172  0.946  207.183  -6.008  -6.941  -7.353  -3.602  -6.245  -7.326  -6.239  0.933  1.345  0.412  -0.505  -1.114  -1.228  1.304  1.389  1.406  2.333  2.036  1.988  -1.442  -2.066  -2.17  0.553  0.65  0.096  0.098  0.117  0.019  0.609  0.722  0.112  0.254  0.292  0.038  61.0
1.172  0.94  213.676  -6.057  -6.99  -7.406  -3.608  -6.289  -7.376  -6.288  0.933  1.349  0.416  -0.505  -1.114  -1.228  1.304  1.389  1.406  2.333  2.036  1.988  -1.442  -2.066  -2.17  0.553  0.65  0.096  0.098  0.117  0.019  0.609  0.722  0.112  0.254  0.292  0.038  61.0
1.172  0.934  216.698  -6.079  -7.012  -7.43  -3.608  -6.309  -7.399  -6.31  0.933  1.351  0.418  -0.505  -1.114  -1.228  1.304  1.389  1.406  2.333  2.036  1.988  -1.442  -2.066  -2.17  0.553  0.65  0.096  0.098  0.117  0.019  0.609  0.722  0.112  0.254  0.292  0.038  61.0
1.172  0.932  117.1  -5.061  -5.96  -6.291  -3.598  -5.323  -6.28  -5.282  0.899  1.23  0.331  -0.505  -1.114  -1.228  1.304  1.389  1.406  2.333  2.036  1.988  -1.442  -2.066  -2.17  0.553  0.65  0.096  0.098  0.117  0.019  0.609  0.722  0.112  0.254  0.292  0.038  61.0
1.172  0.93  85.537  -4.539  -5.406  -5.691  -3.369  -4.789  -5.683  -4.752  0.867  1.152  0.285  -0.505  -1.114  -1.228  1.304  1.389  1.406  2.333  2.036  1.988  -1.442  -2.066  -2.17  0.553  0.65  0.096  0.098  0.117  0.019  0.609  0.722  0.112  0.254  0.292  0.038  61.0
1.172  0.927  88.706  -4.597  -5.468  -5.759  -3.401  -4.849  -5.751  -4.811  0.871  1.162  0.291  -0.505  -1.114  -1.228  1.304  1.389  1.406  2.333  2.036  1.988  -1.442  -2.066  -2.17  0.553  0.65  0.096  0.098  0.117  0.019  0.609  0.722  0.112  0.254  0.292  0.038  61.0
1.172  0.923  108.982  -4.938  -5.832  -6.152  -3.559  -5.199  -6.142  -5.158  0.894  1.214  0.32  -0.505  -1.114  -1.228  1.304  1.389  1.406  2.333  2.036  1.988  -1.442  -2.066  -2.17  0.553  0.65  0.096  0.098  0.117  0.019  0.609  0.722  0.112  0.254  0.292  0.038  61.0
1.172  0.919  142.579  -5.382  -6.295  -6.659  -3.582  -5.642  -6.646  -5.607  0.913  1.277  0.364  -0.505  -1.114  -1.228  1.304  1.389  1.406  2.333  2.036  1.988  -1.442  -2.066  -2.17  0.553  0.65  0.096  0.098  0.117  0.019  0.609  0.722  0.112  0.254  0.292  0.038  61.0
1.172  0.913  178.507  -5.75  -6.677  -7.075  -3.529  -5.999  -7.054  -5.979  0.927  1.325  0.398  -0.505  -1.114  -1.228  1.304  1.389  1.406  2.333  2.036  1.988  -1.442  -2.066  -2.17  0.553  0.65  0.096  0.098  0.117  0.019  0.609  0.722  0.112  0.254  0.292  0.038  61.0
1.172  0.907  206.232  -5.984  -6.917  -7.332  -3.548  -6.218  -7.302  -6.215  0.933  1.348  0.415  -0.505  -1.114  -1.228  1.304  1.389  1.406  2.333  2.036  1.988  -1.442  -2.066  -2.17  0.553  0.65  0.096  0.098  0.117  0.019  0.609  0.722  0.112  0.254  0.292  0.038  61.0
1.172  0.899  222.206  -6.102  -7.037  -7.459  -3.565  -6.325  -7.424  -6.333  0.935  1.357  0.422  -0.505  -1.114  -1.228  1.304  1.389  1.406  2.333  2.036  1.988  -1.442  -2.066  -2.17  0.553  0.65  0.096  0.098  0.117  0.019  0.609  0.722  0.112  0.254  0.292  0.038  61.0
1.172  0.891  229.485  -6.152  -7.089  -7.514  -3.569  -6.37  -7.477  -6.384  0.937  1.362  0.425  -0.505  -1.114  -1.228  1.304  1.389  1.406  2.333  2.036  1.988  -1.442  -2.066  -2.17  0.553  0.65  0.096  0.098  0.117  0.019  0.609  0.722  0.112  0.254  0.292  0.038  61.0
1.172  0.882  233.429  -6.177  -7.114  -7.542  -3.567  -6.392  -7.502  -6.409  0.937  1.365  0.428  -0.505  -1.114  -1.228  1.304  1.389  1.406  2.333  2.036  1.988  -1.442  -2.066  -2.17  0.553  0.65  0.096  0.098  0.117  0.019  0.609  0.722  0.112  0.254  0.292  0.038  61.0
1.172  0.88  128.161  -5.196  -6.103  -6.453  -3.55  -5.457  -6.442  -5.419  0.907  1.257  0.35  -0.505  -1.114  -1.228  1.304  1.389  1.406  2.333  2.036  1.988  -1.442  -2.066  -2.17  0.553  0.65  0.096  0.098  0.117  0.019  0.609  0.722  0.112  0.254  0.292  0.038  61.0
1.172  0.877  93.273  -4.671  -5.551  -5.851  -3.425  -4.927  -5.843  -4.887  0.88  1.18  0.3  -0.505  -1.114  -1.228  1.304  1.389  1.406  2.333  2.036  1.988  -1.442  -2.066  -2.17  0.553  0.65  0.096  0.098  0.117  0.019  0.609  0.722  0.112  0.254  0.292  0.038  61.0
1.172  0.872  96.773  -4.73  -5.614  -5.92  -3.449  -4.987  -5.911  -4.947  0.884  1.19  0.306  -0.505  -1.114  -1.228  1.304  1.389  1.406  2.333  2.036  1.988  -1.442  -2.066  -2.17  0.553  0.65  0.096  0.098  0.117  0.019  0.609  0.722  0.112  0.254  0.292  0.038  61.0
1.172  0.867  118.838  -5.067  -5.969  -6.308  -3.544  -5.329  -6.297  -5.289  0.902  1.241  0.339  -0.505  -1.114  -1.228  1.304  1.389  1.406  2.333  2.036  1.988  -1.442  -2.066  -2.17  0.553  0.65  0.096  0.098  0.117  0.019  0.609  0.722  0.112  0.254  0.292  0.038  61.0
1.172  0.86  155.044  -5.502  -6.422  -6.804  -3.484  -5.757  -6.788  -5.729  0.92  1.302  0.382  -0.505  -1.114  -1.228  1.304  1.389  1.406  2.333  2.036  1.988  -1.442  -2.066  -2.17  0.553  0.65  0.096  0.098  0.117  0.019  0.609  0.722  0.112  0.254  0.292  0.038  61.0
1.172  0.851  193.801  -5.862  -6.795  -7.207  -3.458  -6.099  -7.179  -6.093  0.933  1.345  0.412  -0.505  -1.114  -1.228  1.304  1.389  1.406  2.333  2.036  1.988  -1.442  -2.066  -2.17  0.553  0.65  0.096  0.098  0.117  0.019  0.609  0.722  0.112  0.254  0.292  0.038  61.0
1.172  0.842  223.797  -6.089  -7.026  -7.453  -3.496  -6.306  -7.414  -6.321  0.937  1.364  0.427  -0.505  -1.114  -1.228  1.304  1.389  1.406  2.333  2.036  1.988  -1.442  -2.066  -2.17  0.553  0.65  0.096  0.098  0.117  0.019  0.609  0.722  0.112  0.254  0.292  0.038  61.0
1.172  0.831  240.799  -6.203  -7.143  -7.579  -3.512  -6.409  -7.534  -6.436  0.94  1.376  0.436  -0.505  -1.114  -1.228  1.304  1.389  1.406  2.333  2.036  1.988  -1.442  -2.066  -2.17  0.553  0.65  0.096  0.098  0.117  0.019  0.609  0.722  0.112  0.254  0.292  0.038  61.0
1.172  0.819  248.803  -6.252  -7.192  -7.633  -3.517  -6.451  -7.584  -6.485  0.94  1.381  0.441  -0.505  -1.114  -1.228  1.304  1.389  1.406  2.333  2.036  1.988  -1.442  -2.066  -2.17  0.553  0.65  0.096  0.098  0.117  0.019  0.609  0.722  0.112  0.254  0.292  0.038  61.0
1.172  0.806  253.078  -6.275  -7.216  -7.658  -3.518  -6.471  -7.608  -6.508  0.941  1.383  0.442  -0.505  -1.114  -1.228  1.304  1.389  1.406  2.333  2.036  1.988  -1.442  -2.066  -2.17  0.553  0.65  0.096  0.098  0.117  0.019  0.609  0.722  0.112  0.254  0.292  0.038  61.0
1.172  0.802  140.687  -5.335  -6.25  -6.62  -3.474  -5.594  -6.606  -5.561  0.915  1.285  0.37  -0.505  -1.114  -1.228  1.304  1.389  1.406  2.333  2.036  1.988  -1.442  -2.066  -2.17  0.553  0.65  0.096  0.098  0.117  0.019  0.609  0.722  0.112  0.254  0.292  0.038  61.0
1.172  0.797  101.661  -4.807  -5.696  -6.012  -3.47  -5.066  -6.002  -5.026  0.889  1.205  0.316  -0.505  -1.114  -1.228  1.304  1.389  1.406  2.333  2.036  1.988  -1.442  -2.066  -2.17  0.553  0.65  0.096  0.098  0.117  0.019  0.609  0.722  0.112  0.254  0.292  0.038  61.0
1.172  0.789  105.258  -4.864  -5.756  -6.078  -3.489  -5.125  -6.068  -5.083  0.892  1.214  0.322  -0.505  -1.114  -1.228  1.304  1.389  1.406  2.333  2.036  1.988  -1.442  -2.066  -2.17  0.553  0.65  0.096  0.098  0.117  0.019  0.609  0.722  0.112  0.254  0.292  0.038  61.0
1.172  0.78  128.871  -5.193  -6.102  -6.459  -3.495  -5.455  -6.447  -5.417  0.909  1.266  0.357  -0.505  -1.114  -1.228  1.304  1.389  1.406  2.333  2.036  1.988  -1.442  -2.066  -2.17  0.553  0.65  0.096  0.098  0.117  0.019  0.609  0.722  0.112  0.254  0.292  0.038  61.0
1.172  0.768  167.593  -5.617  -6.543  -6.942  -3.405  -5.866  -6.922  -5.846  0.926  1.325  0.399  -0.505  -1.114  -1.228  1.304  1.389  1.406  2.333  2.036  1.988  -1.442  -2.066  -2.17  0.553  0.65  0.096  0.098  0.117  0.019  0.609  0.722  0.112  0.254  0.292  0.038  61.0
1.172  0.754  208.428  -5.963  -6.9  -7.326  -3.424  -6.188  -7.291  -6.195  0.937  1.363  0.426  -0.505  -1.114  -1.228  1.304  1.389  1.406  2.333  2.036  1.988  -1.442  -2.066  -2.17  0.553  0.65  0.096  0.098  0.117  0.019  0.609  0.722  0.112  0.254  0.292  0.038  61.0
1.172  0.739  239.362  -6.177  -7.12  -7.564  -3.462  -6.384  -7.519  -6.41  0.943  1.387  0.444  -0.505  -1.114  -1.228  1.304  1.389  1.406  2.333  2.036  1.988  -1.442  -2.066  -2.17  0.553  0.65  0.096  0.098  0.117  0.019  0.609  0.722  0.112  0.254  0.292  0.038  61.0
1.172  0.721  255.479  -6.278  -7.224  -7.677  -3.492  -6.475  -7.627  -6.512  0.946  1.399  0.453  -0.505  -1.114  -1.228  1.304  1.389  1.406  2.333  2.036  1.988  -1.442  -2.066  -2.17  0.553  0.65  0.096  0.098  0.117  0.019  0.609  0.722  0.112  0.254  0.292  0.038  61.0
1.172  0.702  260.889  -6.313  -7.261  -7.721  -3.511  -6.51  -7.671  -6.548  0.948  1.408  0.46  -0.505  -1.114  -1.228  1.304  1.389  1.406  2.333  2.036  1.988  -1.442  -2.066  -2.17  0.553  0.65  0.096  0.098  0.117  0.019  0.609  0.722  0.112  0.254  0.292  0.038  61.0
1.172  0.682  261.37  -6.318  -7.271  -7.737  -3.525  -6.522  -7.689  -6.554  0.953  1.419  0.466  -0.505  -1.114  -1.228  1.304  1.389  1.406  2.333  2.036  1.988  -1.442  -2.066  -2.17  0.553  0.65  0.096  0.098  0.117  0.019  0.609  0.722  0.112  0.254  0.292  0.038  61.0
