# Combined PARSEC isochrone (>= 0.09 Msun) and Baraffe et al. 2003, A&A, 402, 701's isochrone (M <= 0.08 Msun)
# References for the PARSEC isochrone : 
# Bressan et al. (2012), MNRAS, 427, 127 + Chen et al. (2014, 2015), MNRAS, 444, 2525 + MNRAS, 452, 1068 + Tang et al. (2014), MNRAS, 445, 4287 + Marigo et al. (2017), ApJ, 835, 77 + Pastorelli al. (2019), MNRAS in press
# Note that W146 mag for M <= 0.08 Msun is just given by (J + 0.021)
#       Mini     MPD      Rad   MJ_2M   MH_2M   MK_2M   MZ087   MW146   MF213  MHw JH JKs HKs medianJ medianH medianKs sigmaJ sigmaH sigmaKs maxJ maxH maxKs minJ minH minKs medianJH medianJKs medianHKs sigmaJH sigmaJKs sigmaHKs maxJH maxJKs maxHKs minJH minJKs minHKs counts
0.0030000000  0.0030    0.104  37.358  34.544  54.256  99.000  37.382  99.000  36.491  2.814 -16.898 -19.712 37.358  34.544  54.256  0.300  0.300  0.300  999.000  999.000  999.000 -999.000 -999.000 -999.000 2.814 -16.898 -19.712 0.200 0.200 0.200 10.000 10.000 10.000 -10.000 -10.000 -10.000 0.
0.0040000000  0.0040    0.104  35.127  33.108  51.086  99.000  35.151  99.000  34.557  2.019 -15.959 -17.978 35.127  33.108  51.086  0.300  0.300  0.300  999.000  999.000  999.000 -999.000 -999.000 -999.000 2.019 -15.959 -17.978 0.200 0.200 0.200 10.000 10.000 10.000 -10.000 -10.000 -10.000 0.
0.0050000000  0.0050    0.103  33.228  31.766  48.236  99.000  33.252  99.000  32.842  1.462 -15.008 -16.470 33.228  31.766  48.236  0.300  0.300  0.300  999.000  999.000  999.000 -999.000 -999.000 -999.000 1.462 -15.008 -16.470 0.200 0.200 0.200 10.000 10.000 10.000 -10.000 -10.000 -10.000 0.
0.0060000000  0.0060    0.102  31.448  30.472  45.506  99.000  31.472  99.000  31.205  0.976 -14.058 -15.034 31.448  30.472  45.506  0.300  0.300  0.300  999.000  999.000  999.000 -999.000 -999.000 -999.000 0.976 -14.058 -15.034 0.200 0.200 0.200 10.000 10.000 10.000 -10.000 -10.000 -10.000 0.
0.0070000000  0.0070    0.102  29.815  29.276  42.986  99.000  29.839  99.000  29.689  0.539 -13.171 -13.710 29.815  29.276  42.986  0.300  0.300  0.300  999.000  999.000  999.000 -999.000 -999.000 -999.000 0.539 -13.171 -13.710 0.200 0.200 0.200 10.000 10.000 10.000 -10.000 -10.000 -10.000 0.
0.0080000000  0.0080    0.101  28.310  28.147  40.636  99.000  28.334  99.000  28.274  0.163 -12.326 -12.489 28.310  28.147  40.636  0.300  0.300  0.300  999.000  999.000  999.000 -999.000 -999.000 -999.000 0.163 -12.326 -12.489 0.200 0.200 0.200 10.000 10.000 10.000 -10.000 -10.000 -10.000 0.
0.0090000000  0.0090    0.100  26.971  27.124  38.526  99.000  26.995  99.000  27.003  -0.153 -11.555 -11.402 26.971  27.124  38.526  0.300  0.300  0.300  999.000  999.000  999.000 -999.000 -999.000 -999.000 -0.153 -11.555 -11.402 0.200 0.200 0.200 10.000 10.000 10.000 -10.000 -10.000 -10.000 0.
0.0100000000  0.0100    0.099  25.729  26.180  36.566  99.000  25.753  99.000  25.820  -0.451 -10.837 -10.386 25.729  26.180  36.566  0.300  0.300  0.300  999.000  999.000  999.000 -999.000 -999.000 -999.000 -0.451 -10.837 -10.386 0.200 0.200 0.200 10.000 10.000 10.000 -10.000 -10.000 -10.000 0.
0.0120000000  0.0120    0.098  23.498  24.425  33.036  99.000  23.522  99.000  23.671  -0.927 -9.538 -8.611 23.498  24.425  33.036  0.300  0.300  0.300  999.000  999.000  999.000 -999.000 -999.000 -999.000 -0.927 -9.538 -8.611 0.200 0.200 0.200 10.000 10.000 10.000 -10.000 -10.000 -10.000 0.
0.0150000000  0.0150    0.096  22.228  23.149  30.436  99.000  22.252  99.000  22.401  -0.921 -8.208 -7.287 22.228  23.149  30.436  0.300  0.300  0.300  999.000  999.000  999.000 -999.000 -999.000 -999.000 -0.921 -8.208 -7.287 0.200 0.200 0.200 10.000 10.000 10.000 -10.000 -10.000 -10.000 0.
0.0200000000  0.0200    0.093  20.922  21.596  26.996  99.000  20.946  99.000  21.054  -0.674 -6.074 -5.400 20.922  21.596  26.996  0.300  0.300  0.300  999.000  999.000  999.000 -999.000 -999.000 -999.000 -0.674 -6.074 -5.400 0.200 0.200 0.200 10.000 10.000 10.000 -10.000 -10.000 -10.000 0.
0.0300000000  0.0300    0.088  19.522  19.608  22.566  99.000  19.546  99.000  19.540  -0.086 -3.044 -2.958 19.522  19.608  22.566  0.300  0.300  0.300  999.000  999.000  999.000 -999.000 -999.000 -999.000 -0.086 -3.044 -2.958 0.200 0.200 0.200 10.000 10.000 10.000 -10.000 -10.000 -10.000 0.
0.0400000000  0.0400    0.083  18.200  18.291  19.966  99.000  18.224  99.000  18.219  -0.091 -1.766 -1.675 18.200  18.291  19.966  0.300  0.300  0.300  999.000  999.000  999.000 -999.000 -999.000 -999.000 -0.091 -1.766 -1.675 0.200 0.200 0.200 10.000 10.000 10.000 -10.000 -10.000 -10.000 0.
0.0500000000  0.0500    0.079  17.009  17.161  18.046  99.000  17.033  99.000  17.041  -0.152 -1.037 -0.885 17.009  17.161  18.046  0.300  0.300  0.300  999.000  999.000  999.000 -999.000 -999.000 -999.000 -0.152 -1.037 -0.885 0.200 0.200 0.200 10.000 10.000 10.000 -10.000 -10.000 -10.000 0.
0.0600000000  0.0600    0.076  15.974  16.174  16.526  99.000  15.998  99.000  16.016  -0.200 -0.552 -0.352 15.974  16.174  16.526  0.300  0.300  0.300  999.000  999.000  999.000 -999.000 -999.000 -999.000 -0.200 -0.552 -0.352 0.200 0.200 0.200 10.000 10.000 10.000 -10.000 -10.000 -10.000 0.
0.0700000000  0.0700    0.078  14.334  14.436  14.336  99.000  14.358  99.000  14.356  -0.102 -0.002 0.100 14.334  14.436  14.336  0.300  0.300  0.300  999.000  999.000  999.000 -999.000 -999.000 -999.000 -0.102 -0.002 0.100 0.200 0.200 0.200 10.000 10.000 10.000 -10.000 -10.000 -10.000 0.
0.0720000000  0.0720    0.081  13.407  13.415  13.336  99.000  13.431  99.000  13.409  -0.008 0.071 0.079 13.407  13.415  13.336  0.300  0.300  0.300  999.000  999.000  999.000 -999.000 -999.000 -999.000 -0.008 0.071 0.079 0.200 0.200 0.200 10.000 10.000 10.000 -10.000 -10.000 -10.000 0.
0.0750000000  0.0750    0.089  12.217  11.958  11.786  99.000  12.241  99.000  12.159  0.259 0.431 0.172 12.217  11.958  11.786  0.300  0.300  0.300  999.000  999.000  999.000 -999.000 -999.000 -999.000 0.259 0.431 0.172 0.200 0.200 0.200 10.000 10.000 10.000 -10.000 -10.000 -10.000 0.
0.0800000000  0.0800    0.099  11.427  11.070  10.796  99.000  11.451  99.000  11.345  0.357 0.631 0.274 11.427  11.070  10.796  0.300  0.300  0.300  999.000  999.000  999.000 -999.000 -999.000 -999.000 0.357 0.631 0.274 0.200 0.200 0.200 10.000 10.000 10.000 -10.000 -10.000 -10.000 0.
# logAge=  9.8451  is picked from isochrones/CMD-3.6-NSD_2MASS.dat and isochrones/CMD-3.6-NSD_Roman.dat
0.0900000036  0.0900    0.124  11.201  10.603  10.328  13.027  11.225  10.406  11.060  0.598 0.873 0.275 11.201  10.603  10.328  0.300  0.300  0.300  999.000  999.000  999.000 -999.000 -999.000 -999.000 0.598 0.873 0.275 0.200 0.200 0.200 10.000 10.000 10.000 -10.000 -10.000 -10.000 0.
0.1000000089  0.1000    0.136  10.764  10.167   9.889  12.589  10.787   9.967  10.623  0.597 0.875 0.278 10.764  10.167  9.889  0.300  0.300  0.300  999.000  999.000  999.000 -999.000 -999.000 -999.000 0.597 0.875 0.278 0.200 0.200 0.200 10.000 10.000 10.000 -10.000 -10.000 -10.000 0.
0.1200000048  0.1200    0.157  10.126   9.531   9.249  11.952  10.150   9.327  9.985  0.595 0.877 0.282 10.126  9.531  9.249  0.300  0.300  0.300  999.000  999.000  999.000 -999.000 -999.000 -999.000 0.595 0.877 0.282 0.200 0.200 0.200 10.000 10.000 10.000 -10.000 -10.000 -10.000 0.
0.1400000155  0.1400    0.176   9.701   9.108   8.825  11.351   9.699   8.895  9.561  0.593 0.876 0.283 9.701  9.108  8.825  0.300  0.300  0.300  999.000  999.000  999.000 -999.000 -999.000 -999.000 0.593 0.876 0.283 0.200 0.200 0.200 10.000 10.000 10.000 -10.000 -10.000 -10.000 0.
0.1533331424  0.1530    0.188   9.481   8.888   8.607  11.044   9.466   8.673  9.341  0.593 0.874 0.281 9.481  8.888  8.607  0.300  0.300  0.300  999.000  999.000  999.000 -999.000 -999.000 -999.000 0.593 0.874 0.281 0.200 0.200 0.200 10.000 10.000 10.000 -10.000 -10.000 -10.000 0.
0.1599999964  0.1600    0.194   9.377   8.785   8.505  10.902   9.357   8.569  9.237  0.592 0.872 0.280 9.377  8.785  8.505  0.300  0.300  0.300  999.000  999.000  999.000 -999.000 -999.000 -999.000 0.592 0.872 0.280 0.200 0.200 0.200 10.000 10.000 10.000 -10.000 -10.000 -10.000 0.
0.2000000179  0.2000    0.229   8.880   8.287   8.015  10.256   8.839   8.071  8.740  0.593 0.865 0.272 8.880  8.287  8.015  0.300  0.300  0.300  999.000  999.000  999.000 -999.000 -999.000 -999.000 0.593 0.865 0.272 0.200 0.200 0.200 10.000 10.000 10.000 -10.000 -10.000 -10.000 0.
0.2500000000  0.2500    0.270   8.398   7.803   7.541   9.662   8.341   7.591  8.257  0.595 0.857 0.262 8.398  7.803  7.541  0.300  0.300  0.300  999.000  999.000  999.000 -999.000 -999.000 -999.000 0.595 0.857 0.262 0.200 0.200 0.200 10.000 10.000 10.000 -10.000 -10.000 -10.000 0.
0.3000000119  0.3000    0.310   8.009   7.410   7.157   9.205   7.941   7.203  7.867  0.599 0.852 0.253 8.009  7.410  7.157  0.300  0.300  0.300  999.000  999.000  999.000 -999.000 -999.000 -999.000 0.599 0.852 0.253 0.200 0.200 0.200 10.000 10.000 10.000 -10.000 -10.000 -10.000 0.
0.3271487653  0.3270    0.334   7.809   7.209   6.959   8.980   7.737   7.004  7.667  0.600 0.850 0.250 7.809  7.209  6.959  0.300  0.300  0.300  999.000  999.000  999.000 -999.000 -999.000 -999.000 0.600 0.850 0.250 0.200 0.200 0.200 10.000 10.000 10.000 -10.000 -10.000 -10.000 0.
0.3500000238  0.3500    0.354   7.651   7.048   6.801   8.803   7.576   6.845  7.508  0.603 0.850 0.247 7.651  7.048  6.801  0.300  0.300  0.300  999.000  999.000  999.000 -999.000 -999.000 -999.000 0.603 0.850 0.247 0.200 0.200 0.200 10.000 10.000 10.000 -10.000 -10.000 -10.000 0.
0.4000000358  0.4000    0.397   7.321   6.711   6.471   8.418   7.234   6.512  7.177  0.610 0.850 0.240 7.321  6.711  6.471  0.300  0.300  0.300  999.000  999.000  999.000 -999.000 -999.000 -999.000 0.610 0.850 0.240 0.200 0.200 0.200 10.000 10.000 10.000 -10.000 -10.000 -10.000 0.
0.4500000477  0.4500    0.444   6.983   6.362   6.130   8.027   6.883   6.166  6.836  0.621 0.853 0.232 6.983  6.362  6.130  0.300  0.300  0.300  999.000  999.000  999.000 -999.000 -999.000 -999.000 0.621 0.853 0.232 0.200 0.200 0.200 10.000 10.000 10.000 -10.000 -10.000 -10.000 0.
0.5000000000  0.5000    0.496   6.637   6.003   5.778   7.625   6.522   5.810  6.486  0.634 0.859 0.225 6.637  6.003  5.778  0.300  0.300  0.300  999.000  999.000  999.000 -999.000 -999.000 -999.000 0.634 0.859 0.225 0.200 0.200 0.200 10.000 10.000 10.000 -10.000 -10.000 -10.000 0.
0.5005289316  0.5010    0.496   6.633   5.999   5.774   7.620   6.518   5.806  6.482  0.634 0.859 0.225 6.633  5.999  5.774  0.300  0.300  0.300  999.000  999.000  999.000 -999.000 -999.000 -999.000 0.634 0.859 0.225 0.200 0.200 0.200 10.000 10.000 10.000 -10.000 -10.000 -10.000 0.
0.5500000715  0.5500    0.552   6.268   5.618   5.404   7.187   6.136   5.429  6.113  0.650 0.864 0.214 6.268  5.618  5.404  0.300  0.300  0.300  999.000  999.000  999.000 -999.000 -999.000 -999.000 0.650 0.864 0.214 0.200 0.200 0.200 10.000 10.000 10.000 -10.000 -10.000 -10.000 0.
0.6000000238  0.6000    0.601   5.916   5.247   5.056   6.759   5.766   5.074  5.756  0.669 0.860 0.191 5.916  5.247  5.056  0.300  0.300  0.300  999.000  999.000  999.000 -999.000 -999.000 -999.000 0.669 0.860 0.191 0.200 0.200 0.200 10.000 10.000 10.000 -10.000 -10.000 -10.000 0.
0.6389079094  0.6390    0.632   5.637   4.959   4.799   6.423   5.479   4.813  5.475  0.678 0.838 0.160 5.637  4.959  4.799  0.300  0.300  0.300  999.000  999.000  999.000 -999.000 -999.000 -999.000 0.678 0.838 0.160 0.200 0.200 0.200 10.000 10.000 10.000 -10.000 -10.000 -10.000 0.
0.6499999762  0.6500    0.640   5.560   4.884   4.732   6.332   5.402   4.745  5.398  0.676 0.828 0.152 5.560  4.884  4.732  0.300  0.300  0.300  999.000  999.000  999.000 -999.000 -999.000 -999.000 0.676 0.828 0.152 0.200 0.200 0.200 10.000 10.000 10.000 -10.000 -10.000 -10.000 0.
0.7000000477  0.7000    0.675   5.222   4.576   4.463   5.926   5.075   4.470  5.068  0.646 0.759 0.113 5.222  4.576  4.463  0.300  0.300  0.300  999.000  999.000  999.000 -999.000 -999.000 -999.000 0.646 0.759 0.113 0.200 0.200 0.200 10.000 10.000 10.000 -10.000 -10.000 -10.000 0.
0.7194151878  0.7190    0.688   5.096   4.483   4.379   5.767   4.962   4.386  4.951  0.613 0.717 0.104 5.096  4.483  4.379  0.300  0.300  0.300  999.000  999.000  999.000 -999.000 -999.000 -999.000 0.613 0.717 0.104 0.200 0.200 0.200 10.000 10.000 10.000 -10.000 -10.000 -10.000 0.
0.7500000000  0.7500    0.708   4.904   4.350   4.258   5.523   4.792   4.263  4.774  0.554 0.646 0.092 4.904  4.350  4.258  0.300  0.300  0.300  999.000  999.000  999.000 -999.000 -999.000 -999.000 0.554 0.646 0.092 0.200 0.200 0.200 10.000 10.000 10.000 -10.000 -10.000 -10.000 0.
0.7666308284  0.7660    0.724   4.802   4.274   4.186   5.400   4.700   4.191  4.678  0.528 0.616 0.088 4.802  4.274  4.186  0.300  0.300  0.300  999.000  999.000  999.000 -999.000 -999.000 -999.000 0.528 0.616 0.088 0.200 0.200 0.200 10.000 10.000 10.000 -10.000 -10.000 -10.000 0.
0.7978135943  0.7980    0.757   4.615   4.128   4.047   5.176   4.528   4.051  4.502  0.487 0.568 0.081 4.615  4.128  4.047  0.300  0.300  0.300  999.000  999.000  999.000 -999.000 -999.000 -999.000 0.487 0.568 0.081 0.200 0.200 0.200 10.000 10.000 10.000 -10.000 -10.000 -10.000 0.
0.7994046211  0.7990    0.759   4.606   4.121   4.041   5.165   4.520   4.045  4.493  0.485 0.565 0.080 4.606  4.121  4.041  0.300  0.300  0.300  999.000  999.000  999.000 -999.000 -999.000 -999.000 0.485 0.565 0.080 0.200 0.200 0.200 10.000 10.000 10.000 -10.000 -10.000 -10.000 0.
0.8235678673  0.8230    0.786   4.463   4.008   3.932   4.994   4.387   3.936  4.358  0.455 0.531 0.076 4.463  4.008  3.932  0.300  0.300  0.300  999.000  999.000  999.000 -999.000 -999.000 -999.000 0.455 0.531 0.076 0.200 0.200 0.200 10.000 10.000 10.000 -10.000 -10.000 -10.000 0.
0.8474076986  0.8470    0.815   4.323   3.897   3.825   4.828   4.256   3.828  4.225  0.426 0.498 0.072 4.323  3.897  3.825  0.300  0.300  0.300  999.000  999.000  999.000 -999.000 -999.000 -999.000 0.426 0.498 0.072 0.200 0.200 0.200 10.000 10.000 10.000 -10.000 -10.000 -10.000 0.
0.8488091230  0.8480    0.816   4.315   3.890   3.818   4.818   4.248   3.822  4.217  0.425 0.497 0.072 4.315  3.890  3.818  0.300  0.300  0.300  999.000  999.000  999.000 -999.000 -999.000 -999.000 0.425 0.497 0.072 0.200 0.200 0.200 10.000 10.000 10.000 -10.000 -10.000 -10.000 0.
0.8627884984  0.8620    0.835   4.232   3.822   3.753   4.722   4.170   3.756  4.138  0.410 0.479 0.069 4.232  3.822  3.753  0.300  0.300  0.300  999.000  999.000  999.000 -999.000 -999.000 -999.000 0.410 0.479 0.069 0.200 0.200 0.200 10.000 10.000 10.000 -10.000 -10.000 -10.000 0.
0.8840513229  0.8830    0.866   4.105   3.717   3.651   4.574   4.050   3.654  4.016  0.388 0.454 0.066 4.105  3.717  3.651  0.300  0.300  0.300  999.000  999.000  999.000 -999.000 -999.000 -999.000 0.388 0.454 0.066 0.200 0.200 0.200 10.000 10.000 10.000 -10.000 -10.000 -10.000 0.
0.8982136250  0.8970    0.886   4.022   3.646   3.583   4.478   3.971   3.586  3.936  0.376 0.439 0.063 4.022  3.646  3.583  0.300  0.300  0.300  999.000  999.000  999.000 -999.000 -999.000 -999.000 0.376 0.439 0.063 0.200 0.200 0.200 10.000 10.000 10.000 -10.000 -10.000 -10.000 0.
0.9080452323  0.9070    0.902   3.963   3.596   3.534   4.411   3.915   3.537  3.879  0.367 0.429 0.062 3.963  3.596  3.534  0.300  0.300  0.300  999.000  999.000  999.000 -999.000 -999.000 -999.000 0.367 0.429 0.062 0.200 0.200 0.200 10.000 10.000 10.000 -10.000 -10.000 -10.000 0.
0.9347069263  0.9340    0.951   3.802   3.456   3.399   4.230   3.760   3.402  3.723  0.346 0.403 0.057 3.802  3.456  3.399  0.300  0.300  0.300  999.000  999.000  999.000 -999.000 -999.000 -999.000 0.346 0.403 0.057 0.200 0.200 0.200 10.000 10.000 10.000 -10.000 -10.000 -10.000 0.
0.9476182461  0.9470    0.976   3.724   3.387   3.332   4.142   3.684   3.334  3.647  0.337 0.392 0.055 3.724  3.387  3.332  0.300  0.300  0.300  999.000  999.000  999.000 -999.000 -999.000 -999.000 0.337 0.392 0.055 0.200 0.200 0.200 10.000 10.000 10.000 -10.000 -10.000 -10.000 0.
0.9569943547  0.9560    0.996   3.665   3.334   3.280   4.077   3.627   3.283  3.590  0.331 0.385 0.054 3.665  3.334  3.280  0.300  0.300  0.300  999.000  999.000  999.000 -999.000 -999.000 -999.000 0.331 0.385 0.054 0.200 0.200 0.200 10.000 10.000 10.000 -10.000 -10.000 -10.000 0.
0.9789054990  0.9780    1.048   3.525   3.207   3.156   3.924   3.491   3.159  3.453  0.318 0.369 0.051 3.525  3.207  3.156  0.300  0.300  0.300  999.000  999.000  999.000 -999.000 -999.000 -999.000 0.318 0.369 0.051 0.200 0.200 0.200 10.000 10.000 10.000 -10.000 -10.000 -10.000 0.
0.9896062016  0.9890    1.074   3.455   3.143   3.094   3.849   3.423   3.096  3.384  0.312 0.361 0.049 3.455  3.143  3.094  0.300  0.300  0.300  999.000  999.000  999.000 -999.000 -999.000 -999.000 0.312 0.361 0.049 0.200 0.200 0.200 10.000 10.000 10.000 -10.000 -10.000 -10.000 0.
0.9970227480  0.9970    1.095   3.407   3.098   3.050   3.796   3.375   3.052  3.337  0.309 0.357 0.048 3.407  3.098  3.050  0.300  0.300  0.300  999.000  999.000  999.000 -999.000 -999.000 -999.000 0.309 0.357 0.048 0.200 0.200 0.200 10.000 10.000 10.000 -10.000 -10.000 -10.000 0.
1.0083922148  1.0080    1.128   3.331   3.028   2.980   3.716   3.301   2.983  3.262  0.303 0.351 0.048 3.331  3.028  2.980  0.300  0.300  0.300  999.000  999.000  999.000 -999.000 -999.000 -999.000 0.303 0.351 0.048 0.200 0.200 0.200 10.000 10.000 10.000 -10.000 -10.000 -10.000 0.
1.0259914398  1.0250    1.182   3.214   2.917   2.870   3.593   3.185   2.873  3.147  0.297 0.344 0.047 3.214  2.917  2.870  0.300  0.300  0.300  999.000  999.000  999.000 -999.000 -999.000 -999.000 0.297 0.344 0.047 0.200 0.200 0.200 10.000 10.000 10.000 -10.000 -10.000 -10.000 0.
1.0418747663  1.0410    1.239   3.101   2.809   2.763   3.475   3.074   2.766  3.035  0.292 0.338 0.046 3.101  2.809  2.763  0.300  0.300  0.300  999.000  999.000  999.000 -999.000 -999.000 -999.000 0.292 0.338 0.046 0.200 0.200 0.200 10.000 10.000 10.000 -10.000 -10.000 -10.000 0.
1.0464272499  1.0450    1.257   3.067   2.776   2.731   3.440   3.040   2.733  3.001  0.291 0.336 0.045 3.067  2.776  2.731  0.300  0.300  0.300  999.000  999.000  999.000 -999.000 -999.000 -999.000 0.291 0.336 0.045 0.200 0.200 0.200 10.000 10.000 10.000 -10.000 -10.000 -10.000 0.
1.0559157133  1.0550    1.298   2.993   2.705   2.660   3.364   2.967   2.663  2.928  0.288 0.333 0.045 2.993  2.705  2.660  0.300  0.300  0.300  999.000  999.000  999.000 -999.000 -999.000 -999.000 0.288 0.333 0.045 0.200 0.200 0.200 10.000 10.000 10.000 -10.000 -10.000 -10.000 0.
1.0694060326  1.0680    1.364   2.881   2.595   2.551   3.249   2.855   2.553  2.816  0.286 0.330 0.044 2.881  2.595  2.551  0.300  0.300  0.300  999.000  999.000  999.000 -999.000 -999.000 -999.000 0.286 0.330 0.044 0.200 0.200 0.200 10.000 10.000 10.000 -10.000 -10.000 -10.000 0.
1.0788152218  1.0770    1.415   2.797   2.512   2.468   3.166   2.772   2.470  2.733  0.285 0.329 0.044 2.797  2.512  2.468  0.300  0.300  0.300  999.000  999.000  999.000 -999.000 -999.000 -999.000 0.285 0.329 0.044 0.200 0.200 0.200 10.000 10.000 10.000 -10.000 -10.000 -10.000 0.
1.0892984867  1.0880    1.484   2.698   2.411   2.367   3.067   2.672   2.369  2.633  0.287 0.331 0.044 2.698  2.411  2.367  0.300  0.300  0.300  999.000  999.000  999.000 -999.000 -999.000 -999.000 0.287 0.331 0.044 0.200 0.200 0.200 10.000 10.000 10.000 -10.000 -10.000 -10.000 0.
1.0958318710  1.0940    1.532   2.633   2.345   2.300   3.004   2.607   2.302  2.568  0.288 0.333 0.045 2.633  2.345  2.300  0.300  0.300  0.300  999.000  999.000  999.000 -999.000 -999.000 -999.000 0.288 0.333 0.045 0.200 0.200 0.200 10.000 10.000 10.000 -10.000 -10.000 -10.000 0.
1.0978326797  1.0960    1.548   2.612   2.324   2.279   2.984   2.586   2.281  2.547  0.288 0.333 0.045 2.612  2.324  2.279  0.300  0.300  0.300  999.000  999.000  999.000 -999.000 -999.000 -999.000 0.288 0.333 0.045 0.200 0.200 0.200 10.000 10.000 10.000 -10.000 -10.000 -10.000 0.
1.1003104448  1.0990    1.571   2.584   2.294   2.249   2.958   2.558   2.251  2.518  0.290 0.335 0.045 2.584  2.294  2.249  0.300  0.300  0.300  999.000  999.000  999.000 -999.000 -999.000 -999.000 0.290 0.335 0.045 0.200 0.200 0.200 10.000 10.000 10.000 -10.000 -10.000 -10.000 0.
1.1069935560  1.1050    1.632   2.509   2.215   2.170   2.887   2.482   2.172  2.442  0.294 0.339 0.045 2.509  2.215  2.170  0.300  0.300  0.300  999.000  999.000  999.000 -999.000 -999.000 -999.000 0.294 0.339 0.045 0.200 0.200 0.200 10.000 10.000 10.000 -10.000 -10.000 -10.000 0.
1.1140966415  1.1120    1.713   2.424   2.122   2.075   2.810   2.395   2.077  2.355  0.302 0.349 0.047 2.424  2.122  2.075  0.300  0.300  0.300  999.000  999.000  999.000 -999.000 -999.000 -999.000 0.302 0.349 0.047 0.200 0.200 0.200 10.000 10.000 10.000 -10.000 -10.000 -10.000 0.
1.1216220856  1.1200    1.819   2.331   2.012   1.961   2.732   2.297   1.964  2.258  0.319 0.370 0.051 2.331  2.012  1.961  0.300  0.300  0.300  999.000  999.000  999.000 -999.000 -999.000 -999.000 0.319 0.370 0.051 0.200 0.200 0.200 10.000 10.000 10.000 -10.000 -10.000 -10.000 0.
1.1277420521  1.1260    1.929   2.261   1.917   1.861   2.687   2.219   1.863  2.182  0.344 0.400 0.056 2.261  1.917  1.861  0.300  0.300  0.300  999.000  999.000  999.000 -999.000 -999.000 -999.000 0.344 0.400 0.056 0.200 0.200 0.200 10.000 10.000 10.000 -10.000 -10.000 -10.000 0.
1.1310731173  1.1290    2.007   2.239   1.867   1.806   2.693   2.189   1.809  2.154  0.372 0.433 0.061 2.239  1.867  1.806  0.300  0.300  0.300  999.000  999.000  999.000 -999.000 -999.000 -999.000 0.372 0.433 0.061 0.200 0.200 0.200 10.000 10.000 10.000 -10.000 -10.000 -10.000 0.
1.1332406998  1.1310    2.070   2.230   1.833   1.768   2.709   2.173   1.770  2.139  0.397 0.462 0.065 2.230  1.833  1.768  0.300  0.300  0.300  999.000  999.000  999.000 -999.000 -999.000 -999.000 0.397 0.462 0.065 0.200 0.200 0.200 10.000 10.000 10.000 -10.000 -10.000 -10.000 0.
1.1348623037  1.1330    2.130   2.218   1.799   1.730   2.719   2.154   1.733  2.121  0.419 0.488 0.069 2.218  1.799  1.730  0.300  0.300  0.300  999.000  999.000  999.000 -999.000 -999.000 -999.000 0.419 0.488 0.069 0.200 0.200 0.200 10.000 10.000 10.000 -10.000 -10.000 -10.000 0.
1.1367920637  1.1350    2.228   2.180   1.734   1.661   2.708   2.108   1.663  2.077  0.446 0.519 0.073 2.180  1.734  1.661  0.300  0.300  0.300  999.000  999.000  999.000 -999.000 -999.000 -999.000 0.446 0.519 0.073 0.200 0.200 0.200 10.000 10.000 10.000 -10.000 -10.000 -10.000 0.
1.1387115717  1.1370    2.365   2.099   1.632   1.554   2.648   2.020   1.557  1.991  0.467 0.545 0.078 2.099  1.632  1.554  0.300  0.300  0.300  999.000  999.000  999.000 -999.000 -999.000 -999.000 0.467 0.545 0.078 0.200 0.200 0.200 10.000 10.000 10.000 -10.000 -10.000 -10.000 0.
1.1400319338  1.1380    2.479   2.024   1.545   1.465   2.584   1.940   1.468  1.913  0.479 0.559 0.080 2.024  1.545  1.465  0.300  0.300  0.300  999.000  999.000  999.000 -999.000 -999.000 -999.000 0.479 0.559 0.080 0.200 0.200 0.200 10.000 10.000 10.000 -10.000 -10.000 -10.000 0.
1.1408057213  1.1390    2.559   1.967   1.483   1.403   2.532   1.882   1.406  1.854  0.484 0.564 0.080 1.967  1.483  1.403  0.300  0.300  0.300  999.000  999.000  999.000 -999.000 -999.000 -999.000 0.484 0.564 0.080 0.200 0.200 0.200 10.000 10.000 10.000 -10.000 -10.000 -10.000 0.
1.1424727440  1.1400    2.742   1.837   1.344   1.262   2.410   1.749   1.265  1.722  0.493 0.575 0.082 1.837  1.344  1.262  0.300  0.300  0.300  999.000  999.000  999.000 -999.000 -999.000 -999.000 0.493 0.575 0.082 0.200 0.200 0.200 10.000 10.000 10.000 -10.000 -10.000 -10.000 0.
1.1440981627  1.1420    2.948   1.694   1.194   1.111   2.275   1.604   1.114  1.577  0.500 0.583 0.083 1.694  1.194  1.111  0.300  0.300  0.300  999.000  999.000  999.000 -999.000 -999.000 -999.000 0.500 0.583 0.083 0.200 0.200 0.200 10.000 10.000 10.000 -10.000 -10.000 -10.000 0.
1.1452363729  1.1430    3.109   1.586   1.082   0.998   2.171   1.494   1.001  1.468  0.504 0.588 0.084 1.586  1.082  0.998  0.300  0.300  0.300  999.000  999.000  999.000 -999.000 -999.000 -999.000 0.504 0.588 0.084 0.200 0.200 0.200 10.000 10.000 10.000 -10.000 -10.000 -10.000 0.
1.1459797621  1.1440    3.235   1.507   1.000   0.916   2.095   1.414   0.919  1.389  0.507 0.591 0.084 1.507  1.000  0.916  0.300  0.300  0.300  999.000  999.000  999.000 -999.000 -999.000 -999.000 0.507 0.591 0.084 0.200 0.200 0.200 10.000 10.000 10.000 -10.000 -10.000 -10.000 0.
1.1471370459  1.1450    3.458   1.373   0.862   0.777   1.965   1.279   0.780  1.254  0.511 0.596 0.085 1.373  0.862  0.777  0.300  0.300  0.300  999.000  999.000  999.000 -999.000 -999.000 -999.000 0.511 0.596 0.085 0.200 0.200 0.200 10.000 10.000 10.000 -10.000 -10.000 -10.000 0.
1.1480209827  1.1460    3.650   1.263   0.749   0.663   1.859   1.168   0.666  1.143  0.514 0.600 0.086 1.263  0.749  0.663  0.300  0.300  0.300  999.000  999.000  999.000 -999.000 -999.000 -999.000 0.514 0.600 0.086 0.200 0.200 0.200 10.000 10.000 10.000 -10.000 -10.000 -10.000 0.
1.1488473415  1.1470    3.856   1.152   0.634   0.547   1.751   1.055   0.550  1.031  0.518 0.605 0.087 1.152  0.634  0.547  0.300  0.300  0.300  999.000  999.000  999.000 -999.000 -999.000 -999.000 0.518 0.605 0.087 0.200 0.200 0.200 10.000 10.000 10.000 -10.000 -10.000 -10.000 0.
1.1495662928  1.1480    4.060   1.047   0.526   0.438   1.650   0.949   0.441  0.925  0.521 0.609 0.088 1.047  0.526  0.438  0.300  0.300  0.300  999.000  999.000  999.000 -999.000 -999.000 -999.000 0.521 0.609 0.088 0.200 0.200 0.200 10.000 10.000 10.000 -10.000 -10.000 -10.000 0.
1.1504305601  1.1480    4.352   0.910   0.383   0.294   1.518   0.810   0.297  0.787  0.527 0.616 0.089 0.910  0.383  0.294  0.300  0.300  0.300  999.000  999.000  999.000 -999.000 -999.000 -999.000 0.527 0.616 0.089 0.200 0.200 0.200 10.000 10.000 10.000 -10.000 -10.000 -10.000 0.
1.1510326862  1.1490    4.586   0.804   0.273   0.183   1.417   0.703   0.186  0.680  0.531 0.621 0.090 0.804  0.273  0.183  0.300  0.300  0.300  999.000  999.000  999.000 -999.000 -999.000 -999.000 0.531 0.621 0.090 0.200 0.200 0.200 10.000 10.000 10.000 -10.000 -10.000 -10.000 0.
1.1517300606  1.1500    4.906   0.672   0.135   0.044   1.290   0.568   0.047  0.546  0.537 0.628 0.091 0.672  0.135  0.044  0.300  0.300  0.300  999.000  999.000  999.000 -999.000 -999.000 -999.000 0.537 0.628 0.091 0.200 0.200 0.200 10.000 10.000 10.000 -10.000 -10.000 -10.000 0.
1.1522498131  1.1500    5.181   0.564   0.023  -0.070   1.188   0.459  -0.067  0.437  0.541 0.634 0.093 0.564  0.023  -0.070  0.300  0.300  0.300  999.000  999.000  999.000 -999.000 -999.000 -999.000 0.541 0.634 0.093 0.200 0.200 0.200 10.000 10.000 10.000 -10.000 -10.000 -10.000 0.
1.1528333426  1.1510    5.539   0.432  -0.115  -0.209   1.063   0.325  -0.206  0.304  0.547 0.641 0.094 0.432  -0.115  -0.209  0.300  0.300  0.300  999.000  999.000  999.000 -999.000 -999.000 -999.000 0.547 0.641 0.094 0.200 0.200 0.200 10.000 10.000 10.000 -10.000 -10.000 -10.000 0.
1.1533709764  1.1510    5.934   0.298  -0.257  -0.352   0.935   0.188  -0.349  0.168  0.555 0.650 0.095 0.298  -0.257  -0.352  0.300  0.300  0.300  999.000  999.000  999.000 -999.000 -999.000 -999.000 0.555 0.650 0.095 0.200 0.200 0.200 10.000 10.000 10.000 -10.000 -10.000 -10.000 0.
1.1538373232  1.1520    6.342   0.169  -0.392  -0.489   0.813   0.056  -0.486  0.037  0.561 0.658 0.097 0.169  -0.392  -0.489  0.300  0.300  0.300  999.000  999.000  999.000 -999.000 -999.000 -999.000 0.561 0.658 0.097 0.200 0.200 0.200 10.000 10.000 10.000 -10.000 -10.000 -10.000 0.
1.1542642117  1.1520    6.782   0.039  -0.529  -0.628   0.691  -0.076  -0.625  -0.095  0.568 0.667 0.099 0.039  -0.529  -0.628  0.300  0.300  0.300  999.000  999.000  999.000 -999.000 -999.000 -999.000 0.568 0.667 0.099 0.200 0.200 0.200 10.000 10.000 10.000 -10.000 -10.000 -10.000 0.
1.1546595097  1.1520    7.267  -0.092  -0.667  -0.768   0.568  -0.210  -0.765  -0.228  0.575 0.676 0.101 -0.092  -0.667  -0.768  0.300  0.300  0.300  999.000  999.000  999.000 -999.000 -999.000 -999.000 0.575 0.676 0.101 0.200 0.200 0.200 10.000 10.000 10.000 -10.000 -10.000 -10.000 0.
1.1550039053  1.1520    7.753  -0.217  -0.799  -0.902   0.451  -0.337  -0.899  -0.354  0.582 0.685 0.103 -0.217  -0.799  -0.902  0.300  0.300  0.300  999.000  999.000  999.000 -999.000 -999.000 -999.000 0.582 0.685 0.103 0.200 0.200 0.200 10.000 10.000 10.000 -10.000 -10.000 -10.000 0.
1.1553343534  1.1530    8.301  -0.346  -0.936  -1.041   0.330  -0.469  -1.038  -0.485  0.590 0.695 0.105 -0.346  -0.936  -1.041  0.300  0.300  0.300  999.000  999.000  999.000 -999.000 -999.000 -999.000 0.590 0.695 0.105 0.200 0.200 0.200 10.000 10.000 10.000 -10.000 -10.000 -10.000 0.
1.1556344032  1.1530    8.854  -0.469  -1.068  -1.175   0.214  -0.596  -1.172  -0.611  0.599 0.706 0.107 -0.469  -1.068  -1.175  0.300  0.300  0.300  999.000  999.000  999.000 -999.000 -999.000 -999.000 0.599 0.706 0.107 0.200 0.200 0.200 10.000 10.000 10.000 -10.000 -10.000 -10.000 0.
1.1559289694  1.1530    9.429  -0.587  -1.193  -1.302   0.104  -0.717  -1.299  -0.730  0.606 0.715 0.109 -0.587  -1.193  -1.302  0.300  0.300  0.300  999.000  999.000  999.000 -999.000 -999.000 -999.000 0.606 0.715 0.109 0.200 0.200 0.200 10.000 10.000 10.000 -10.000 -10.000 -10.000 0.
1.1563127041  1.1530   10.001  -0.698  -1.311  -1.422   0.001  -0.830  -1.419  -0.843  0.613 0.724 0.111 -0.698  -1.311  -1.422  0.300  0.300  0.300  999.000  999.000  999.000 -999.000 -999.000 -999.000 0.613 0.724 0.111 0.200 0.200 0.200 10.000 10.000 10.000 -10.000 -10.000 -10.000 0.
1.1565459967  1.1530    9.527  -0.611  -1.217  -1.326   0.080  -0.741  -1.323  -0.754  0.606 0.715 0.109 -0.611  -1.217  -1.326  0.300  0.300  0.300  999.000  999.000  999.000 -999.000 -999.000 -999.000 0.606 0.715 0.109 0.200 0.200 0.200 10.000 10.000 10.000 -10.000 -10.000 -10.000 0.
1.1566971540  1.1540    9.044  -0.515  -1.113  -1.220   0.169  -0.641  -1.217  -0.656  0.598 0.705 0.107 -0.515  -1.113  -1.220  0.300  0.300  0.300  999.000  999.000  999.000 -999.000 -999.000 -999.000 0.598 0.705 0.107 0.200 0.200 0.200 10.000 10.000 10.000 -10.000 -10.000 -10.000 0.
1.1567301750  1.1540    8.940  -0.493  -1.090  -1.197   0.189  -0.619  -1.194  -0.634  0.597 0.704 0.107 -0.493  -1.090  -1.197  0.300  0.300  0.300  999.000  999.000  999.000 -999.000 -999.000 -999.000 0.597 0.704 0.107 0.200 0.200 0.200 10.000 10.000 10.000 -10.000 -10.000 -10.000 0.
1.1568182707  1.1540    9.170  -0.541  -1.141  -1.249   0.144  -0.668  -1.246  -0.683  0.600 0.708 0.108 -0.541  -1.141  -1.249  0.300  0.300  0.300  999.000  999.000  999.000 -999.000 -999.000 -999.000 0.600 0.708 0.108 0.200 0.200 0.200 10.000 10.000 10.000 -10.000 -10.000 -10.000 0.
1.1570593119  1.1540    9.812  -0.666  -1.275  -1.385   0.027  -0.797  -1.382  -0.810  0.609 0.719 0.110 -0.666  -1.275  -1.385  0.300  0.300  0.300  999.000  999.000  999.000 -999.000 -999.000 -999.000 0.609 0.719 0.110 0.200 0.200 0.200 10.000 10.000 10.000 -10.000 -10.000 -10.000 0.
1.1572942734  1.1540   10.487  -0.792  -1.409  -1.522  -0.090  -0.926  -1.519  -0.938  0.617 0.730 0.113 -0.792  -1.409  -1.522  0.300  0.300  0.300  999.000  999.000  999.000 -999.000 -999.000 -999.000 0.617 0.730 0.113 0.200 0.200 0.200 10.000 10.000 10.000 -10.000 -10.000 -10.000 0.
1.1575099230  1.1540   11.196  -0.916  -1.541  -1.656  -0.205  -1.053  -1.653  -1.064  0.625 0.740 0.115 -0.916  -1.541  -1.656  0.300  0.300  0.300  999.000  999.000  999.000 -999.000 -999.000 -999.000 0.625 0.740 0.115 0.200 0.200 0.200 10.000 10.000 10.000 -10.000 -10.000 -10.000 0.
1.1577107906  1.1540   11.972  -1.040  -1.673  -1.791  -0.319  -1.180  -1.788  -1.190  0.633 0.751 0.118 -1.040  -1.673  -1.791  0.300  0.300  0.300  999.000  999.000  999.000 -999.000 -999.000 -999.000 0.633 0.751 0.118 0.200 0.200 0.200 10.000 10.000 10.000 -10.000 -10.000 -10.000 0.
1.1578963995  1.1540   12.792  -1.165  -1.805  -1.927  -0.434  -1.308  -1.923  -1.317  0.640 0.762 0.122 -1.165  -1.805  -1.927  0.300  0.300  0.300  999.000  999.000  999.000 -999.000 -999.000 -999.000 0.640 0.762 0.122 0.200 0.200 0.200 10.000 10.000 10.000 -10.000 -10.000 -10.000 0.
1.1580631733  1.1540   13.663  -1.286  -1.935  -2.059  -0.546  -1.433  -2.056  -1.441  0.649 0.773 0.124 -1.286  -1.935  -2.059  0.300  0.300  0.300  999.000  999.000  999.000 -999.000 -999.000 -999.000 0.649 0.773 0.124 0.200 0.200 0.200 10.000 10.000 10.000 -10.000 -10.000 -10.000 0.
1.1582187414  1.1540   14.583  -1.408  -2.066  -2.193  -0.659  -1.559  -2.190  -1.565  0.658 0.785 0.127 -1.408  -2.066  -2.193  0.300  0.300  0.300  999.000  999.000  999.000 -999.000 -999.000 -999.000 0.658 0.785 0.127 0.200 0.200 0.200 10.000 10.000 10.000 -10.000 -10.000 -10.000 0.
1.1583594084  1.1540   15.565  -1.527  -2.194  -2.324  -0.769  -1.682  -2.321  -1.686  0.667 0.797 0.130 -1.527  -2.194  -2.324  0.300  0.300  0.300  999.000  999.000  999.000 -999.000 -999.000 -999.000 0.667 0.797 0.130 0.200 0.200 0.200 10.000 10.000 10.000 -10.000 -10.000 -10.000 0.
1.1584912539  1.1540   16.640  -1.649  -2.324  -2.458  -0.880  -1.807  -2.455  -1.810  0.675 0.809 0.134 -1.649  -2.324  -2.458  0.300  0.300  0.300  999.000  999.000  999.000 -999.000 -999.000 -999.000 0.675 0.809 0.134 0.200 0.200 0.200 10.000 10.000 10.000 -10.000 -10.000 -10.000 0.
1.1586081982  1.1540   17.748  -1.766  -2.450  -2.588  -0.988  -1.928  -2.585  -1.930  0.684 0.822 0.138 -1.766  -2.450  -2.588  0.300  0.300  0.300  999.000  999.000  999.000 -999.000 -999.000 -999.000 0.684 0.822 0.138 0.200 0.200 0.200 10.000 10.000 10.000 -10.000 -10.000 -10.000 0.
1.1587167978  1.1540   18.930  -1.883  -2.570  -2.715  -1.093  -2.046  -2.711  -2.047  0.687 0.832 0.145 -1.883  -2.570  -2.715  0.300  0.300  0.300  999.000  999.000  999.000 -999.000 -999.000 -999.000 0.687 0.832 0.145 0.200 0.200 0.200 10.000 10.000 10.000 -10.000 -10.000 -10.000 0.
1.1588150263  1.1540   20.168  -1.998  -2.688  -2.839  -1.196  -2.162  -2.835  -2.163  0.690 0.841 0.151 -1.998  -2.688  -2.839  0.300  0.300  0.300  999.000  999.000  999.000 -999.000 -999.000 -999.000 0.690 0.841 0.151 0.200 0.200 0.200 10.000 10.000 10.000 -10.000 -10.000 -10.000 0.
1.1589059830  1.1530   21.511  -2.112  -2.807  -2.964  -1.300  -2.278  -2.960  -2.278  0.695 0.852 0.157 -2.112  -2.807  -2.964  0.300  0.300  0.300  999.000  999.000  999.000 -999.000 -999.000 -999.000 0.695 0.852 0.157 0.200 0.200 0.200 10.000 10.000 10.000 -10.000 -10.000 -10.000 0.
1.1589905024  1.1530   22.954  -2.228  -2.926  -3.090  -1.403  -2.395  -3.085  -2.395  0.698 0.862 0.164 -2.228  -2.926  -3.090  0.300  0.300  0.300  999.000  999.000  999.000 -999.000 -999.000 -999.000 0.698 0.862 0.164 0.200 0.200 0.200 10.000 10.000 10.000 -10.000 -10.000 -10.000 0.
1.1590651274  1.1530   24.437  -2.338  -3.040  -3.211  -1.501  -2.507  -3.206  -2.506  0.702 0.873 0.171 -2.338  -3.040  -3.211  0.300  0.300  0.300  999.000  999.000  999.000 -999.000 -999.000 -999.000 0.702 0.873 0.171 0.200 0.200 0.200 10.000 10.000 10.000 -10.000 -10.000 -10.000 0.
1.1591365337  1.1530   26.047  -2.451  -3.157  -3.335  -1.602  -2.622  -3.330  -2.620  0.706 0.884 0.178 -2.451  -3.157  -3.335  0.300  0.300  0.300  999.000  999.000  999.000 -999.000 -999.000 -999.000 0.706 0.884 0.178 0.200 0.200 0.200 10.000 10.000 10.000 -10.000 -10.000 -10.000 0.
1.1592010260  1.1520   27.743  -2.562  -3.272  -3.458  -1.700  -2.735  -3.452  -2.732  0.710 0.896 0.186 -2.562  -3.272  -3.458  0.300  0.300  0.300  999.000  999.000  999.000 -999.000 -999.000 -999.000 0.710 0.896 0.186 0.200 0.200 0.200 10.000 10.000 10.000 -10.000 -10.000 -10.000 0.
1.1592595577  1.1520   29.536  -2.670  -3.385  -3.578  -1.795  -2.845  -3.572  -2.842  0.715 0.908 0.193 -2.670  -3.385  -3.578  0.300  0.300  0.300  999.000  999.000  999.000 -999.000 -999.000 -999.000 0.715 0.908 0.193 0.200 0.200 0.200 10.000 10.000 10.000 -10.000 -10.000 -10.000 0.
1.1593151093  1.1520   31.460  -2.781  -3.500  -3.701  -1.892  -2.958  -3.695  -2.954  0.719 0.920 0.201 -2.781  -3.500  -3.701  0.300  0.300  0.300  999.000  999.000  999.000 -999.000 -999.000 -999.000 0.719 0.920 0.201 0.200 0.200 0.200 10.000 10.000 10.000 -10.000 -10.000 -10.000 0.
1.1593649387  1.1510   33.470  -2.890  -3.618  -3.824  -1.989  -3.072  -3.818  -3.065  0.728 0.934 0.206 -2.890  -3.618  -3.824  0.300  0.300  0.300  999.000  999.000  999.000 -999.000 -999.000 -999.000 0.728 0.934 0.206 0.200 0.200 0.200 10.000 10.000 10.000 -10.000 -10.000 -10.000 0.
1.1594114304  1.1510   35.609  -3.001  -3.737  -3.948  -2.087  -3.186  -3.942  -3.178  0.736 0.947 0.211 -3.001  -3.737  -3.948  0.300  0.300  0.300  999.000  999.000  999.000 -999.000 -999.000 -999.000 0.736 0.947 0.211 0.200 0.200 0.200 10.000 10.000 10.000 -10.000 -10.000 -10.000 0.
1.1594545841  1.1500   37.901  -3.111  -3.856  -4.072  -2.184  -3.301  -4.066  -3.291  0.745 0.961 0.216 -3.111  -3.856  -4.072  0.300  0.300  0.300  999.000  999.000  999.000 -999.000 -999.000 -999.000 0.745 0.961 0.216 0.200 0.200 0.200 10.000 10.000 10.000 -10.000 -10.000 -10.000 0.
1.1594933271  1.1500   40.249  -3.219  -3.971  -4.194  -2.278  -3.412  -4.187  -3.401  0.752 0.975 0.223 -3.219  -3.971  -4.194  0.300  0.300  0.300  999.000  999.000  999.000 -999.000 -999.000 -999.000 0.752 0.975 0.223 0.200 0.200 0.200 10.000 10.000 10.000 -10.000 -10.000 -10.000 0.
1.1595293283  1.1490   42.791  -3.326  -4.086  -4.314  -2.370  -3.523  -4.308  -3.510  0.760 0.988 0.228 -3.326  -4.086  -4.314  0.300  0.300  0.300  999.000  999.000  999.000 -999.000 -999.000 -999.000 0.760 0.988 0.228 0.200 0.200 0.200 10.000 10.000 10.000 -10.000 -10.000 -10.000 0.
1.1595630646  1.1490   45.463  -3.433  -4.202  -4.436  -2.463  -3.635  -4.429  -3.619  0.769 1.003 0.234 -3.433  -4.202  -4.436  0.300  0.300  0.300  999.000  999.000  999.000 -999.000 -999.000 -999.000 0.769 1.003 0.234 0.200 0.200 0.200 10.000 10.000 10.000 -10.000 -10.000 -10.000 0.
1.1595935822  1.1480   48.245  -3.537  -4.314  -4.553  -2.552  -3.742  -4.547  -3.725  0.777 1.016 0.239 -3.537  -4.314  -4.553  0.300  0.300  0.300  999.000  999.000  999.000 -999.000 -999.000 -999.000 0.777 1.016 0.239 0.200 0.200 0.200 10.000 10.000 10.000 -10.000 -10.000 -10.000 0.
1.1596219540  1.1470   51.198  -3.641  -4.426  -4.671  -2.639  -3.850  -4.664  -3.831  0.785 1.030 0.245 -3.641  -4.426  -4.671  0.300  0.300  0.300  999.000  999.000  999.000 -999.000 -999.000 -999.000 0.785 1.030 0.245 0.200 0.200 0.200 10.000 10.000 10.000 -10.000 -10.000 -10.000 0.
1.1596487761  1.1460   54.332  -3.745  -4.538  -4.789  -2.726  -3.959  -4.782  -3.937  0.793 1.044 0.251 -3.745  -4.538  -4.789  0.300  0.300  0.300  999.000  999.000  999.000 -999.000 -999.000 -999.000 0.793 1.044 0.251 0.200 0.200 0.200 10.000 10.000 10.000 -10.000 -10.000 -10.000 0.
1.1596734524  1.1450   57.618  -3.848  -4.648  -4.905  -2.811  -4.065  -4.898  -4.042  0.800 1.057 0.257 -3.848  -4.648  -4.905  0.300  0.300  0.300  999.000  999.000  999.000 -999.000 -999.000 -999.000 0.800 1.057 0.257 0.200 0.200 0.200 10.000 10.000 10.000 -10.000 -10.000 -10.000 0.
1.1597015858  1.1440   61.923  -3.975  -4.784  -5.048  -2.911  -4.196  -5.040  -4.172  0.809 1.073 0.264 -3.975  -4.784  -5.048  0.300  0.300  0.300  999.000  999.000  999.000 -999.000 -999.000 -999.000 0.809 1.073 0.264 0.200 0.200 0.200 10.000 10.000 10.000 -10.000 -10.000 -10.000 0.
1.1597273350  1.1430   66.551  -4.100  -4.917  -5.188  -3.008  -4.325  -5.181  -4.299  0.817 1.088 0.271 -4.100  -4.917  -5.188  0.300  0.300  0.300  999.000  999.000  999.000 -999.000 -999.000 -999.000 0.817 1.088 0.271 0.200 0.200 0.200 10.000 10.000 10.000 -10.000 -10.000 -10.000 0.
1.1597511768  1.1420   71.442  -4.224  -5.049  -5.328  -3.098  -4.453  -5.321  -4.425  0.825 1.104 0.279 -4.224  -5.049  -5.328  0.300  0.300  0.300  999.000  999.000  999.000 -999.000 -999.000 -999.000 0.825 1.104 0.279 0.200 0.200 0.200 10.000 10.000 10.000 -10.000 -10.000 -10.000 0.
1.1597728729  1.1400   76.640  -4.345  -5.178  -5.466  -3.185  -4.578  -5.458  -4.548  0.833 1.121 0.288 -4.345  -5.178  -5.466  0.300  0.300  0.300  999.000  999.000  999.000 -999.000 -999.000 -999.000 0.833 1.121 0.288 0.200 0.200 0.200 10.000 10.000 10.000 -10.000 -10.000 -10.000 0.
1.1597931385  1.1380   82.121  -4.466  -5.306  -5.602  -3.263  -4.702  -5.594  -4.671  0.840 1.136 0.296 -4.466  -5.306  -5.602  0.300  0.300  0.300  999.000  999.000  999.000 -999.000 -999.000 -999.000 0.840 1.136 0.296 0.200 0.200 0.200 10.000 10.000 10.000 -10.000 -10.000 -10.000 0.
1.1598117352  1.1360   87.994  -4.584  -5.432  -5.736  -3.336  -4.824  -5.728  -4.791  0.848 1.152 0.304 -4.584  -5.432  -5.736  0.300  0.300  0.300  999.000  999.000  999.000 -999.000 -999.000 -999.000 0.848 1.152 0.304 0.200 0.200 0.200 10.000 10.000 10.000 -10.000 -10.000 -10.000 0.
1.1598292589  1.1340   94.223  -4.703  -5.557  -5.870  -3.402  -4.946  -5.862  -4.912  0.854 1.167 0.313 -4.703  -5.557  -5.870  0.300  0.300  0.300  999.000  999.000  999.000 -999.000 -999.000 -999.000 0.854 1.167 0.313 0.200 0.200 0.200 10.000 10.000 10.000 -10.000 -10.000 -10.000 0.
1.1598453522  1.1320  100.845  -4.820  -5.679  -6.002  -3.457  -5.064  -5.993  -5.030  0.859 1.182 0.323 -4.820  -5.679  -6.002  0.300  0.300  0.300  999.000  999.000  999.000 -999.000 -999.000 -999.000 0.859 1.182 0.323 0.200 0.200 0.200 10.000 10.000 10.000 -10.000 -10.000 -10.000 0.
1.1598602533  1.1290  107.735  -4.935  -5.800  -6.132  -3.504  -5.181  -6.122  -5.147  0.865 1.197 0.332 -4.935  -5.800  -6.132  0.300  0.300  0.300  999.000  999.000  999.000 -999.000 -999.000 -999.000 0.865 1.197 0.332 0.200 0.200 0.200 10.000 10.000 10.000 -10.000 -10.000 -10.000 0.
1.1598742008  1.1260  115.095  -5.049  -5.918  -6.260  -3.532  -5.296  -6.250  -5.262  0.869 1.211 0.342 -5.049  -5.918  -6.260  0.300  0.300  0.300  999.000  999.000  999.000 -999.000 -999.000 -999.000 0.869 1.211 0.342 0.200 0.200 0.200 10.000 10.000 10.000 -10.000 -10.000 -10.000 0.
1.1598868370  1.1240  122.816  -5.158  -6.032  -6.384  -3.552  -5.405  -6.374  -5.372  0.874 1.226 0.352 -5.158  -6.032  -6.384  0.300  0.300  0.300  999.000  999.000  999.000 -999.000 -999.000 -999.000 0.874 1.226 0.352 0.200 0.200 0.200 10.000 10.000 10.000 -10.000 -10.000 -10.000 0.
1.1598989964  1.1200  131.116  -5.268  -6.146  -6.509  -3.543  -5.515  -6.498  -5.484  0.878 1.241 0.363 -5.268  -6.146  -6.509  0.300  0.300  0.300  999.000  999.000  999.000 -999.000 -999.000 -999.000 0.878 1.241 0.363 0.200 0.200 0.200 10.000 10.000 10.000 -10.000 -10.000 -10.000 0.
1.1599100828  1.1170  139.655  -5.373  -6.256  -6.630  -3.527  -5.619  -6.618  -5.590  0.883 1.257 0.374 -5.373  -6.256  -6.630  0.300  0.300  0.300  999.000  999.000  999.000 -999.000 -999.000 -999.000 0.883 1.257 0.374 0.200 0.200 0.200 10.000 10.000 10.000 -10.000 -10.000 -10.000 0.
1.1599209309  1.1120  148.749  -5.480  -6.367  -6.750  -3.521  -5.723  -6.736  -5.698  0.887 1.270 0.383 -5.480  -6.367  -6.750  0.300  0.300  0.300  999.000  999.000  999.000 -999.000 -999.000 -999.000 0.887 1.270 0.383 0.200 0.200 0.200 10.000 10.000 10.000 -10.000 -10.000 -10.000 0.
1.1599309444  1.1080  158.436  -5.583  -6.476  -6.867  -3.504  -5.825  -6.852  -5.803  0.893 1.284 0.391 -5.583  -6.476  -6.867  0.300  0.300  0.300  999.000  999.000  999.000 -999.000 -999.000 -999.000 0.893 1.284 0.391 0.200 0.200 0.200 10.000 10.000 10.000 -10.000 -10.000 -10.000 0.
1.1599403620  1.1030  167.940  -5.678  -6.577  -6.977  -3.481  -5.919  -6.961  -5.899  0.899 1.299 0.400 -5.678  -6.577  -6.977  0.300  0.300  0.300  999.000  999.000  999.000 -999.000 -999.000 -999.000 0.899 1.299 0.400 0.200 0.200 0.200 10.000 10.000 10.000 -10.000 -10.000 -10.000 0.
1.1599451303  1.1000  172.526  -5.723  -6.625  -7.029  -3.470  -5.963  -7.012  -5.945  0.902 1.306 0.404 -5.723  -6.625  -7.029  0.300  0.300  0.300  999.000  999.000  999.000 -999.000 -999.000 -999.000 0.902 1.306 0.404 0.200 0.200 0.200 10.000 10.000 10.000 -10.000 -10.000 -10.000 0.
# 1.1599451303  1.1000   11.022  -0.985  -1.562  -1.667  -0.315  -1.103  -1.664
1.1600946188  1.1000   11.198  -1.013  -1.592  -1.698  -0.341  -1.132  -1.695  -1.150  0.579 0.685 0.106 -1.013  -1.592  -1.698  0.300  0.300  0.300  999.000  999.000  999.000 -999.000 -999.000 -999.000 0.579 0.685 0.106 0.200 0.200 0.200 10.000 10.000 10.000 -10.000 -10.000 -10.000 0.
1.1602348089  1.1000   11.247  -1.022  -1.602  -1.708  -0.350  -1.141  -1.705  -1.159  0.580 0.686 0.106 -1.022  -1.602  -1.708  0.300  0.300  0.300  999.000  999.000  999.000 -999.000 -999.000 -999.000 0.580 0.686 0.106 0.200 0.200 0.200 10.000 10.000 10.000 -10.000 -10.000 -10.000 0.
1.1603776217  1.1010   11.219  -1.019  -1.598  -1.704  -0.347  -1.138  -1.701  -1.156  0.579 0.685 0.106 -1.019  -1.598  -1.704  0.300  0.300  0.300  999.000  999.000  999.000 -999.000 -999.000 -999.000 0.579 0.685 0.106 0.200 0.200 0.200 10.000 10.000 10.000 -10.000 -10.000 -10.000 0.
1.1605216265  1.1010   11.173  -1.012  -1.589  -1.695  -0.342  -1.130  -1.692  -1.148  0.577 0.683 0.106 -1.012  -1.589  -1.695  0.300  0.300  0.300  999.000  999.000  999.000 -999.000 -999.000 -999.000 0.577 0.683 0.106 0.200 0.200 0.200 10.000 10.000 10.000 -10.000 -10.000 -10.000 0.
1.1606662273  1.1010   11.108  -1.005  -1.580  -1.686  -0.335  -1.122  -1.683  -1.141  0.575 0.681 0.106 -1.005  -1.580  -1.686  0.300  0.300  0.300  999.000  999.000  999.000 -999.000 -999.000 -999.000 0.575 0.681 0.106 0.200 0.200 0.200 10.000 10.000 10.000 -10.000 -10.000 -10.000 0.
1.1608093977  1.1010   11.057  -0.997  -1.571  -1.676  -0.329  -1.113  -1.673  -1.132  0.574 0.679 0.105 -0.997  -1.571  -1.676  0.300  0.300  0.300  999.000  999.000  999.000 -999.000 -999.000 -999.000 0.574 0.679 0.105 0.200 0.200 0.200 10.000 10.000 10.000 -10.000 -10.000 -10.000 0.
1.1609516144  1.1010   10.999  -0.989  -1.562  -1.667  -0.323  -1.106  -1.664  -1.124  0.573 0.678 0.105 -0.989  -1.562  -1.667  0.300  0.300  0.300  999.000  999.000  999.000 -999.000 -999.000 -999.000 0.573 0.678 0.105 0.200 0.200 0.200 10.000 10.000 10.000 -10.000 -10.000 -10.000 0.
1.1610950232  1.1010   10.954  -0.982  -1.554  -1.658  -0.317  -1.098  -1.655  -1.117  0.572 0.676 0.104 -0.982  -1.554  -1.658  0.300  0.300  0.300  999.000  999.000  999.000 -999.000 -999.000 -999.000 0.572 0.676 0.104 0.200 0.200 0.200 10.000 10.000 10.000 -10.000 -10.000 -10.000 0.
1.1612373590  1.1020   10.908  -0.976  -1.546  -1.650  -0.312  -1.091  -1.647  -1.110  0.570 0.674 0.104 -0.976  -1.546  -1.650  0.300  0.300  0.300  999.000  999.000  999.000 -999.000 -999.000 -999.000 0.570 0.674 0.104 0.200 0.200 0.200 10.000 10.000 10.000 -10.000 -10.000 -10.000 0.
1.1613842249  1.1020   10.863  -0.970  -1.539  -1.643  -0.307  -1.085  -1.640  -1.104  0.569 0.673 0.104 -0.970  -1.539  -1.643  0.300  0.300  0.300  999.000  999.000  999.000 -999.000 -999.000 -999.000 0.569 0.673 0.104 0.200 0.200 0.200 10.000 10.000 10.000 -10.000 -10.000 -10.000 0.
1.1615210772  1.1020   10.836  -0.965  -1.534  -1.637  -0.304  -1.080  -1.634  -1.099  0.569 0.672 0.103 -0.965  -1.534  -1.637  0.300  0.300  0.300  999.000  999.000  999.000 -999.000 -999.000 -999.000 0.569 0.672 0.103 0.200 0.200 0.200 10.000 10.000 10.000 -10.000 -10.000 -10.000 0.
1.1616706848  1.1020   10.796  -0.961  -1.528  -1.632  -0.300  -1.075  -1.629  -1.094  0.567 0.671 0.104 -0.961  -1.528  -1.632  0.300  0.300  0.300  999.000  999.000  999.000 -999.000 -999.000 -999.000 0.567 0.671 0.104 0.200 0.200 0.200 10.000 10.000 10.000 -10.000 -10.000 -10.000 0.
1.1618181467  1.1020   10.768  -0.957  -1.524  -1.627  -0.298  -1.071  -1.624  -1.090  0.567 0.670 0.103 -0.957  -1.524  -1.627  0.300  0.300  0.300  999.000  999.000  999.000 -999.000 -999.000 -999.000 0.567 0.670 0.103 0.200 0.200 0.200 10.000 10.000 10.000 -10.000 -10.000 -10.000 0.
1.1618820429  1.1020   10.764  -0.956  -1.522  -1.625  -0.297  -1.070  -1.622  -1.089  0.566 0.669 0.103 -0.956  -1.522  -1.625  0.300  0.300  0.300  999.000  999.000  999.000 -999.000 -999.000 -999.000 0.566 0.669 0.103 0.200 0.200 0.200 10.000 10.000 10.000 -10.000 -10.000 -10.000 0.
1.1619615555  1.1020   10.741  -0.954  -1.520  -1.623  -0.296  -1.068  -1.620  -1.087  0.566 0.669 0.103 -0.954  -1.520  -1.623  0.300  0.300  0.300  999.000  999.000  999.000 -999.000 -999.000 -999.000 0.566 0.669 0.103 0.200 0.200 0.200 10.000 10.000 10.000 -10.000 -10.000 -10.000 0.
1.1620997190  1.1030   10.719  -0.952  -1.517  -1.620  -0.294  -1.065  -1.617  -1.085  0.565 0.668 0.103 -0.952  -1.517  -1.620  0.300  0.300  0.300  999.000  999.000  999.000 -999.000 -999.000 -999.000 0.565 0.668 0.103 0.200 0.200 0.200 10.000 10.000 10.000 -10.000 -10.000 -10.000 0.
1.1622420549  1.1030   10.709  -0.950  -1.515  -1.617  -0.293  -1.063  -1.614  -1.083  0.565 0.667 0.102 -0.950  -1.515  -1.617  0.300  0.300  0.300  999.000  999.000  999.000 -999.000 -999.000 -999.000 0.565 0.667 0.102 0.200 0.200 0.200 10.000 10.000 10.000 -10.000 -10.000 -10.000 0.
1.1623761654  1.1030   10.704  -0.949  -1.513  -1.616  -0.292  -1.062  -1.613  -1.082  0.564 0.667 0.103 -0.949  -1.513  -1.616  0.300  0.300  0.300  999.000  999.000  999.000 -999.000 -999.000 -999.000 0.564 0.667 0.103 0.200 0.200 0.200 10.000 10.000 10.000 -10.000 -10.000 -10.000 0.
1.1625132561  1.1030   10.694  -0.949  -1.513  -1.615  -0.292  -1.062  -1.612  -1.082  0.564 0.666 0.102 -0.949  -1.513  -1.615  0.300  0.300  0.300  999.000  999.000  999.000 -999.000 -999.000 -999.000 0.564 0.666 0.102 0.200 0.200 0.200 10.000 10.000 10.000 -10.000 -10.000 -10.000 0.
1.1626523733  1.1030   10.694  -0.950  -1.513  -1.616  -0.294  -1.063  -1.613  -1.082  0.563 0.666 0.103 -0.950  -1.513  -1.616  0.300  0.300  0.300  999.000  999.000  999.000 -999.000 -999.000 -999.000 0.563 0.666 0.103 0.200 0.200 0.200 10.000 10.000 10.000 -10.000 -10.000 -10.000 0.
1.1627874374  1.1030   10.702  -0.952  -1.515  -1.618  -0.296  -1.065  -1.615  -1.084  0.563 0.666 0.103 -0.952  -1.515  -1.618  0.300  0.300  0.300  999.000  999.000  999.000 -999.000 -999.000 -999.000 0.563 0.666 0.103 0.200 0.200 0.200 10.000 10.000 10.000 -10.000 -10.000 -10.000 0.
1.1629067659  1.1040   10.714  -0.955  -1.518  -1.620  -0.298  -1.067  -1.617  -1.087  0.563 0.665 0.102 -0.955  -1.518  -1.620  0.300  0.300  0.300  999.000  999.000  999.000 -999.000 -999.000 -999.000 0.563 0.665 0.102 0.200 0.200 0.200 10.000 10.000 10.000 -10.000 -10.000 -10.000 0.
1.1629958153  1.1040   10.731  -0.957  -1.520  -1.623  -0.301  -1.070  -1.620  -1.089  0.563 0.666 0.103 -0.957  -1.520  -1.623  0.300  0.300  0.300  999.000  999.000  999.000 -999.000 -999.000 -999.000 0.563 0.666 0.103 0.200 0.200 0.200 10.000 10.000 10.000 -10.000 -10.000 -10.000 0.
1.1631299257  1.1040   10.761  -0.962  -1.526  -1.628  -0.305  -1.075  -1.625  -1.095  0.564 0.666 0.102 -0.962  -1.526  -1.628  0.300  0.300  0.300  999.000  999.000  999.000 -999.000 -999.000 -999.000 0.564 0.666 0.102 0.200 0.200 0.200 10.000 10.000 10.000 -10.000 -10.000 -10.000 0.
1.1632592678  1.1040   10.791  -0.968  -1.532  -1.635  -0.311  -1.081  -1.632  -1.101  0.564 0.667 0.103 -0.968  -1.532  -1.635  0.300  0.300  0.300  999.000  999.000  999.000 -999.000 -999.000 -999.000 0.564 0.667 0.103 0.200 0.200 0.200 10.000 10.000 10.000 -10.000 -10.000 -10.000 0.
1.1633892059  1.1040   10.838  -0.976  -1.541  -1.643  -0.318  -1.089  -1.640  -1.109  0.565 0.667 0.102 -0.976  -1.541  -1.643  0.300  0.300  0.300  999.000  999.000  999.000 -999.000 -999.000 -999.000 0.565 0.667 0.102 0.200 0.200 0.200 10.000 10.000 10.000 -10.000 -10.000 -10.000 0.
1.1635195017  1.1040   10.903  -0.986  -1.551  -1.654  -0.327  -1.099  -1.651  -1.119  0.565 0.668 0.103 -0.986  -1.551  -1.654  0.300  0.300  0.300  999.000  999.000  999.000 -999.000 -999.000 -999.000 0.565 0.668 0.103 0.200 0.200 0.200 10.000 10.000 10.000 -10.000 -10.000 -10.000 0.
1.1636476517  1.1040   10.969  -0.998  -1.564  -1.667  -0.337  -1.111  -1.664  -1.131  0.566 0.669 0.103 -0.998  -1.564  -1.667  0.300  0.300  0.300  999.000  999.000  999.000 -999.000 -999.000 -999.000 0.566 0.669 0.103 0.200 0.200 0.200 10.000 10.000 10.000 -10.000 -10.000 -10.000 0.
1.1637761593  1.1050   11.052  -1.011  -1.578  -1.682  -0.350  -1.125  -1.679  -1.144  0.567 0.671 0.104 -1.011  -1.578  -1.682  0.300  0.300  0.300  999.000  999.000  999.000 -999.000 -999.000 -999.000 0.567 0.671 0.104 0.200 0.200 0.200 10.000 10.000 10.000 -10.000 -10.000 -10.000 0.
1.1639075279  1.1050   11.160  -1.027  -1.596  -1.700  -0.364  -1.142  -1.697  -1.161  0.569 0.673 0.104 -1.027  -1.596  -1.700  0.300  0.300  0.300  999.000  999.000  999.000 -999.000 -999.000 -999.000 0.569 0.673 0.104 0.200 0.200 0.200 10.000 10.000 10.000 -10.000 -10.000 -10.000 0.
1.1640490294  1.1050   11.268  -1.046  -1.617  -1.721  -0.381  -1.161  -1.718  -1.180  0.571 0.675 0.104 -1.046  -1.617  -1.721  0.300  0.300  0.300  999.000  999.000  999.000 -999.000 -999.000 -999.000 0.571 0.675 0.104 0.200 0.200 0.200 10.000 10.000 10.000 -10.000 -10.000 -10.000 0.
1.1641795635  1.1050   11.404  -1.068  -1.640  -1.746  -0.401  -1.184  -1.743  -1.203  0.572 0.678 0.106 -1.068  -1.640  -1.746  0.300  0.300  0.300  999.000  999.000  999.000 -999.000 -999.000 -999.000 0.572 0.678 0.106 0.200 0.200 0.200 10.000 10.000 10.000 -10.000 -10.000 -10.000 0.
1.1642360687  1.1050   11.404  -1.067  -1.640  -1.745  -0.400  -1.183  -1.742  -1.202  0.573 0.678 0.105 -1.067  -1.640  -1.745  0.300  0.300  0.300  999.000  999.000  999.000 -999.000 -999.000 -999.000 0.573 0.678 0.105 0.200 0.200 0.200 10.000 10.000 10.000 -10.000 -10.000 -10.000 0.
1.1643661261  1.1050   11.691  -1.111  -1.687  -1.794  -0.439  -1.228  -1.791  -1.247  0.576 0.683 0.107 -1.111  -1.687  -1.794  0.300  0.300  0.300  999.000  999.000  999.000 -999.000 -999.000 -999.000 0.576 0.683 0.107 0.200 0.200 0.200 10.000 10.000 10.000 -10.000 -10.000 -10.000 0.
1.1644939184  1.1050   12.220  -1.190  -1.774  -1.883  -0.511  -1.311  -1.880  -1.328  0.584 0.693 0.109 -1.190  -1.774  -1.883  0.300  0.300  0.300  999.000  999.000  999.000 -999.000 -999.000 -999.000 0.584 0.693 0.109 0.200 0.200 0.200 10.000 10.000 10.000 -10.000 -10.000 -10.000 0.
1.1645827293  1.1060   12.941  -1.290  -1.884  -1.995  -0.600  -1.414  -1.992  -1.430  0.594 0.705 0.111 -1.290  -1.884  -1.995  0.300  0.300  0.300  999.000  999.000  999.000 -999.000 -999.000 -999.000 0.594 0.705 0.111 0.200 0.200 0.200 10.000 10.000 10.000 -10.000 -10.000 -10.000 0.
1.1646306515  1.1060   13.739  -1.396  -2.000  -2.115  -0.695  -1.524  -2.112  -1.539  0.604 0.719 0.115 -1.396  -2.000  -2.115  0.300  0.300  0.300  999.000  999.000  999.000 -999.000 -999.000 -999.000 0.604 0.719 0.115 0.200 0.200 0.200 10.000 10.000 10.000 -10.000 -10.000 -10.000 0.
1.1646561623  1.1060   14.556  -1.498  -2.112  -2.230  -0.786  -1.630  -2.227  -1.643  0.614 0.732 0.118 -1.498  -2.112  -2.230  0.300  0.300  0.300  999.000  999.000  999.000 -999.000 -999.000 -999.000 0.614 0.732 0.118 0.200 0.200 0.200 10.000 10.000 10.000 -10.000 -10.000 -10.000 0.
1.1646713018  1.1060   15.508  -1.610  -2.234  -2.356  -0.887  -1.746  -2.353  -1.758  0.624 0.746 0.122 -1.610  -2.234  -2.356  0.300  0.300  0.300  999.000  999.000  999.000 -999.000 -999.000 -999.000 0.624 0.746 0.122 0.200 0.200 0.200 10.000 10.000 10.000 -10.000 -10.000 -10.000 0.
1.1646792889  1.1060   16.476  -1.717  -2.352  -2.477  -0.983  -1.858  -2.474  -1.868  0.635 0.760 0.125 -1.717  -2.352  -2.477  0.300  0.300  0.300  999.000  999.000  999.000 -999.000 -999.000 -999.000 0.635 0.760 0.125 0.200 0.200 0.200 10.000 10.000 10.000 -10.000 -10.000 -10.000 0.
1.1646839380  1.1060   17.477  -1.819  -2.463  -2.592  -1.074  -1.964  -2.589  -1.972  0.644 0.773 0.129 -1.819  -2.463  -2.592  0.300  0.300  0.300  999.000  999.000  999.000 -999.000 -999.000 -999.000 0.644 0.773 0.129 0.200 0.200 0.200 10.000 10.000 10.000 -10.000 -10.000 -10.000 0.
1.1646867990  1.1060   18.448  -1.914  -2.563  -2.697  -1.158  -2.060  -2.693  -2.069  0.649 0.783 0.134 -1.914  -2.563  -2.697  0.300  0.300  0.300  999.000  999.000  999.000 -999.000 -999.000 -999.000 0.649 0.783 0.134 0.200 0.200 0.200 10.000 10.000 10.000 -10.000 -10.000 -10.000 0.
1.1646885872  1.1060   19.225  -1.985  -2.637  -2.776  -1.222  -2.133  -2.772  -2.140  0.652 0.791 0.139 -1.985  -2.637  -2.776  0.300  0.300  0.300  999.000  999.000  999.000 -999.000 -999.000 -999.000 0.652 0.791 0.139 0.200 0.200 0.200 10.000 10.000 10.000 -10.000 -10.000 -10.000 0.
1.1646893024  1.1060   19.591  -2.019  -2.672  -2.813  -1.251  -2.167  -2.809  -2.175  0.653 0.794 0.141 -2.019  -2.672  -2.813  0.300  0.300  0.300  999.000  999.000  999.000 -999.000 -999.000 -999.000 0.653 0.794 0.141 0.200 0.200 0.200 10.000 10.000 10.000 -10.000 -10.000 -10.000 0.
1.1646915674  1.1060   20.896  -2.130  -2.789  -2.936  -1.350  -2.281  -2.932  -2.287  0.659 0.806 0.147 -2.130  -2.789  -2.936  0.300  0.300  0.300  999.000  999.000  999.000 -999.000 -999.000 -999.000 0.659 0.806 0.147 0.200 0.200 0.200 10.000 10.000 10.000 -10.000 -10.000 -10.000 0.
1.1646935940  1.1060   21.951  -2.216  -2.879  -3.031  -1.426  -2.368  -3.027  -2.374  0.663 0.815 0.152 -2.216  -2.879  -3.031  0.300  0.300  0.300  999.000  999.000  999.000 -999.000 -999.000 -999.000 0.663 0.815 0.152 0.200 0.200 0.200 10.000 10.000 10.000 -10.000 -10.000 -10.000 0.
1.1646956205  1.1060   22.712  -2.275  -2.941  -3.097  -1.478  -2.428  -3.093  -2.434  0.666 0.822 0.156 -2.275  -2.941  -3.097  0.300  0.300  0.300  999.000  999.000  999.000 -999.000 -999.000 -999.000 0.666 0.822 0.156 0.200 0.200 0.200 10.000 10.000 10.000 -10.000 -10.000 -10.000 0.
1.1646977663  1.1060   23.348  -2.322  -2.990  -3.149  -1.519  -2.476  -3.145  -2.481  0.668 0.827 0.159 -2.322  -2.990  -3.149  0.300  0.300  0.300  999.000  999.000  999.000 -999.000 -999.000 -999.000 0.668 0.827 0.159 0.200 0.200 0.200 10.000 10.000 10.000 -10.000 -10.000 -10.000 0.
1.1647037268  1.1060   22.602  -2.267  -2.933  -3.088  -1.471  -2.420  -3.084  -2.426  0.666 0.821 0.155 -2.267  -2.933  -3.088  0.300  0.300  0.300  999.000  999.000  999.000 -999.000 -999.000 -999.000 0.666 0.821 0.155 0.200 0.200 0.200 10.000 10.000 10.000 -10.000 -10.000 -10.000 0.
1.1647077799  1.1060   21.951  -2.217  -2.880  -3.032  -1.427  -2.369  -3.028  -2.375  0.663 0.815 0.152 -2.217  -2.880  -3.032  0.300  0.300  0.300  999.000  999.000  999.000 -999.000 -999.000 -999.000 0.663 0.815 0.152 0.200 0.200 0.200 10.000 10.000 10.000 -10.000 -10.000 -10.000 0.
1.1647169590  1.1060   21.216  -2.157  -2.817  -2.966  -1.374  -2.308  -2.962  -2.314  0.660 0.809 0.149 -2.157  -2.817  -2.966  0.300  0.300  0.300  999.000  999.000  999.000 -999.000 -999.000 -999.000 0.660 0.809 0.149 0.200 0.200 0.200 10.000 10.000 10.000 -10.000 -10.000 -10.000 0.
1.1647359133  1.1060   20.987  -2.140  -2.799  -2.946  -1.358  -2.290  -2.942  -2.297  0.659 0.806 0.147 -2.140  -2.799  -2.946  0.300  0.300  0.300  999.000  999.000  999.000 -999.000 -999.000 -999.000 0.659 0.806 0.147 0.200 0.200 0.200 10.000 10.000 10.000 -10.000 -10.000 -10.000 0.
1.1648370028  1.1050   21.123  -2.148  -2.808  -2.956  -1.366  -2.299  -2.952  -2.305  0.660 0.808 0.148 -2.148  -2.808  -2.956  0.300  0.300  0.300  999.000  999.000  999.000 -999.000 -999.000 -999.000 0.660 0.808 0.148 0.200 0.200 0.200 10.000 10.000 10.000 -10.000 -10.000 -10.000 0.
1.1649031639  1.1050   22.262  -2.239  -2.903  -3.057  -1.446  -2.391  -3.053  -2.397  0.664 0.818 0.154 -2.239  -2.903  -3.057  0.300  0.300  0.300  999.000  999.000  999.000 -999.000 -999.000 -999.000 0.664 0.818 0.154 0.200 0.200 0.200 10.000 10.000 10.000 -10.000 -10.000 -10.000 0.
1.1649590731  1.1040   23.679  -2.346  -3.016  -3.176  -1.540  -2.501  -3.172  -2.506  0.670 0.830 0.160 -2.346  -3.016  -3.176  0.300  0.300  0.300  999.000  999.000  999.000 -999.000 -999.000 -999.000 0.670 0.830 0.160 0.200 0.200 0.200 10.000 10.000 10.000 -10.000 -10.000 -10.000 0.
1.1650067568  1.1030   25.267  -2.458  -3.133  -3.301  -1.639  -2.615  -3.296  -2.619  0.675 0.843 0.168 -2.458  -3.133  -3.301  0.300  0.300  0.300  999.000  999.000  999.000 -999.000 -999.000 -999.000 0.675 0.843 0.168 0.200 0.200 0.200 10.000 10.000 10.000 -10.000 -10.000 -10.000 0.
1.1650466919  1.1030   26.962  -2.568  -3.249  -3.425  -1.735  -2.728  -3.420  -2.731  0.681 0.857 0.176 -2.568  -3.249  -3.425  0.300  0.300  0.300  999.000  999.000  999.000 -999.000 -999.000 -999.000 0.681 0.857 0.176 0.200 0.200 0.200 10.000 10.000 10.000 -10.000 -10.000 -10.000 0.
1.1650804281  1.1020   28.725  -2.676  -3.363  -3.546  -1.830  -2.838  -3.541  -2.840  0.687 0.870 0.183 -2.676  -3.363  -3.546  0.300  0.300  0.300  999.000  999.000  999.000 -999.000 -999.000 -999.000 0.687 0.870 0.183 0.200 0.200 0.200 10.000 10.000 10.000 -10.000 -10.000 -10.000 0.
1.1651099920  1.1010   30.602  -2.785  -3.477  -3.668  -1.924  -2.949  -3.662  -2.951  0.692 0.883 0.191 -2.785  -3.477  -3.668  0.300  0.300  0.300  999.000  999.000  999.000 -999.000 -999.000 -999.000 0.692 0.883 0.191 0.200 0.200 0.200 10.000 10.000 10.000 -10.000 -10.000 -10.000 0.
1.1651358604  1.1000   32.618  -2.895  -3.597  -3.794  -2.021  -3.064  -3.788  -3.063  0.702 0.899 0.197 -2.895  -3.597  -3.794  0.300  0.300  0.300  999.000  999.000  999.000 -999.000 -999.000 -999.000 0.702 0.899 0.197 0.200 0.200 0.200 10.000 10.000 10.000 -10.000 -10.000 -10.000 0.
1.1651592255  1.0990   34.766  -3.007  -3.718  -3.921  -2.119  -3.180  -3.915  -3.178  0.711 0.914 0.203 -3.007  -3.718  -3.921  0.300  0.300  0.300  999.000  999.000  999.000 -999.000 -999.000 -999.000 0.711 0.914 0.203 0.200 0.200 0.200 10.000 10.000 10.000 -10.000 -10.000 -10.000 0.
1.1651806831  1.0980   37.073  -3.119  -3.840  -4.049  -2.217  -3.297  -4.043  -3.292  0.721 0.930 0.209 -3.119  -3.840  -4.049  0.300  0.300  0.300  999.000  999.000  999.000 -999.000 -999.000 -999.000 0.721 0.930 0.209 0.200 0.200 0.200 10.000 10.000 10.000 -10.000 -10.000 -10.000 0.
1.1652005911  1.0960   39.578  -3.232  -3.963  -4.178  -2.315  -3.415  -4.172  -3.408  0.731 0.946 0.215 -3.232  -3.963  -4.178  0.300  0.300  0.300  999.000  999.000  999.000 -999.000 -999.000 -999.000 0.731 0.946 0.215 0.200 0.200 0.200 10.000 10.000 10.000 -10.000 -10.000 -10.000 0.
1.1652191877  1.0950   42.585  -3.348  -4.094  -4.318  -2.410  -3.539  -4.311  -3.528  0.746 0.970 0.224 -3.348  -4.094  -4.318  0.300  0.300  0.300  999.000  999.000  999.000 -999.000 -999.000 -999.000 0.746 0.970 0.224 0.200 0.200 0.200 10.000 10.000 10.000 -10.000 -10.000 -10.000 0.
1.1652326584  1.0930   45.098  -3.439  -4.198  -4.428  -2.481  -3.635  -4.421  -3.622  0.759 0.989 0.230 -3.439  -4.198  -4.428  0.300  0.300  0.300  999.000  999.000  999.000 -999.000 -999.000 -999.000 0.759 0.989 0.230 0.200 0.200 0.200 10.000 10.000 10.000 -10.000 -10.000 -10.000 0.
1.1652495861  1.0910   48.501  -3.557  -4.330  -4.569  -2.577  -3.761  -4.562  -3.744  0.773 1.012 0.239 -3.557  -4.330  -4.569  0.300  0.300  0.300  999.000  999.000  999.000 -999.000 -999.000 -999.000 0.773 1.012 0.239 0.200 0.200 0.200 10.000 10.000 10.000 -10.000 -10.000 -10.000 0.
1.1652652025  1.0890   51.946  -3.672  -4.456  -4.702  -2.670  -3.881  -4.695  -3.862  0.784 1.030 0.246 -3.672  -4.456  -4.702  0.300  0.300  0.300  999.000  999.000  999.000 -999.000 -999.000 -999.000 0.784 1.030 0.246 0.200 0.200 0.200 10.000 10.000 10.000 -10.000 -10.000 -10.000 0.
1.1652801037  1.0860   55.521  -3.786  -4.579  -4.832  -2.764  -4.000  -4.825  -3.978  0.793 1.046 0.253 -3.786  -4.579  -4.832  0.300  0.300  0.300  999.000  999.000  999.000 -999.000 -999.000 -999.000 0.793 1.046 0.253 0.200 0.200 0.200 10.000 10.000 10.000 -10.000 -10.000 -10.000 0.
1.1652939320  1.0830   59.464  -3.905  -4.706  -4.967  -2.857  -4.123  -4.959  -4.100  0.801 1.062 0.261 -3.905  -4.706  -4.967  0.300  0.300  0.300  999.000  999.000  999.000 -999.000 -999.000 -999.000 0.801 1.062 0.261 0.200 0.200 0.200 10.000 10.000 10.000 -10.000 -10.000 -10.000 0.
1.1653044224  1.0800   63.512  -4.019  -4.830  -5.097  -2.945  -4.242  -5.090  -4.216  0.811 1.078 0.267 -4.019  -4.830  -5.097  0.300  0.300  0.300  999.000  999.000  999.000 -999.000 -999.000 -999.000 0.811 1.078 0.267 0.200 0.200 0.200 10.000 10.000 10.000 -10.000 -10.000 -10.000 0.
1.1653114557  1.0780   67.539  -4.125  -4.943  -5.217  -3.024  -4.351  -5.210  -4.324  0.818 1.092 0.274 -4.125  -4.943  -5.217  0.300  0.300  0.300  999.000  999.000  999.000 -999.000 -999.000 -999.000 0.818 1.092 0.274 0.200 0.200 0.200 10.000 10.000 10.000 -10.000 -10.000 -10.000 0.
1.1653169394  1.0760   72.053  -4.235  -5.061  -5.343  -3.101  -4.465  -5.335  -4.436  0.826 1.108 0.282 -4.235  -5.061  -5.343  0.300  0.300  0.300  999.000  999.000  999.000 -999.000 -999.000 -999.000 0.826 1.108 0.282 0.200 0.200 0.200 10.000 10.000 10.000 -10.000 -10.000 -10.000 0.
1.1653219461  1.0740   77.065  -4.350  -5.185  -5.475  -3.181  -4.584  -5.467  -4.554  0.835 1.125 0.290 -4.350  -5.185  -5.475  0.300  0.300  0.300  999.000  999.000  999.000 -999.000 -999.000 -999.000 0.835 1.125 0.290 0.200 0.200 0.200 10.000 10.000 10.000 -10.000 -10.000 -10.000 0.
1.1653265953  1.0710   82.767  -4.470  -5.312  -5.611  -3.251  -4.707  -5.603  -4.676  0.842 1.141 0.299 -4.470  -5.312  -5.611  0.300  0.300  0.300  999.000  999.000  999.000 -999.000 -999.000 -999.000 0.842 1.141 0.299 0.200 0.200 0.200 10.000 10.000 10.000 -10.000 -10.000 -10.000 0.
1.1653310061  1.0680   88.604  -4.587  -5.438  -5.746  -3.319  -4.828  -5.738  -4.795  0.851 1.159 0.308 -4.587  -5.438  -5.746  0.300  0.300  0.300  999.000  999.000  999.000 -999.000 -999.000 -999.000 0.851 1.159 0.308 0.200 0.200 0.200 10.000 10.000 10.000 -10.000 -10.000 -10.000 0.
1.1653351784  1.0650   95.336  -4.711  -5.568  -5.887  -3.372  -4.955  -5.878  -4.921  0.857 1.176 0.319 -4.711  -5.568  -5.887  0.300  0.300  0.300  999.000  999.000  999.000 -999.000 -999.000 -999.000 0.857 1.176 0.319 0.200 0.200 0.200 10.000 10.000 10.000 -10.000 -10.000 -10.000 0.
1.1653397083  1.0600  102.744  -4.837  -5.702  -6.032  -3.420  -5.084  -6.023  -5.049  0.865 1.195 0.330 -4.837  -5.702  -6.032  0.300  0.300  0.300  999.000  999.000  999.000 -999.000 -999.000 -999.000 0.865 1.195 0.330 0.200 0.200 0.200 10.000 10.000 10.000 -10.000 -10.000 -10.000 0.
1.1653441191  1.0550  110.117  -4.953  -5.823  -6.164  -3.438  -5.200  -6.154  -5.166  0.870 1.211 0.341 -4.953  -5.823  -6.164  0.300  0.300  0.300  999.000  999.000  999.000 -999.000 -999.000 -999.000 0.870 1.211 0.341 0.200 0.200 0.200 10.000 10.000 10.000 -10.000 -10.000 -10.000 0.
1.1653490067  1.0480  118.129  -5.069  -5.944  -6.298  -3.444  -5.317  -6.287  -5.284  0.875 1.229 0.354 -5.069  -5.944  -6.298  0.300  0.300  0.300  999.000  999.000  999.000 -999.000 -999.000 -999.000 0.875 1.229 0.354 0.200 0.200 0.200 10.000 10.000 10.000 -10.000 -10.000 -10.000 0.
1.1653543711  1.0390  126.986  -5.186  -6.067  -6.434  -3.416  -5.433  -6.422  -5.402  0.881 1.248 0.367 -5.186  -6.067  -6.434  0.300  0.300  0.300  999.000  999.000  999.000 -999.000 -999.000 -999.000 0.881 1.248 0.367 0.200 0.200 0.200 10.000 10.000 10.000 -10.000 -10.000 -10.000 0.
1.1653574705  1.0330  133.277  -5.265  -6.151  -6.526  -3.394  -5.512  -6.514  -5.483  0.886 1.261 0.375 -5.265  -6.151  -6.526  0.300  0.300  0.300  999.000  999.000  999.000 -999.000 -999.000 -999.000 0.886 1.261 0.375 0.200 0.200 0.200 10.000 10.000 10.000 -10.000 -10.000 -10.000 0.
1.1653579473  1.0310  135.256  -5.289  -6.176  -6.553  -3.390  -5.535  -6.540  -5.507  0.887 1.264 0.377 -5.289  -6.176  -6.553  0.300  0.300  0.300  999.000  999.000  999.000 -999.000 -999.000 -999.000 0.887 1.264 0.377 0.200 0.200 0.200 10.000 10.000 10.000 -10.000 -10.000 -10.000 0.
1.1653592587  1.0290  139.365  -5.336  -6.225  -6.606  -3.379  -5.580  -6.593  -5.555  0.889 1.270 0.381 -5.336  -6.225  -6.606  0.300  0.300  0.300  999.000  999.000  999.000 -999.000 -999.000 -999.000 0.889 1.270 0.381 0.200 0.200 0.200 10.000 10.000 10.000 -10.000 -10.000 -10.000 0.
1.1653593779  1.0280  118.729  -5.073  -5.949  -6.305  -3.419  -5.320  -6.294  -5.288  0.876 1.232 0.356 -5.073  -5.949  -6.305  0.300  0.300  0.300  999.000  999.000  999.000 -999.000 -999.000 -999.000 0.876 1.232 0.356 0.200 0.200 0.200 10.000 10.000 10.000 -10.000 -10.000 -10.000 0.
1.1653594971  1.0280  120.380  -5.096  -5.973  -6.331  -3.416  -5.343  -6.321  -5.311  0.877 1.235 0.358 -5.096  -5.973  -6.331  0.300  0.300  0.300  999.000  999.000  999.000 -999.000 -999.000 -999.000 0.877 1.235 0.358 0.200 0.200 0.200 10.000 10.000 10.000 -10.000 -10.000 -10.000 0.
1.1653596163  1.0280  119.993  -5.090  -5.967  -6.324  -3.417  -5.337  -6.314  -5.305  0.877 1.234 0.357 -5.090  -5.967  -6.324  0.300  0.300  0.300  999.000  999.000  999.000 -999.000 -999.000 -999.000 0.877 1.234 0.357 0.200 0.200 0.200 10.000 10.000 10.000 -10.000 -10.000 -10.000 0.
1.1653597355  1.0280  120.186  -5.092  -5.970  -6.327  -3.418  -5.340  -6.317  -5.308  0.878 1.235 0.357 -5.092  -5.970  -6.327  0.300  0.300  0.300  999.000  999.000  999.000 -999.000 -999.000 -999.000 0.878 1.235 0.357 0.200 0.200 0.200 10.000 10.000 10.000 -10.000 -10.000 -10.000 0.
1.1653599739  1.0270  119.441  -5.083  -5.959  -6.316  -3.421  -5.330  -6.305  -5.298  0.876 1.233 0.357 -5.083  -5.959  -6.316  0.300  0.300  0.300  999.000  999.000  999.000 -999.000 -999.000 -999.000 0.876 1.233 0.357 0.200 0.200 0.200 10.000 10.000 10.000 -10.000 -10.000 -10.000 0.
1.1653602123  1.0270  122.646  -5.126  -6.005  -6.366  -3.415  -5.374  -6.355  -5.342  0.879 1.240 0.361 -5.126  -6.005  -6.366  0.300  0.300  0.300  999.000  999.000  999.000 -999.000 -999.000 -999.000 0.879 1.240 0.361 0.200 0.200 0.200 10.000 10.000 10.000 -10.000 -10.000 -10.000 0.
1.1653605700  1.0260  131.782  -5.244  -6.130  -6.503  -3.390  -5.491  -6.491  -5.462  0.886 1.259 0.373 -5.244  -6.130  -6.503  0.300  0.300  0.300  999.000  999.000  999.000 -999.000 -999.000 -999.000 0.886 1.259 0.373 0.200 0.200 0.200 10.000 10.000 10.000 -10.000 -10.000 -10.000 0.
1.1653609276  1.0250  143.534  -5.385  -6.276  -6.662  -3.367  -5.628  -6.647  -5.604  0.891 1.277 0.386 -5.385  -6.276  -6.662  0.300  0.300  0.300  999.000  999.000  999.000 -999.000 -999.000 -999.000 0.891 1.277 0.386 0.200 0.200 0.200 10.000 10.000 10.000 -10.000 -10.000 -10.000 0.
1.1653612852  1.0240  157.237  -5.531  -6.432  -6.832  -3.322  -5.771  -6.815  -5.753  0.901 1.301 0.400 -5.531  -6.432  -6.832  0.300  0.300  0.300  999.000  999.000  999.000 -999.000 -999.000 -999.000 0.901 1.301 0.400 0.200 0.200 0.200 10.000 10.000 10.000 -10.000 -10.000 -10.000 0.
1.1653618813  1.0220  169.143  -5.645  -6.554  -6.966  -3.281  -5.883  -6.946  -5.869  0.909 1.321 0.412 -5.645  -6.554  -6.966  0.300  0.300  0.300  999.000  999.000  999.000 -999.000 -999.000 -999.000 0.909 1.321 0.412 0.200 0.200 0.200 10.000 10.000 10.000 -10.000 -10.000 -10.000 0.
1.1653625965  1.0190  181.074  -5.752  -6.666  -7.087  -3.276  -5.984  -7.063  -5.977  0.914 1.335 0.421 -5.752  -6.666  -7.087  0.300  0.300  0.300  999.000  999.000  999.000 -999.000 -999.000 -999.000 0.914 1.335 0.421 0.200 0.200 0.200 10.000 10.000 10.000 -10.000 -10.000 -10.000 0.
1.1653631926  1.0160  187.739  -5.807  -6.725  -7.150  -3.269  -6.037  -7.125  -6.034  0.918 1.343 0.425 -5.807  -6.725  -7.150  0.300  0.300  0.300  999.000  999.000  999.000 -999.000 -999.000 -999.000 0.918 1.343 0.425 0.200 0.200 0.200 10.000 10.000 10.000 -10.000 -10.000 -10.000 0.
# 1.1653631926  1.0160  115.333  -5.018  -5.893  -6.246  -3.396  -5.266  -6.236
1.1653633118  1.0160   93.509  -4.669  -5.527  -5.845  -3.333  -4.913  -5.837  -4.879  0.858 1.176 0.318 -4.669  -5.527  -5.845  0.300  0.300  0.300  999.000  999.000  999.000 -999.000 -999.000 -999.000 0.858 1.176 0.318 0.200 0.200 0.200 10.000 10.000 10.000 -10.000 -10.000 -10.000 0.
1.1653634310  1.0150   69.049  -4.172  -4.988  -5.265  -3.068  -4.397  -5.257  -4.371  0.816 1.093 0.277 -4.172  -4.988  -5.265  0.300  0.300  0.300  999.000  999.000  999.000 -999.000 -999.000 -999.000 0.816 1.093 0.277 0.200 0.200 0.200 10.000 10.000 10.000 -10.000 -10.000 -10.000 0.
1.1653636694  1.0140   72.319  -4.246  -5.070  -5.353  -3.114  -4.475  -5.345  -4.447  0.824 1.107 0.283 -4.246  -5.070  -5.353  0.300  0.300  0.300  999.000  999.000  999.000 -999.000 -999.000 -999.000 0.824 1.107 0.283 0.200 0.200 0.200 10.000 10.000 10.000 -10.000 -10.000 -10.000 0.
1.1653639078  1.0130   90.689  -4.616  -5.471  -5.786  -3.305  -4.859  -5.777  -4.825  0.855 1.170 0.315 -4.616  -5.471  -5.786  0.300  0.300  0.300  999.000  999.000  999.000 -999.000 -999.000 -999.000 0.855 1.170 0.315 0.200 0.200 0.200 10.000 10.000 10.000 -10.000 -10.000 -10.000 0.
1.1653642654  1.0110  120.852  -5.089  -5.970  -6.332  -3.358  -5.337  -6.321  -5.305  0.881 1.243 0.362 -5.089  -5.970  -6.332  0.300  0.300  0.300  999.000  999.000  999.000 -999.000 -999.000 -999.000 0.881 1.243 0.362 0.200 0.200 0.200 10.000 10.000 10.000 -10.000 -10.000 -10.000 0.
1.1653646231  1.0100  153.305  -5.476  -6.377  -6.775  -3.272  -5.716  -6.758  -5.698  0.901 1.299 0.398 -5.476  -6.377  -6.775  0.300  0.300  0.300  999.000  999.000  999.000 -999.000 -999.000 -999.000 0.901 1.299 0.398 0.200 0.200 0.200 10.000 10.000 10.000 -10.000 -10.000 -10.000 0.
1.1653650999  1.0080  178.713  -5.720  -6.635  -7.056  -3.239  -5.952  -7.032  -5.946  0.915 1.336 0.421 -5.720  -6.635  -7.056  0.300  0.300  0.300  999.000  999.000  999.000 -999.000 -999.000 -999.000 0.915 1.336 0.421 0.200 0.200 0.200 10.000 10.000 10.000 -10.000 -10.000 -10.000 0.
1.1653656960  1.0060  193.578  -5.846  -6.767  -7.196  -3.247  -6.070  -7.168  -6.073  0.921 1.350 0.429 -5.846  -6.767  -7.196  0.300  0.300  0.300  999.000  999.000  999.000 -999.000 -999.000 -999.000 0.921 1.350 0.429 0.200 0.200 0.200 10.000 10.000 10.000 -10.000 -10.000 -10.000 0.
1.1653662920  1.0030  200.888  -5.902  -6.827  -7.260  -3.251  -6.122  -7.228  -6.130  0.925 1.358 0.433 -5.902  -6.827  -7.260  0.300  0.300  0.300  999.000  999.000  999.000 -999.000 -999.000 -999.000 0.925 1.358 0.433 0.200 0.200 0.200 10.000 10.000 10.000 -10.000 -10.000 -10.000 0.
1.1653668880  1.0000  205.284  -5.932  -6.859  -7.295  -3.247  -6.150  -7.262  -6.161  0.927 1.363 0.436 -5.932  -6.859  -7.295  0.300  0.300  0.300  999.000  999.000  999.000 -999.000 -999.000 -999.000 0.927 1.363 0.436 0.200 0.200 0.200 10.000 10.000 10.000 -10.000 -10.000 -10.000 0.
# 1.1653668880  1.0000  141.239  -5.332  -6.227  -6.615  -3.256  -5.574  -6.600
1.1653670073  1.0000  103.527  -4.822  -5.692  -6.031  -3.314  -5.069  -6.021  -5.035  0.870 1.209 0.339 -4.822  -5.692  -6.031  0.300  0.300  0.300  999.000  999.000  999.000 -999.000 -999.000 -999.000 0.870 1.209 0.339 0.200 0.200 0.200 10.000 10.000 10.000 -10.000 -10.000 -10.000 0.
1.1653671265  0.9990   76.376  -4.318  -5.156  -5.450  -3.131  -4.554  -5.442  -4.523  0.838 1.132 0.294 -4.318  -5.156  -5.450  0.300  0.300  0.300  999.000  999.000  999.000 -999.000 -999.000 -999.000 0.838 1.132 0.294 0.200 0.200 0.200 10.000 10.000 10.000 -10.000 -10.000 -10.000 0.
1.1653673649  0.9980   79.920  -4.391  -5.235  -5.535  -3.168  -4.630  -5.527  -4.597  0.844 1.144 0.300 -4.391  -5.235  -5.535  0.300  0.300  0.300  999.000  999.000  999.000 -999.000 -999.000 -999.000 0.844 1.144 0.300 0.200 0.200 0.200 10.000 10.000 10.000 -10.000 -10.000 -10.000 0.
1.1653677225  0.9960   99.806  -4.758  -5.626  -5.959  -3.301  -5.005  -5.950  -4.971  0.868 1.201 0.333 -4.758  -5.626  -5.959  0.300  0.300  0.300  999.000  999.000  999.000 -999.000 -999.000 -999.000 0.868 1.201 0.333 0.200 0.200 0.200 10.000 10.000 10.000 -10.000 -10.000 -10.000 0.
1.1653680801  0.9940  132.299  -5.221  -6.112  -6.491  -3.262  -5.466  -6.478  -5.440  0.891 1.270 0.379 -5.221  -6.112  -6.491  0.300  0.300  0.300  999.000  999.000  999.000 -999.000 -999.000 -999.000 0.891 1.270 0.379 0.200 0.200 0.200 10.000 10.000 10.000 -10.000 -10.000 -10.000 0.
1.1653685570  0.9920  166.861  -5.596  -6.508  -6.922  -3.184  -5.831  -6.901  -5.821  0.912 1.326 0.414 -5.596  -6.508  -6.922  0.300  0.300  0.300  999.000  999.000  999.000 -999.000 -999.000 -999.000 0.912 1.326 0.414 0.200 0.200 0.200 10.000 10.000 10.000 -10.000 -10.000 -10.000 0.
1.1653690338  0.9890  193.711  -5.833  -6.756  -7.187  -3.208  -6.055  -7.156  -6.061  0.923 1.354 0.431 -5.833  -6.756  -7.187  0.300  0.300  0.300  999.000  999.000  999.000 -999.000 -999.000 -999.000 0.923 1.354 0.431 0.200 0.200 0.200 10.000 10.000 10.000 -10.000 -10.000 -10.000 0.
1.1653696299  0.9860  208.956  -5.952  -6.881  -7.320  -3.230  -6.166  -7.284  -6.182  0.929 1.368 0.439 -5.952  -6.881  -7.320  0.300  0.300  0.300  999.000  999.000  999.000 -999.000 -999.000 -999.000 0.929 1.368 0.439 0.200 0.200 0.200 10.000 10.000 10.000 -10.000 -10.000 -10.000 0.
1.1653703451  0.9830  215.951  -6.002  -6.934  -7.375  -3.241  -6.212  -7.337  -6.232  0.932 1.373 0.441 -6.002  -6.934  -7.375  0.300  0.300  0.300  999.000  999.000  999.000 -999.000 -999.000 -999.000 0.932 1.373 0.441 0.200 0.200 0.200 10.000 10.000 10.000 -10.000 -10.000 -10.000 0.
1.1653710604  0.9790  219.814  -6.027  -6.960  -7.403  -3.244  -6.234  -7.363  -6.258  0.933 1.376 0.443 -6.027  -6.960  -7.403  0.300  0.300  0.300  999.000  999.000  999.000 -999.000 -999.000 -999.000 0.933 1.376 0.443 0.200 0.200 0.200 10.000 10.000 10.000 -10.000 -10.000 -10.000 0.
# 1.1653710604  0.9790  152.882  -5.448  -6.353  -6.756  -3.172  -5.687  -6.738
1.1653711796  0.9780  112.087  -4.943  -5.822  -6.177  -3.279  -5.191  -6.166  -5.159  0.879 1.234 0.355 -4.943  -5.822  -6.177  0.300  0.300  0.300  999.000  999.000  999.000 -999.000 -999.000 -999.000 0.879 1.234 0.355 0.200 0.200 0.200 10.000 10.000 10.000 -10.000 -10.000 -10.000 0.
1.1653714180  0.9770   82.576  -4.439  -5.289  -5.595  -3.179  -4.680  -5.586  -4.647  0.850 1.156 0.306 -4.439  -5.289  -5.595  0.300  0.300  0.300  999.000  999.000  999.000 -999.000 -999.000 -999.000 0.850 1.156 0.306 0.200 0.200 0.200 10.000 10.000 10.000 -10.000 -10.000 -10.000 0.
1.1653716564  0.9760   86.408  -4.512  -5.367  -5.680  -3.208  -4.755  -5.671  -4.721  0.855 1.168 0.313 -4.512  -5.367  -5.680  0.300  0.300  0.300  999.000  999.000  999.000 -999.000 -999.000 -999.000 0.855 1.168 0.313 0.200 0.200 0.200 10.000 10.000 10.000 -10.000 -10.000 -10.000 0.
1.1653718948  0.9740  107.660  -4.876  -5.751  -6.100  -3.284  -5.124  -6.090  -5.091  0.875 1.224 0.349 -4.876  -5.751  -6.100  0.300  0.300  0.300  999.000  999.000  999.000 -999.000 -999.000 -999.000 0.875 1.224 0.349 0.200 0.200 0.200 10.000 10.000 10.000 -10.000 -10.000 -10.000 0.
1.1653723717  0.9720  142.448  -5.331  -6.229  -6.622  -3.189  -5.571  -6.606  -5.552  0.898 1.291 0.393 -5.331  -6.229  -6.622  0.300  0.300  0.300  999.000  999.000  999.000 -999.000 -999.000 -999.000 0.898 1.291 0.393 0.200 0.200 0.200 10.000 10.000 10.000 -10.000 -10.000 -10.000 0.
1.1653728485  0.9690  179.331  -5.698  -6.619  -7.043  -3.147  -5.927  -7.017  -5.925  0.921 1.345 0.424 -5.698  -6.619  -7.043  0.300  0.300  0.300  999.000  999.000  999.000 -999.000 -999.000 -999.000 0.921 1.345 0.424 0.200 0.200 0.200 10.000 10.000 10.000 -10.000 -10.000 -10.000 0.
1.1653733253  0.9650  207.709  -5.930  -6.861  -7.300  -3.194  -6.143  -7.263  -6.160  0.931 1.370 0.439 -5.930  -6.861  -7.300  0.300  0.300  0.300  999.000  999.000  999.000 -999.000 -999.000 -999.000 0.931 1.370 0.439 0.200 0.200 0.200 10.000 10.000 10.000 -10.000 -10.000 -10.000 0.
1.1653740406  0.9620  224.158  -6.047  -6.983  -7.428  -3.226  -6.250  -7.385  -6.279  0.936 1.381 0.445 -6.047  -6.983  -7.428  0.300  0.300  0.300  999.000  999.000  999.000 -999.000 -999.000 -999.000 0.936 1.381 0.445 0.200 0.200 0.200 10.000 10.000 10.000 -10.000 -10.000 -10.000 0.
1.1653746367  0.9570  231.662  -6.097  -7.034  -7.480  -3.244  -6.293  -7.434  -6.329  0.937 1.383 0.446 -6.097  -7.034  -7.480  0.300  0.300  0.300  999.000  999.000  999.000 -999.000 -999.000 -999.000 0.937 1.383 0.446 0.200 0.200 0.200 10.000 10.000 10.000 -10.000 -10.000 -10.000 0.
1.1653754711  0.9530  235.643  -6.121  -7.059  -7.506  -3.252  -6.314  -7.458  -6.353  0.938 1.385 0.447 -6.121  -7.059  -7.506  0.300  0.300  0.300  999.000  999.000  999.000 -999.000 -999.000 -999.000 0.938 1.385 0.447 0.200 0.200 0.200 10.000 10.000 10.000 -10.000 -10.000 -10.000 0.
# 1.1653754711  0.9520  166.056  -5.568  -6.483  -6.900  -3.116  -5.801  -6.876
1.1653755903  0.9520  121.662  -5.069  -5.956  -6.328  -3.209  -5.316  -6.316  -5.287  0.887 1.259 0.372 -5.069  -5.956  -6.328  0.300  0.300  0.300  999.000  999.000  999.000 -999.000 -999.000 -999.000 0.887 1.259 0.372 0.200 0.200 0.200 10.000 10.000 10.000 -10.000 -10.000 -10.000 0.
1.1653758287  0.9500   89.383  -4.564  -5.424  -5.744  -3.210  -4.809  -5.735  -4.775  0.860 1.180 0.320 -4.564  -5.424  -5.744  0.300  0.300  0.300  999.000  999.000  999.000 -999.000 -999.000 -999.000 0.860 1.180 0.320 0.200 0.200 0.200 10.000 10.000 10.000 -10.000 -10.000 -10.000 0.
1.1653760672  0.9480   93.466  -4.636  -5.501  -5.828  -3.234  -4.883  -5.819  -4.848  0.865 1.192 0.327 -4.636  -5.501  -5.828  0.300  0.300  0.300  999.000  999.000  999.000 -999.000 -999.000 -999.000 0.865 1.192 0.327 0.200 0.200 0.200 10.000 10.000 10.000 -10.000 -10.000 -10.000 0.
1.1653764248  0.9460  116.427  -4.993  -5.877  -6.242  -3.216  -5.241  -6.231  -5.210  0.884 1.249 0.365 -4.993  -5.877  -6.242  0.300  0.300  0.300  999.000  999.000  999.000 -999.000 -999.000 -999.000 0.884 1.249 0.365 0.200 0.200 0.200 10.000 10.000 10.000 -10.000 -10.000 -10.000 0.
1.1653767824  0.9420  153.410  -5.438  -6.346  -6.754  -3.096  -5.675  -6.735  -5.662  0.908 1.316 0.408 -5.438  -6.346  -6.754  0.300  0.300  0.300  999.000  999.000  999.000 -999.000 -999.000 -999.000 0.908 1.316 0.408 0.200 0.200 0.200 10.000 10.000 10.000 -10.000 -10.000 -10.000 0.
1.1653772593  0.9390  192.644  -5.798  -6.724  -7.158  -3.124  -6.015  -7.125  -6.027  0.926 1.360 0.434 -5.798  -6.724  -7.158  0.300  0.300  0.300  999.000  999.000  999.000 -999.000 -999.000 -999.000 0.926 1.360 0.434 0.200 0.200 0.200 10.000 10.000 10.000 -10.000 -10.000 -10.000 0.
1.1653778553  0.9340  223.077  -6.023  -6.960  -7.406  -3.185  -6.223  -7.361  -6.255  0.937 1.383 0.446 -6.023  -6.960  -7.406  0.300  0.300  0.300  999.000  999.000  999.000 -999.000 -999.000 -999.000 0.937 1.383 0.446 0.200 0.200 0.200 10.000 10.000 10.000 -10.000 -10.000 -10.000 0.
1.1653784513  0.9300  240.190  -6.136  -7.075  -7.525  -3.230  -6.322  -7.473  -6.368  0.939 1.389 0.450 -6.136  -7.075  -7.525  0.300  0.300  0.300  999.000  999.000  999.000 -999.000 -999.000 -999.000 0.939 1.389 0.450 0.200 0.200 0.200 10.000 10.000 10.000 -10.000 -10.000 -10.000 0.
1.1653791666  0.9240  248.059  -6.183  -7.124  -7.578  -3.239  -6.363  -7.523  -6.416  0.941 1.395 0.454 -6.183  -7.124  -7.578  0.300  0.300  0.300  999.000  999.000  999.000 -999.000 -999.000 -999.000 0.941 1.395 0.454 0.200 0.200 0.200 10.000 10.000 10.000 -10.000 -10.000 -10.000 0.
1.1653800011  0.9180  251.916  -6.204  -7.146  -7.602  -3.242  -6.382  -7.545  -6.437  0.942 1.398 0.456 -6.204  -7.146  -7.602  0.300  0.300  0.300  999.000  999.000  999.000 -999.000 -999.000 -999.000 0.942 1.398 0.456 0.200 0.200 0.200 10.000 10.000 10.000 -10.000 -10.000 -10.000 0.
# 1.1653800011  0.9180  180.076  -5.682  -6.605  -7.033  -3.079  -5.905  -7.003
1.1653801203  0.9160  131.933  -5.190  -6.084  -6.470  -3.136  -5.432  -6.455  -5.410  0.894 1.280 0.386 -5.190  -6.084  -6.470  0.300  0.300  0.300  999.000  999.000  999.000 -999.000 -999.000 -999.000 0.894 1.280 0.386 0.200 0.200 0.200 10.000 10.000 10.000 -10.000 -10.000 -10.000 0.
1.1653803587  0.9140   96.617  -4.684  -5.553  -5.888  -3.213  -4.931  -5.878  -4.897  0.869 1.204 0.335 -4.684  -5.553  -5.888  0.300  0.300  0.300  999.000  999.000  999.000 -999.000 -999.000 -999.000 0.869 1.204 0.335 0.200 0.200 0.200 10.000 10.000 10.000 -10.000 -10.000 -10.000 0.
1.1653805971  0.9110  101.078  -4.757  -5.629  -5.973  -3.215  -5.004  -5.963  -4.971  0.872 1.216 0.344 -4.757  -5.629  -5.973  0.300  0.300  0.300  999.000  999.000  999.000 -999.000 -999.000 -999.000 0.872 1.216 0.344 0.200 0.200 0.200 10.000 10.000 10.000 -10.000 -10.000 -10.000 0.
1.1653809547  0.9070  125.706  -5.107  -5.998  -6.378  -3.139  -5.351  -6.364  -5.326  0.891 1.271 0.380 -5.107  -5.998  -6.378  0.300  0.300  0.300  999.000  999.000  999.000 -999.000 -999.000 -999.000 0.891 1.271 0.380 0.200 0.200 0.200 10.000 10.000 10.000 -10.000 -10.000 -10.000 0.
1.1653814316  0.9020  165.369  -5.540  -6.458  -6.878  -3.039  -5.771  -6.853  -5.767  0.918 1.338 0.420 -5.540  -6.458  -6.878  0.300  0.300  0.300  999.000  999.000  999.000 -999.000 -999.000 -999.000 0.918 1.338 0.420 0.200 0.200 0.200 10.000 10.000 10.000 -10.000 -10.000 -10.000 0.
1.1653819084  0.8960  207.231  -5.891  -6.826  -7.268  -3.098  -6.096  -7.227  -6.122  0.935 1.377 0.442 -5.891  -6.826  -7.268  0.300  0.300  0.300  999.000  999.000  999.000 -999.000 -999.000 -999.000 0.935 1.377 0.442 0.200 0.200 0.200 10.000 10.000 10.000 -10.000 -10.000 -10.000 0.
1.1653825045  0.8900  239.748  -6.111  -7.052  -7.504  -3.177  -6.292  -7.449  -6.344  0.941 1.393 0.452 -6.111  -7.052  -7.504  0.300  0.300  0.300  999.000  999.000  999.000 -999.000 -999.000 -999.000 0.941 1.393 0.452 0.200 0.200 0.200 10.000 10.000 10.000 -10.000 -10.000 -10.000 0.
1.1653832197  0.8820  258.080  -6.220  -7.163  -7.621  -3.219  -6.387  -7.559  -6.453  0.943 1.401 0.458 -6.220  -7.163  -7.621  0.300  0.300  0.300  999.000  999.000  999.000 -999.000 -999.000 -999.000 0.943 1.401 0.458 0.200 0.200 0.200 10.000 10.000 10.000 -10.000 -10.000 -10.000 0.
1.1653840542  0.8740  266.351  -6.264  -7.209  -7.670  -3.234  -6.425  -7.604  -6.498  0.945 1.406 0.461 -6.264  -7.209  -7.670  0.300  0.300  0.300  999.000  999.000  999.000 -999.000 -999.000 -999.000 0.945 1.406 0.461 0.200 0.200 0.200 10.000 10.000 10.000 -10.000 -10.000 -10.000 0.
1.1653848886  0.8650  270.492  -6.284  -7.229  -7.693  -3.237  -6.441  -7.625  -6.518  0.945 1.409 0.464 -6.284  -7.229  -7.693  0.300  0.300  0.300  999.000  999.000  999.000 -999.000 -999.000 -999.000 0.945 1.409 0.464 0.200 0.200 0.200 10.000 10.000 10.000 -10.000 -10.000 -10.000 0.
# 1.1653848886  0.8640  196.361  -5.798  -6.730  -7.170  -3.047  -6.008  -7.131
1.1653850079  0.8620  143.898  -5.312  -6.218  -6.622  -3.021  -5.550  -6.603  -5.535  0.906 1.310 0.404 -5.312  -6.218  -6.622  0.300  0.300  0.300  999.000  999.000  999.000 -999.000 -999.000 -999.000 0.906 1.310 0.404 0.200 0.200 0.200 10.000 10.000 10.000 -10.000 -10.000 -10.000 0.
1.1653852463  0.8580  104.943  -4.809  -5.686  -6.039  -3.177  -5.057  -6.029  -5.024  0.877 1.230 0.353 -4.809  -5.686  -6.039  0.300  0.300  0.300  999.000  999.000  999.000 -999.000 -999.000 -999.000 0.877 1.230 0.353 0.200 0.200 0.200 10.000 10.000 10.000 -10.000 -10.000 -10.000 0.
1.1653854847  0.8530  109.940  -4.882  -5.763  -6.125  -3.146  -5.129  -6.114  -5.098  0.881 1.243 0.362 -4.882  -5.763  -6.125  0.300  0.300  0.300  999.000  999.000  999.000 -999.000 -999.000 -999.000 0.881 1.243 0.362 0.200 0.200 0.200 10.000 10.000 10.000 -10.000 -10.000 -10.000 0.
1.1653858423  0.8460  136.696  -5.226  -6.127  -6.525  -3.024  -5.466  -6.508  -5.448  0.901 1.299 0.398 -5.226  -6.127  -6.525  0.300  0.300  0.300  999.000  999.000  999.000 -999.000 -999.000 -999.000 0.901 1.299 0.398 0.200 0.200 0.200 10.000 10.000 10.000 -10.000 -10.000 -10.000 0.
1.1653863192  0.8370  179.951  -5.649  -6.576  -7.009  -2.980  -5.866  -6.975  -5.878  0.927 1.360 0.433 -5.649  -6.576  -7.009  0.300  0.300  0.300  999.000  999.000  999.000 -999.000 -999.000 -999.000 0.927 1.360 0.433 0.200 0.200 0.200 10.000 10.000 10.000 -10.000 -10.000 -10.000 0.
1.1653869152  0.8270  225.764  -5.992  -6.932  -7.382  -3.076  -6.174  -7.328  -6.225  0.940 1.390 0.450 -5.992  -6.932  -7.382  0.300  0.300  0.300  999.000  999.000  999.000 -999.000 -999.000 -999.000 0.940 1.390 0.450 0.200 0.200 0.200 10.000 10.000 10.000 -10.000 -10.000 -10.000 0.
1.1653875113  0.8160  261.550  -6.205  -7.150  -7.612  -3.157  -6.360  -7.544  -6.439  0.945 1.407 0.462 -6.205  -7.150  -7.612  0.300  0.300  0.300  999.000  999.000  999.000 -999.000 -999.000 -999.000 0.945 1.407 0.462 0.200 0.200 0.200 10.000 10.000 10.000 -10.000 -10.000 -10.000 0.
1.1653882265  0.8030  281.744  -6.304  -7.255  -7.725  -3.196  -6.446  -7.650  -6.540  0.951 1.421 0.470 -6.304  -7.255  -7.725  0.300  0.300  0.300  999.000  999.000  999.000 -999.000 -999.000 -999.000 0.951 1.421 0.470 0.200 0.200 0.200 10.000 10.000 10.000 -10.000 -10.000 -10.000 0.
1.1653890610  0.7890  291.243  -6.341  -7.296  -7.773  -3.202  -6.477  -7.694  -6.578  0.955 1.432 0.477 -6.341  -7.296  -7.773  0.300  0.300  0.300  999.000  999.000  999.000 -999.000 -999.000 -999.000 0.955 1.432 0.477 0.200 0.200 0.200 10.000 10.000 10.000 -10.000 -10.000 -10.000 0.
1.1653898954  0.7730  295.839  -6.357  -7.314  -7.795  -3.203  -6.491  -7.715  -6.594  0.957 1.438 0.481 -6.357  -7.314  -7.795  0.300  0.300  0.300  999.000  999.000  999.000 -999.000 -999.000 -999.000 0.957 1.438 0.481 0.200 0.200 0.200 10.000 10.000 10.000 -10.000 -10.000 -10.000 0.
# 1.1653898954  0.7720  217.048  -5.924  -6.865  -7.315  -3.031  -6.114  -7.264
1.1653900146  0.7670  157.346  -5.441  -6.357  -6.779  -2.956  -5.673  -6.755  -5.667  0.916 1.338 0.422 -5.441  -6.357  -6.779  0.300  0.300  0.300  999.000  999.000  999.000 -999.000 -999.000 -999.000 0.916 1.338 0.422 0.200 0.200 0.200 10.000 10.000 10.000 -10.000 -10.000 -10.000 0.
1.1653902531  0.7600  112.942  -4.933  -5.813  -6.181  -3.166  -5.180  -6.170  -5.149  0.880 1.248 0.368 -4.933  -5.813  -6.181  0.300  0.300  0.300  999.000  999.000  999.000 -999.000 -999.000 -999.000 0.880 1.248 0.368 0.200 0.200 0.200 10.000 10.000 10.000 -10.000 -10.000 -10.000 0.
1.1653904915  0.7500  117.586  -5.001  -5.884  -6.259  -3.156  -5.248  -6.248  -5.218  0.883 1.258 0.375 -5.001  -5.884  -6.259  0.300  0.300  0.300  999.000  999.000  999.000 -999.000 -999.000 -999.000 0.883 1.258 0.375 0.200 0.200 0.200 10.000 10.000 10.000 -10.000 -10.000 -10.000 0.
1.1653908491  0.7370  145.598  -5.333  -6.238  -6.650  -3.017  -5.572  -6.632  -5.556  0.905 1.317 0.412 -5.333  -6.238  -6.650  0.300  0.300  0.300  999.000  999.000  999.000 -999.000 -999.000 -999.000 0.905 1.317 0.412 0.200 0.200 0.200 10.000 10.000 10.000 -10.000 -10.000 -10.000 0.
1.1653913260  0.7210  190.307  -5.742  -6.673  -7.118  -3.001  -5.958  -7.082  -5.972  0.931 1.376 0.445 -5.742  -6.673  -7.118  0.300  0.300  0.300  999.000  999.000  999.000 -999.000 -999.000 -999.000 0.931 1.376 0.445 0.200 0.200 0.200 10.000 10.000 10.000 -10.000 -10.000 -10.000 0.
1.1653919220  0.7030  236.404  -6.064  -7.012  -7.480  -3.085  -6.249  -7.425  -6.299  0.948 1.416 0.468 -6.064  -7.012  -7.480  0.300  0.300  0.300  999.000  999.000  999.000 -999.000 -999.000 -999.000 0.948 1.416 0.468 0.200 0.200 0.200 10.000 10.000 10.000 -10.000 -10.000 -10.000 0.
1.1653925180  0.6820  268.692  -6.251  -7.210  -7.694  -3.171  -6.419  -7.630  -6.489  0.959 1.443 0.484 -6.251  -7.210  -7.694  0.300  0.300  0.300  999.000  999.000  999.000 -999.000 -999.000 -999.000 0.959 1.443 0.484 0.200 0.200 0.200 10.000 10.000 10.000 -10.000 -10.000 -10.000 0.
1.1653932333  0.6590  281.615  -6.303  -7.282  -7.793  -3.186  -6.480  -7.728  -6.546  0.979 1.490 0.511 -6.303  -7.282  -7.793  0.300  0.300  0.300  999.000  999.000  999.000 -999.000 -999.000 -999.000 0.979 1.490 0.511 0.200 0.200 0.200 10.000 10.000 10.000 -10.000 -10.000 -10.000 0.
1.1653940678  0.6340  279.354  -6.203  -7.239  -7.811  -3.046  -6.416  -7.752  -6.463  1.036 1.608 0.572 -6.203  -7.239  -7.811  0.300  0.300  0.300  999.000  999.000  999.000 -999.000 -999.000 -999.000 1.036 1.608 0.572 0.200 0.200 0.200 10.000 10.000 10.000 -10.000 -10.000 -10.000 0.
1.1653949022  0.6080  269.002  -6.158  -7.206  -7.797  -3.062  -6.400  -7.749  -6.421  1.048 1.639 0.591 -6.158  -7.206  -7.797  0.300  0.300  0.300  999.000  999.000  999.000 -999.000 -999.000 -999.000 1.048 1.639 0.591 0.200 0.200 0.200 10.000 10.000 10.000 -10.000 -10.000 -10.000 0.
1.1653969288  0.5490    0.000  30.015  30.039  30.049  29.981  30.029  30.048  30.020  -0.024 -0.034 -0.010 30.015  30.039  30.049  0.300  0.300  0.300  999.000  999.000  999.000 -999.000 -999.000 -999.000 -0.024 -0.034 -0.010 0.200 0.200 0.200 10.000 10.000 10.000 -10.000 -10.000 -10.000 0.
