#Mini MPD Rad MJ_2M MH_2M MK_2M MZ087 MW146 MF213 MHw sigmaJ sigmaH sigmaKs minJ minH minKs maxJ maxH maxKs
0.002  0.002  0.105  37.257  34.027  53.596  99.0  37.285  99.0  36.219  0.2  0.2  0.2  -999.0  -999.0  -999.0  999.0  999.0  999.0
0.003  0.003  0.105  34.125  32.029  49.186  99.0  34.153  99.0  33.528  0.2  0.2  0.2  -999.0  -999.0  -999.0  999.0  999.0  999.0
0.004  0.004  0.105  31.374  30.144  45.126  99.0  31.402  99.0  31.058  0.2  0.2  0.2  -999.0  -999.0  -999.0  999.0  999.0  999.0
0.005  0.005  0.105  29.128  28.509  41.686  99.0  29.156  99.0  28.981  0.2  0.2  0.2  -999.0  -999.0  -999.0  999.0  999.0  999.0
0.006  0.006  0.104  27.154  27.049  38.646  99.0  27.182  99.0  27.131  0.2  0.2  0.2  -999.0  -999.0  -999.0  999.0  999.0  999.0
0.007  0.007  0.103  25.426  25.745  35.936  99.0  25.454  99.0  25.492  0.2  0.2  0.2  -999.0  -999.0  -999.0  999.0  999.0  999.0
0.008  0.008  0.103  23.951  24.625  33.626  99.0  23.979  99.0  24.083  0.2  0.2  0.2  -999.0  -999.0  -999.0  999.0  999.0  999.0
0.009  0.009  0.102  22.701  23.651  31.616  99.0  22.729  99.0  22.878  0.2  0.2  0.2  -999.0  -999.0  -999.0  999.0  999.0  999.0
0.01  0.01  0.101  22.269  23.117  30.466  99.0  22.297  99.0  22.43  0.2  0.2  0.2  -999.0  -999.0  -999.0  999.0  999.0  999.0
0.012  0.012  0.1  21.375  22.018  28.136  99.0  21.403  99.0  21.501  0.2  0.2  0.2  -999.0  -999.0  -999.0  999.0  999.0  999.0
0.015  0.015  0.098  20.524  21.017  25.986  99.0  20.552  99.0  20.623  0.2  0.2  0.2  -999.0  -999.0  -999.0  999.0  999.0  999.0
0.02  0.02  0.095  19.661  19.836  23.286  99.0  19.689  99.0  19.698  0.2  0.2  0.2  -999.0  -999.0  -999.0  999.0  999.0  999.0
0.03  0.03  0.09  18.208  18.269  20.016  99.0  18.236  99.0  18.221  0.2  0.2  0.2  -999.0  -999.0  -999.0  999.0  999.0  999.0
0.04  0.04  0.085  16.95  17.091  17.966  99.0  16.978  99.0  16.98  0.2  0.2  0.2  -999.0  -999.0  -999.0  999.0  999.0  999.0
0.05  0.05  0.082  15.878  16.045  16.356  99.0  15.906  99.0  15.913  0.2  0.2  0.2  -999.0  -999.0  -999.0  999.0  999.0  999.0
0.06  0.06  0.079  14.965  15.133  15.126  99.0  14.993  99.0  15.001  0.2  0.2  0.2  -999.0  -999.0  -999.0  999.0  999.0  999.0
0.07  0.07  0.081  13.487  13.506  13.416  99.0  13.515  99.0  13.491  0.2  0.2  0.2  -999.0  -999.0  -999.0  999.0  999.0  999.0
0.072  0.072  0.083  12.943  12.855  12.776  99.0  12.971  99.0  12.924  0.2  0.2  0.2  -999.0  -999.0  -999.0  999.0  999.0  999.0
0.075  0.075  0.089  12.187  11.928  11.756  99.0  12.215  99.0  12.129  0.2  0.2  0.2  -999.0  -999.0  -999.0  999.0  999.0  999.0
0.08  0.08  0.099  11.438  11.081  10.796  99.0  11.466  99.0  11.356  0.2  0.2  0.2  -999.0  -999.0  -999.0  999.0  999.0  999.0
0.09  0.09  0.12  11.131  10.54  10.29  12.9  11.159  10.367  10.991  0.1588  0.0692  0.0782  10.664  10.323  10.183  11.176  10.572  10.4849
0.0985  0.098  0.13  10.726  10.135  9.882  12.495  10.754  9.959  10.586  0.1435  0.1027  0.0649  10.054  9.645  9.528  10.493  9.994  9.7708
0.1  0.1  0.132  10.659  10.068  9.814  12.428  10.686  9.891  10.519  0.2153  0.1646  0.1167  10.01  9.591  9.471  10.718  10.115  9.851
0.1081  0.108  0.14  10.375  9.784  9.528  12.144  10.402  9.605  10.235  0.2861  0.2274  0.1701  9.694  9.261  9.133  10.5324  9.9418  9.6498
0.12  0.12  0.152  10.03  9.437  9.174  11.65  10.033  9.244  9.89  0.2332  0.2015  0.1571  9.325  8.852  8.71  10.072  9.47  9.199
0.14  0.14  0.172  9.625  9.029  8.764  11.083  9.602  8.827  9.484  0.2319  0.2064  0.1658  8.981  8.47  8.31  9.663  9.061  8.789
0.1497  0.15  0.181  9.465  8.868  8.603  10.868  9.432  8.664  9.324  0.036  0.0235  0.0155  9.388  8.811  8.555  9.4564  8.8556  8.5844
0.16  0.16  0.19  9.306  8.709  8.445  10.66  9.266  8.503  9.165  0.231  0.2079  0.171  8.664  8.143  7.976  9.344  8.742  8.4716
0.2  0.2  0.224  8.809  8.211  7.954  10.036  8.751  8.005  8.668  0.2321  0.2106  0.1795  8.103  7.59  7.425  8.8474  8.245  7.9814
0.25  0.25  0.265  8.334  7.734  7.485  9.472  8.262  7.531  8.192  0.2526  0.2318  0.1997  7.678  7.149  6.978  8.4161  7.8292  7.5611
0.3  0.3  0.304  7.952  7.35  7.107  9.04  7.872  7.15  7.81  0.2432  0.217  0.1888  7.234  6.728  6.569  7.9895  7.3835  7.1355
0.3445  0.345  0.344  7.629  7.023  6.785  8.682  7.542  6.825  7.486  0.2628  0.2333  0.1989  6.971  6.472  6.317  7.7241  7.1301  6.8771
0.35  0.35  0.348  7.591  6.985  6.747  8.641  7.503  6.787  7.448  0.2501  0.2193  0.1863  6.938  6.439  6.285  7.671  7.076  6.824
0.4  0.4  0.392  7.255  6.642  6.411  8.26  7.157  6.447  7.11  0.2278  0.1934  0.1608  6.667  6.178  6.031  7.3424  6.7384  6.4954
0.45  0.45  0.441  6.905  6.284  6.058  7.863  6.796  6.091  6.758  0.2276  0.1867  0.1513  6.344  5.873  5.738  7.0113  6.3953  6.1603
0.5  0.5  0.493  6.544  5.913  5.694  7.447  6.421  5.721  6.394  0.239  0.1882  0.1476  5.994  5.495  5.367  6.6744  6.0424  5.8154
0.55  0.55  0.548  6.165  5.519  5.316  7.005  6.026  5.336  6.011  0.2579  0.1844  0.1401  5.606  5.142  5.034  6.3195  5.6695  5.4525
0.6  0.6  0.596  5.798  5.131  4.963  6.579  5.644  4.977  5.639  0.2487  0.1482  0.1103  5.215  4.825  4.737  5.9752  5.3042  5.1058
0.65  0.65  0.633  5.433  4.776  4.652  6.154  5.281  4.66  5.276  0.2386  0.1193  0.0911  4.854  4.507  4.437  5.6259  4.9434  4.7809
0.6912  0.691  0.662  5.158  4.553  4.454  5.818  5.026  4.46  5.015  0.1518  0.0807  0.0677  4.547  4.233  4.18  4.9639  4.4664  4.3904
0.7  0.7  0.668  5.102  4.512  4.416  5.748  4.976  4.422  4.963  0.2313  0.116  0.096  4.515  4.202  4.15  5.286  4.6248  4.5
0.7005  0.7  0.668  5.099  4.509  4.415  5.744  4.974  4.42  4.96  0.2313  0.1161  0.0961  4.515  4.202  4.15  5.2858  4.6246  4.4998
0.7264  0.726  0.688  4.936  4.396  4.309  5.539  4.829  4.313  4.809  0.2127  0.1205  0.1044  4.323  4.028  3.985  5.0308  4.4486  4.3547
0.75  0.75  0.707  4.792  4.29  4.209  5.36  4.699  4.214  4.675  0.2402  0.1488  0.1308  4.116  3.838  3.805  4.9723  4.394  4.297
0.7555  0.755  0.712  4.759  4.265  4.186  5.32  4.668  4.19  4.644  0.2467  0.1542  0.136  4.086  3.812  3.78  4.9723  4.394  4.297
0.7871  0.787  0.744  4.57  4.12  4.047  5.093  4.495  4.05  4.466  0.2257  0.1596  0.1443  3.828  3.577  3.552  4.643  4.1634  4.0862
0.799  0.799  0.756  4.501  4.065  3.994  5.01  4.43  3.998  4.4  0.2689  0.1917  0.1735  3.716  3.475  3.451  4.6783  4.1697  4.0828
0.8136  0.813  0.773  4.416  3.996  3.929  4.909  4.351  3.932  4.319  0.2321  0.1752  0.1611  3.594  3.365  3.343  4.4626  4.0234  3.954
0.8375  0.837  0.802  4.276  3.883  3.819  4.744  4.219  3.822  4.186  0.2797  0.2168  0.2017  3.367  3.161  3.14  4.3805  3.9561  3.8867
0.8481  0.847  0.816  4.215  3.833  3.771  4.673  4.162  3.774  4.127  0.3147  0.2457  0.2294  3.237  3.043  3.022  4.393  3.95  3.875
0.8659  0.865  0.84  4.112  3.746  3.687  4.553  4.063  3.69  4.028  0.3032  0.2464  0.2338  3.017  2.844  2.825  4.1852  3.798  3.7338
0.8883  0.887  0.873  3.984  3.637  3.583  4.407  3.941  3.585  3.905  0.3368  0.2796  0.2681  2.762  2.61  2.591  4.0662  3.6952  3.6328
0.8971  0.896  0.888  3.932  3.593  3.54  4.349  3.892  3.542  3.855  0.4039  0.3375  0.3244  2.503  2.363  2.343  4.0944  3.6996  3.6315
0.9052  0.904  0.901  3.885  3.551  3.499  4.295  3.846  3.501  3.809  0.4323  0.366  0.3534  2.28  2.133  2.112  4.0575  3.689  3.6248
0.9193  0.918  0.927  3.8  3.476  3.426  4.201  3.763  3.429  3.726  0.6267  0.6025  0.5987  1.012  0.645  0.582  3.9046  3.5578  3.502
0.9329  0.932  0.953  3.718  3.403  3.356  4.11  3.685  3.358  3.646  2.5555  2.6818  2.7048  -5.362  -6.03  -6.138  3.6114  3.3171  3.2742
0.9462  0.945  0.981  3.638  3.332  3.286  4.022  3.607  3.288  3.569  2.6694  2.8112  2.836  -5.586  -6.362  -6.503  3.3396  3.08  3.046
0.9552  0.954  1.001  3.582  3.281  3.236  3.961  3.552  3.238  3.514  2.5794  2.7247  2.7503  -5.593  -6.369  -6.51  3.1184  2.8702  2.8388
0.9672  0.966  1.029  3.506  3.212  3.168  3.879  3.478  3.171  3.439  2.3615  2.5041  2.5295  -5.593  -6.369  -6.51  2.6986  2.5258  2.5006
0.9786  0.978  1.058  3.433  3.145  3.102  3.799  3.407  3.104  3.368  2.3235  2.4687  2.4957  -5.593  -6.369  -6.51  2.568  2.4144  2.3944
0.9952  0.995  1.103  3.324  3.044  3.003  3.683  3.3  3.005  3.261  2.3672  2.521  2.5519  -5.594  -6.37  -6.511  2.6934  2.4805  2.4482
0.9989  0.998  1.113  3.3  3.021  2.981  3.657  3.276  2.983  3.237  2.3545  2.5069  2.5378  -5.594  -6.37  -6.511  2.642  2.427  2.4056
1.0167  1.016  1.169  3.179  2.907  2.868  3.53  3.157  2.87  3.118  2.2181  2.3702  2.4053  -5.603  -6.498  -6.782  2.201  2.031  1.999
1.0336  1.032  1.226  3.064  2.797  2.759  3.411  3.044  2.761  3.004  2.1406  2.2887  2.3258  -5.608  -6.486  -6.779  1.9984  1.7264  1.6867
1.0443  1.043  1.268  2.987  2.722  2.684  3.331  2.966  2.686  2.927  2.2374  2.3912  2.4322  -5.635  -6.591  -6.884  2.4182  2.1898  2.1572
1.0462  1.045  1.276  2.972  2.708  2.67  3.316  2.952  2.672  2.912  2.2452  2.3993  2.44  -5.635  -6.591  -6.884  2.3962  2.174  2.1414
1.0582  1.057  1.329  2.878  2.616  2.579  3.22  2.859  2.581  2.819  2.3  2.4739  2.5298  -5.809  -6.764  -7.122  2.3968  2.1652  2.1314
1.062  1.061  1.347  2.847  2.586  2.549  3.188  2.828  2.551  2.788  2.2606  2.4386  2.4993  -5.809  -6.764  -7.122  2.2096  1.9316  1.9029
1.0735  1.072  1.408  2.748  2.489  2.452  3.088  2.73  2.454  2.69  2.3221  2.5049  2.5692  -5.843  -6.801  -7.164  2.252  2.0054  1.9717
1.0833  1.082  1.468  2.658  2.399  2.362  2.998  2.639  2.363  2.6  2.3567  2.5422  2.6103  -5.873  -6.832  -7.196  2.2346  1.9988  1.9664
1.0933  1.092  1.538  2.56  2.3  2.262  2.902  2.541  2.264  2.501  2.4155  2.6051  2.6797  -6.051  -6.998  -7.423  2.4224  2.1528  2.1206
1.1004  1.099  1.594  2.487  2.225  2.187  2.83  2.467  2.188  2.428  2.4272  2.6178  2.6972  -6.071  -7.019  -7.447  2.3917  2.1318  2.0946
1.1031  1.101  1.618  2.458  2.195  2.157  2.802  2.438  2.159  2.399  2.4218  2.6116  2.6929  -6.071  -7.019  -7.447  2.4565  2.194  2.1565
1.1105  1.109  1.693  2.371  2.103  2.064  2.72  2.35  2.066  2.31  2.4369  2.6269  2.7094  -6.111  -7.063  -7.495  2.3845  2.125  2.0855
1.1197  1.118  1.805  2.255  1.977  1.936  2.615  2.232  1.938  2.192  2.436  2.6246  2.7119  -6.155  -7.106  -7.539  2.2056  1.8828  1.8428
1.1277  1.126  1.942  2.146  1.846  1.801  2.526  2.117  1.803  2.078  2.4778  2.6661  2.7596  -6.189  -7.138  -7.57  2.1937  1.8794  1.8338
1.1326  1.131  2.046  2.09  1.765  1.715  2.494  2.053  1.717  2.016  2.4358  2.6193  2.7097  -6.189  -7.138  -7.57  2.1362  1.7628  1.71
1.1354  1.133  2.12  2.067  1.719  1.664  2.495  2.024  1.667  1.988  2.4576  2.6421  2.7412  -6.276  -7.229  -7.715  2.1262  1.7591  1.7046
1.1374  1.135  2.175  2.063  1.691  1.632  2.513  2.013  1.635  1.978  2.4354  2.618  2.7186  -6.276  -7.229  -7.715  2.0505  1.6825  1.6268
1.1392  1.137  2.246  2.054  1.655  1.593  2.529  1.996  1.595  1.962  2.5271  2.7145  2.8145  -6.276  -7.229  -7.715  2.2566  1.9442  1.8969
1.1413  1.139  2.363  2.011  1.583  1.515  2.516  1.944  1.518  1.912  2.4906  2.6762  2.7766  -6.276  -7.229  -7.715  2.2418  1.9122  1.8662
1.1424  1.14  2.44  1.97  1.529  1.459  2.487  1.898  1.462  1.868  2.4996  2.6857  2.7862  -6.276  -7.229  -7.715  2.2536  1.933  1.8824
1.1434  1.141  2.528  1.919  1.466  1.395  2.447  1.844  1.397  1.814  2.4939  2.6796  2.7824  -6.276  -7.229  -7.715  2.2369  1.9056  1.8608
1.1445  1.143  2.63  1.853  1.39  1.317  2.39  1.774  1.32  1.746  2.5267  2.7149  2.823  -6.296  -7.244  -7.735  2.2458  1.9167  1.876
1.1448  1.143  2.656  1.835  1.371  1.298  2.374  1.756  1.301  1.727  2.5246  2.7123  2.8202  -6.296  -7.244  -7.735  2.2439  1.9104  1.8628
1.1463  1.144  2.823  1.722  1.249  1.174  2.269  1.64  1.177  1.612  2.5108  2.6972  2.8037  -6.296  -7.244  -7.735  2.247  1.9172  1.876
1.1477  1.146  3.0  1.604  1.125  1.049  2.158  1.52  1.052  1.493  2.5035  2.6898  2.7973  -6.296  -7.244  -7.735  2.2311  1.8649  1.804
1.1493  1.147  3.223  1.462  0.977  0.9  2.022  1.376  0.903  1.349  2.5054  2.691  2.7976  -6.296  -7.244  -7.735  2.2317  1.8663  1.804
1.1506  1.148  3.437  1.335  0.844  0.766  1.899  1.247  0.769  1.221  2.5277  2.7148  2.822  -6.296  -7.244  -7.735  2.2339  1.892  1.8376
1.1515  1.149  3.62  1.229  0.735  0.656  1.798  1.14  0.659  1.114  2.5371  2.7243  2.8325  -6.296  -7.244  -7.735  2.2545  1.9198  1.876
1.1527  1.151  3.868  1.096  0.597  0.517  1.669  1.005  0.52  0.98  2.5308  2.7179  2.83  -6.311  -7.262  -7.757  2.2324  1.892  1.8366
1.1538  1.152  4.132  0.963  0.459  0.378  1.541  0.87  0.381  0.845  2.5424  2.7304  2.8412  -6.311  -7.262  -7.757  2.2299  1.8745  1.8115
1.1547  1.153  4.428  0.824  0.315  0.234  1.408  0.73  0.236  0.705  2.5552  2.7443  2.8552  -6.311  -7.262  -7.757  2.2389  1.9068  1.8566
1.1556  1.153  4.73  0.693  0.179  0.096  1.282  0.597  0.099  0.573  2.5588  2.7477  2.8587  -6.311  -7.262  -7.757  2.235  1.897  1.85
1.1564  1.154  5.046  0.565  0.045  -0.039  1.159  0.467  -0.036  0.443  2.5587  2.7475  2.8589  -6.311  -7.262  -7.757  2.2336  1.892  1.8404
1.157  1.155  5.388  0.437  -0.089  -0.173  1.037  0.337  -0.171  0.314  2.586  2.7766  2.8892  -6.311  -7.262  -7.757  2.2349  1.892  1.8461
1.1577  1.155  5.763  0.305  -0.227  -0.313  0.912  0.203  -0.31  0.18  2.5576  2.7458  2.8528  -6.311  -7.262  -7.757  2.2497  1.9107  1.8578
1.1583  1.156  6.15  0.177  -0.361  -0.449  0.791  0.072  -0.446  0.051  2.5446  2.7312  2.8375  -6.311  -7.262  -7.757  2.2464  1.9074  1.8534
1.1588  1.156  6.573  0.049  -0.496  -0.585  0.669  -0.058  -0.582  -0.079  2.5591  2.7472  2.8556  -6.311  -7.262  -7.757  2.2344  1.8628  1.804
1.1592  1.157  7.012  -0.076  -0.628  -0.718  0.552  -0.185  -0.715  -0.206  2.5762  2.7655  2.8743  -6.311  -7.262  -7.757  2.2361  1.8947  1.8491
1.1596  1.157  7.46  -0.197  -0.756  -0.848  0.438  -0.309  -0.845  -0.328  2.5916  2.7818  2.8911  -6.311  -7.262  -7.757  2.2374  1.8974  1.8503
1.16  1.157  7.963  -0.321  -0.888  -0.981  0.321  -0.436  -0.978  -0.454  2.5907  2.78  2.8878  -6.311  -7.262  -7.757  2.2467  1.9132  1.8584
1.1604  1.158  8.489  -0.443  -1.017  -1.112  0.206  -0.561  -1.109  -0.578  2.5942  2.7835  2.8915  -6.311  -7.262  -7.757  2.244  1.9098  1.8572
1.1607  1.158  9.054  -0.566  -1.147  -1.244  0.092  -0.686  -1.242  -0.703  2.5989  2.7885  2.8967  -6.311  -7.262  -7.757  2.2524  1.9292  1.8722
1.161  1.158  9.646  -0.685  -1.274  -1.373  -0.02  -0.809  -1.37  -0.824  2.5988  2.7884  2.8962  -6.311  -7.262  -7.757  2.244  1.916  1.859
1.1613  1.158  10.248  -0.799  -1.396  -1.497  -0.126  -0.926  -1.494  -0.94  2.6007  2.7898  2.8975  -6.311  -7.262  -7.757  2.244  1.9148  1.8588
1.1616  1.158  10.599  -0.864  -1.465  -1.567  -0.187  -0.992  -1.564  -1.006  2.5883  2.7766  2.8838  -6.311  -7.262  -7.757  2.2452  1.9226  1.8656
1.1618  1.159  10.274  -0.806  -1.402  -1.503  -0.134  -0.933  -1.5  -0.947  2.5447  2.7288  2.8357  -6.311  -7.262  -7.757  2.201  1.8287  1.7655
1.162  1.159  9.675  -0.695  -1.283  -1.381  -0.031  -0.818  -1.378  -0.834  2.5356  2.7189  2.8255  -6.311  -7.262  -7.757  2.198  1.813  1.7406
1.1621  1.159  9.496  -0.661  -1.246  -1.344  0.0  -0.782  -1.341  -0.799  2.5359  2.7192  2.8258  -6.311  -7.262  -7.757  2.1995  1.8145  1.7417
1.1622  1.159  9.907  -0.74  -1.33  -1.43  -0.074  -0.864  -1.427  -0.879  2.5311  2.7141  2.8205  -6.311  -7.262  -7.757  2.1958  1.8114  1.7428
1.1625  1.159  10.565  -0.862  -1.46  -1.562  -0.187  -0.989  -1.559  -1.003  2.5454  2.7293  2.8405  -6.324  -7.283  -7.779  2.1796  1.776  1.7112
1.1627  1.159  11.273  -0.984  -1.59  -1.694  -0.301  -1.114  -1.691  -1.127  2.5446  2.7281  2.8393  -6.324  -7.283  -7.779  2.166  1.7675  1.7055
1.163  1.159  12.041  -1.108  -1.723  -1.829  -0.416  -1.242  -1.826  -1.254  2.5411  2.724  2.835  -6.324  -7.283  -7.779  2.1482  1.7614  1.7034
1.1632  1.159  12.846  -1.229  -1.852  -1.96  -0.527  -1.365  -1.957  -1.377  2.5417  2.7247  2.8355  -6.324  -7.283  -7.779  2.1478  1.7611  1.7034
1.1634  1.159  13.688  -1.347  -1.979  -2.09  -0.637  -1.487  -2.087  -1.497  2.5462  2.7295  2.8405  -6.324  -7.283  -7.779  2.1402  1.7554  1.6994
1.1635  1.159  14.603  -1.468  -2.108  -2.221  -0.748  -1.611  -2.218  -1.62  2.555  2.7383  2.851  -6.324  -7.283  -7.779  2.1807  1.7765  1.7114
1.1637  1.159  15.58  -1.587  -2.236  -2.352  -0.857  -1.734  -2.349  -1.742  2.555  2.7382  2.851  -6.324  -7.283  -7.779  2.1808  1.777  1.7116
1.1639  1.159  16.59  -1.703  -2.362  -2.481  -0.964  -1.854  -2.478  -1.86  2.5531  2.7363  2.8491  -6.324  -7.283  -7.779  2.1808  1.777  1.7116
1.164  1.159  17.716  -1.823  -2.49  -2.612  -1.074  -1.977  -2.609  -1.982  2.5543  2.7375  2.8502  -6.324  -7.283  -7.779  2.1808  1.7768  1.7115
1.1641  1.159  18.865  -1.937  -2.609  -2.736  -1.177  -2.093  -2.733  -2.097  2.5559  2.7392  2.852  -6.324  -7.283  -7.779  2.1823  1.7819  1.7139
1.1642  1.159  20.089  -2.05  -2.727  -2.86  -1.28  -2.208  -2.856  -2.212  2.5526  2.7358  2.8487  -6.324  -7.283  -7.779  2.1806  1.7757  1.7136
1.1643  1.159  21.402  -2.164  -2.845  -2.983  -1.383  -2.324  -2.98  -2.327  2.5568  2.7401  2.8537  -6.324  -7.283  -7.779  2.1804  1.7804  1.7186
1.1644  1.158  22.801  -2.276  -2.961  -3.105  -1.483  -2.437  -3.101  -2.44  2.5488  2.7315  2.845  -6.324  -7.283  -7.779  2.1673  1.7716  1.7098
1.1645  1.158  24.264  -2.387  -3.077  -3.228  -1.584  -2.551  -3.224  -2.552  2.5454  2.7277  2.8412  -6.324  -7.283  -7.779  2.1494  1.7677  1.7056
1.1646  1.158  25.832  -2.496  -3.19  -3.347  -1.681  -2.662  -3.343  -2.662  2.5478  2.7304  2.844  -6.324  -7.283  -7.779  2.1673  1.7716  1.7098
1.1647  1.158  27.489  -2.606  -3.305  -3.469  -1.779  -2.774  -3.464  -2.774  2.5505  2.7332  2.8466  -6.324  -7.283  -7.779  2.166  1.7715  1.7095
1.1648  1.157  29.265  -2.716  -3.42  -3.59  -1.877  -2.886  -3.585  -2.885  2.5535  2.7364  2.8499  -6.324  -7.283  -7.779  2.1647  1.7714  1.7092
1.1648  1.157  31.071  -2.822  -3.531  -3.708  -1.971  -2.994  -3.703  -2.992  2.5497  2.7323  2.8458  -6.324  -7.283  -7.779  2.1482  1.767  1.7052
1.1649  1.156  33.079  -2.932  -3.649  -3.831  -2.068  -3.108  -3.826  -3.104  2.5514  2.7337  2.8471  -6.324  -7.283  -7.779  2.1398  1.7611  1.7034
1.1649  1.156  35.152  -3.04  -3.766  -3.953  -2.165  -3.22  -3.948  -3.215  2.5529  2.7354  2.8488  -6.324  -7.283  -7.779  2.147  1.7662  1.7048
1.165  1.156  37.381  -3.148  -3.882  -4.074  -2.261  -3.332  -4.069  -3.325  2.5534  2.736  2.8494  -6.324  -7.283  -7.779  2.1474  1.7665  1.7049
1.165  1.155  39.724  -3.256  -3.999  -4.197  -2.357  -3.444  -4.191  -3.435  2.5526  2.7351  2.8485  -6.324  -7.283  -7.779  2.147  1.7662  1.7048
1.1651  1.154  42.146  -3.36  -4.112  -4.315  -2.448  -3.552  -4.309  -3.542  2.5532  2.7357  2.8491  -6.324  -7.283  -7.779  2.1474  1.7665  1.7049
1.1651  1.154  44.736  -3.465  -4.226  -4.434  -2.541  -3.662  -4.428  -3.649  2.5461  2.7284  2.8418  -6.324  -7.283  -7.779  2.1394  1.7665  1.7049
1.1652  1.153  47.507  -3.571  -4.341  -4.554  -2.634  -3.772  -4.549  -3.757  2.5461  2.7284  2.8418  -6.324  -7.283  -7.779  2.1394  1.7665  1.7049
1.1652  1.152  50.368  -3.671  -4.45  -4.669  -2.721  -3.877  -4.663  -3.86  2.5461  2.7284  2.8418  -6.324  -7.283  -7.779  2.1394  1.7665  1.7049
1.1652  1.151  53.34  -3.773  -4.56  -4.785  -2.809  -3.983  -4.779  -3.964  2.5507  2.7332  2.8465  -6.324  -7.283  -7.779  2.1474  1.7665  1.7049
1.1653  1.15  56.579  -3.874  -4.671  -4.9  -2.897  -4.089  -4.894  -4.068  2.5507  2.7332  2.8465  -6.324  -7.283  -7.779  2.1474  1.7665  1.7049
1.1653  1.149  60.821  -4.001  -4.807  -5.044  -3.004  -4.221  -5.038  -4.197  2.5507  2.7332  2.8465  -6.324  -7.283  -7.779  2.1474  1.7665  1.7049
1.1653  1.148  65.201  -4.122  -4.938  -5.182  -3.106  -4.347  -5.176  -4.321  2.5441  2.7262  2.8395  -6.324  -7.283  -7.779  2.1402  1.7632  1.7034
1.1654  1.146  70.009  -4.245  -5.07  -5.321  -3.206  -4.474  -5.315  -4.446  2.5441  2.7262  2.8395  -6.324  -7.283  -7.779  2.1402  1.7632  1.7034
1.1654  1.145  75.033  -4.365  -5.199  -5.458  -3.303  -4.599  -5.451  -4.569  2.5441  2.7262  2.8395  -6.324  -7.283  -7.779  2.1402  1.7632  1.7034
1.1654  1.143  80.289  -4.483  -5.326  -5.591  -3.396  -4.721  -5.584  -4.689  2.5466  2.7289  2.8422  -6.324  -7.283  -7.779  2.1478  1.7667  1.705
1.1654  1.141  85.912  -4.6  -5.452  -5.725  -3.485  -4.843  -5.718  -4.808  2.5466  2.7289  2.8422  -6.324  -7.283  -7.779  2.1478  1.7667  1.705
1.1654  1.139  91.866  -4.714  -5.575  -5.855  -3.57  -4.961  -5.848  -4.925  2.5466  2.7289  2.8422  -6.324  -7.283  -7.779  2.1478  1.7667  1.705
1.1655  1.136  98.278  -4.83  -5.698  -5.986  -3.647  -5.08  -5.978  -5.043  2.5466  2.7289  2.8422  -6.324  -7.283  -7.779  2.1478  1.7667  1.705
1.1655  1.134  104.847  -4.943  -5.818  -6.114  -3.722  -5.197  -6.106  -5.158  2.5466  2.7289  2.8422  -6.324  -7.283  -7.779  2.1478  1.7667  1.705
1.1655  1.131  111.906  -5.055  -5.936  -6.241  -3.788  -5.311  -6.232  -5.271  2.5466  2.7289  2.8422  -6.324  -7.283  -7.779  2.1478  1.7667  1.705
1.1655  1.128  119.304  -5.166  -6.052  -6.365  -3.846  -5.424  -6.356  -5.384  2.5465  2.7288  2.842  -6.324  -7.283  -7.779  2.1595  1.7708  1.7082
1.1655  1.124  127.249  -5.277  -6.169  -6.49  -3.899  -5.537  -6.481  -5.496  2.5465  2.7288  2.842  -6.324  -7.283  -7.779  2.1595  1.7708  1.7082
1.1655  1.121  135.567  -5.385  -6.28  -6.611  -3.933  -5.645  -6.601  -5.605  2.5465  2.7288  2.842  -6.324  -7.283  -7.779  2.1595  1.7708  1.7082
1.1656  1.116  144.197  -5.489  -6.389  -6.73  -3.963  -5.751  -6.719  -5.711  2.5465  2.7288  2.842  -6.324  -7.283  -7.779  2.1595  1.7708  1.7082
1.1656  1.112  152.952  -5.588  -6.492  -6.842  -3.966  -5.85  -6.831  -5.811  2.5465  2.7288  2.842  -6.324  -7.283  -7.779  2.1595  1.7708  1.7082
1.1656  1.11  156.155  -5.623  -6.528  -6.882  -3.967  -5.884  -6.87  -5.846  2.5465  2.7288  2.842  -6.324  -7.283  -7.779  2.1595  1.7708  1.7082
1.1657  1.11  11.019  -1.042  -1.598  -1.691  -0.405  -1.153  -1.689  -1.173  2.5421  2.7238  2.8368  -6.324  -7.283  -7.779  2.147  1.7662  1.7048
1.1659  1.11  11.08  -1.054  -1.61  -1.704  -0.416  -1.164  -1.701  -1.185  2.5501  2.7325  2.8458  -6.324  -7.283  -7.779  2.1506  1.7685  1.7061
1.166  1.111  11.07  -1.054  -1.609  -1.703  -0.417  -1.164  -1.7  -1.184  2.543  2.7246  2.8377  -6.324  -7.283  -7.779  2.1418  1.7608  1.7006
1.1662  1.111  11.037  -1.05  -1.604  -1.697  -0.413  -1.159  -1.694  -1.18  2.5431  2.7248  2.8378  -6.324  -7.283  -7.779  2.1418  1.7608  1.7006
1.1664  1.111  10.991  -1.044  -1.596  -1.689  -0.409  -1.153  -1.687  -1.174  2.5504  2.7326  2.8461  -6.324  -7.283  -7.779  2.141  1.7605  1.7
1.1665  1.111  10.946  -1.038  -1.589  -1.682  -0.404  -1.146  -1.679  -1.167  2.5347  2.7154  2.8242  -6.324  -7.283  -7.779  2.1819  1.7856  1.7163
1.1667  1.111  10.901  -1.031  -1.581  -1.674  -0.399  -1.14  -1.671  -1.16  2.5339  2.7144  2.8232  -6.324  -7.283  -7.779  2.1803  1.7798  1.7094
1.1668  1.111  10.856  -1.026  -1.575  -1.667  -0.395  -1.134  -1.664  -1.155  2.5355  2.7162  2.825  -6.324  -7.283  -7.779  2.1803  1.7798  1.7094
1.167  1.112  10.823  -1.021  -1.568  -1.661  -0.391  -1.128  -1.658  -1.149  2.5346  2.715  2.8238  -6.324  -7.283  -7.779  2.1792  1.7716  1.7046
1.1672  1.112  10.796  -1.017  -1.564  -1.656  -0.388  -1.124  -1.653  -1.145  2.5304  2.7106  2.8193  -6.324  -7.283  -7.779  2.1718  1.7636  1.7032
1.1673  1.112  10.768  -1.013  -1.559  -1.651  -0.385  -1.12  -1.648  -1.141  2.5271  2.707  2.8157  -6.324  -7.283  -7.779  2.1475  1.7593  1.6976
1.1675  1.112  10.741  -1.011  -1.555  -1.647  -0.383  -1.117  -1.644  -1.139  2.5287  2.7086  2.8173  -6.324  -7.283  -7.779  2.145  1.759  1.697
1.1676  1.112  10.714  -1.008  -1.552  -1.643  -0.381  -1.114  -1.641  -1.136  2.5333  2.7137  2.8224  -6.324  -7.283  -7.779  2.1763  1.7692  1.7039
1.1678  1.113  10.704  -1.006  -1.549  -1.641  -0.38  -1.112  -1.638  -1.133  2.5305  2.7109  2.8196  -6.324  -7.283  -7.779  2.1767  1.7696  1.704
1.1678  1.113  10.704  -1.006  -1.549  -1.64  -0.38  -1.111  -1.637  -1.133  2.5308  2.7112  2.82  -6.324  -7.283  -7.779  2.1767  1.7696  1.704
1.1678  1.113  10.699  -1.005  -1.549  -1.64  -0.38  -1.111  -1.637  -1.133  2.5308  2.7112  2.82  -6.324  -7.283  -7.779  2.1767  1.7696  1.704
1.168  1.113  10.677  -1.004  -1.546  -1.637  -0.379  -1.109  -1.635  -1.131  2.5313  2.7118  2.8206  -6.324  -7.283  -7.779  2.1767  1.7696  1.704
1.1681  1.113  10.667  -1.003  -1.545  -1.636  -0.379  -1.108  -1.633  -1.13  2.5308  2.7113  2.8201  -6.324  -7.283  -7.779  2.1767  1.7696  1.704
1.1683  1.113  10.662  -1.003  -1.544  -1.635  -0.379  -1.108  -1.632  -1.13  2.5329  2.7136  2.8226  -6.324  -7.283  -7.779  2.1772  1.7708  1.7043
1.1685  1.113  10.67  -1.004  -1.545  -1.635  -0.38  -1.108  -1.633  -1.131  2.5323  2.7131  2.8221  -6.324  -7.283  -7.779  2.1772  1.7708  1.7043
1.1686  1.114  10.665  -1.005  -1.546  -1.636  -0.382  -1.11  -1.634  -1.132  2.5308  2.7116  2.8207  -6.324  -7.283  -7.779  2.1772  1.7708  1.7043
1.1688  1.114  10.677  -1.007  -1.548  -1.639  -0.384  -1.112  -1.636  -1.134  2.5318  2.7124  2.8215  -6.324  -7.283  -7.779  2.1703  1.7624  1.703
1.1689  1.114  10.702  -1.011  -1.551  -1.642  -0.387  -1.115  -1.639  -1.138  2.5341  2.7148  2.8242  -6.324  -7.283  -7.779  2.1714  1.7636  1.7032
1.1689  1.114  10.702  -1.011  -1.552  -1.642  -0.387  -1.116  -1.64  -1.138  2.5354  2.7162  2.8256  -6.324  -7.283  -7.779  2.1718  1.764  1.7032
1.169  1.114  10.702  -1.013  -1.554  -1.644  -0.389  -1.118  -1.642  -1.14  2.5312  2.7118  2.8211  -6.324  -7.283  -7.779  2.17  1.762  1.703
1.1692  1.114  10.731  -1.018  -1.559  -1.65  -0.394  -1.123  -1.647  -1.145  2.5178  2.6974  2.8066  -6.324  -7.283  -7.779  2.1368  1.7523  1.6887
1.1693  1.114  10.773  -1.024  -1.566  -1.656  -0.4  -1.129  -1.654  -1.151  2.5024  2.6808  2.7898  -6.324  -7.283  -7.779  2.1311  1.7365  1.6627
1.1695  1.114  10.826  -1.032  -1.574  -1.665  -0.407  -1.137  -1.662  -1.159  2.4995  2.6776  2.7866  -6.324  -7.283  -7.779  2.1305  1.7355  1.6625
1.1696  1.115  10.878  -1.042  -1.585  -1.676  -0.416  -1.147  -1.673  -1.169  2.4944  2.672  2.7807  -6.324  -7.283  -7.779  2.1253  1.7285  1.6582
1.1697  1.115  10.943  -1.054  -1.597  -1.689  -0.427  -1.159  -1.686  -1.181  2.5091  2.6878  2.8009  -6.324  -7.283  -7.779  2.082  1.693  1.64
1.1699  1.115  11.032  -1.068  -1.613  -1.705  -0.439  -1.174  -1.702  -1.196  2.5222  2.7028  2.82  -6.324  -7.283  -7.855  2.0704  1.6797  1.6222
1.17  1.115  11.134  -1.083  -1.63  -1.722  -0.453  -1.19  -1.719  -1.211  2.5338  2.7153  2.8331  -6.324  -7.283  -7.855  2.0547  1.6694  1.5974
1.1702  1.115  11.237  -1.1  -1.648  -1.741  -0.468  -1.207  -1.738  -1.229  2.5348  2.7162  2.834  -6.324  -7.283  -7.855  2.0538  1.6676  1.5956
1.1703  1.116  11.388  -1.124  -1.675  -1.768  -0.49  -1.232  -1.765  -1.253  2.544  2.7261  2.8443  -6.324  -7.283  -7.855  2.0574  1.6716  1.6028
1.1705  1.116  11.438  -1.132  -1.684  -1.777  -0.497  -1.241  -1.774  -1.262  2.5469  2.7289  2.847  -6.324  -7.283  -7.855  2.0764  1.6934  1.6402
1.1706  1.116  11.821  -1.189  -1.746  -1.841  -0.548  -1.3  -1.839  -1.32  2.5421  2.7234  2.8411  -6.324  -7.283  -7.855  2.0736  1.6906  1.638
1.1708  1.116  12.475  -1.285  -1.851  -1.948  -0.634  -1.399  -1.946  -1.418  2.5438  2.7252  2.843  -6.324  -7.283  -7.855  2.0802  1.6945  1.6408
1.1708  1.116  13.193  -1.384  -1.961  -2.061  -0.723  -1.502  -2.058  -1.52  2.5438  2.7252  2.843  -6.324  -7.283  -7.855  2.0802  1.6945  1.6408
1.1709  1.116  14.001  -1.488  -2.075  -2.177  -0.816  -1.61  -2.174  -1.627  2.5429  2.7242  2.8419  -6.324  -7.283  -7.855  2.0799  1.6944  1.6407
1.1709  1.116  14.841  -1.592  -2.189  -2.294  -0.909  -1.718  -2.292  -1.733  2.5429  2.7242  2.8419  -6.324  -7.283  -7.855  2.0799  1.6944  1.6407
1.1709  1.116  15.724  -1.694  -2.301  -2.409  -1.0  -1.823  -2.406  -1.838  2.5429  2.7242  2.8419  -6.324  -7.283  -7.855  2.0799  1.6944  1.6407
1.1709  1.116  16.659  -1.796  -2.414  -2.525  -1.092  -1.93  -2.522  -1.943  2.5434  2.7248  2.8425  -6.324  -7.283  -7.855  2.0802  1.6945  1.6408
1.1709  1.116  17.614  -1.895  -2.522  -2.636  -1.18  -2.032  -2.633  -2.044  2.5434  2.7248  2.8425  -6.324  -7.283  -7.855  2.0802  1.6945  1.6408
1.1709  1.116  18.542  -1.984  -2.616  -2.735  -1.259  -2.124  -2.732  -2.134  2.5434  2.7248  2.8425  -6.324  -7.283  -7.855  2.0802  1.6945  1.6408
1.1709  1.116  18.572  -1.987  -2.62  -2.739  -1.262  -2.127  -2.735  -2.137  2.5434  2.7248  2.8425  -6.324  -7.283  -7.855  2.0802  1.6945  1.6408
1.1709  1.116  18.602  -1.989  -2.622  -2.74  -1.263  -2.129  -2.737  -2.139  2.5434  2.7248  2.8425  -6.324  -7.283  -7.855  2.0802  1.6945  1.6408
1.1709  1.116  19.969  -2.112  -2.752  -2.877  -1.373  -2.255  -2.873  -2.264  2.5434  2.7248  2.8425  -6.324  -7.283  -7.855  2.0802  1.6945  1.6408
1.1709  1.116  21.24  -2.222  -2.867  -2.998  -1.47  -2.366  -2.995  -2.375  2.5434  2.7248  2.8425  -6.324  -7.283  -7.855  2.0802  1.6945  1.6408
1.1709  1.116  22.901  -2.352  -3.005  -3.144  -1.586  -2.5  -3.14  -2.508  2.5434  2.7248  2.8425  -6.324  -7.283  -7.855  2.0802  1.6945  1.6408
1.1709  1.116  22.169  -2.295  -2.944  -3.079  -1.535  -2.441  -3.075  -2.45  2.5434  2.7248  2.8425  -6.324  -7.283  -7.855  2.0802  1.6945  1.6408
1.171  1.116  20.066  -2.122  -2.762  -2.888  -1.381  -2.264  -2.884  -2.274  2.5434  2.7248  2.8425  -6.324  -7.283  -7.855  2.0802  1.6945  1.6408
1.1711  1.115  21.079  -2.207  -2.852  -2.982  -1.457  -2.351  -2.978  -2.36  2.5378  2.7187  2.8364  -6.324  -7.283  -7.855  2.067  1.6805  1.627
1.1711  1.115  22.323  -2.305  -2.956  -3.092  -1.544  -2.452  -3.088  -2.46  2.5378  2.7187  2.8363  -6.324  -7.283  -7.855  2.067  1.6805  1.627
1.1712  1.114  23.706  -2.41  -3.067  -3.209  -1.637  -2.559  -3.205  -2.567  2.5376  2.7185  2.8361  -6.324  -7.283  -7.855  2.067  1.6805  1.627
1.1712  1.113  25.215  -2.517  -3.179  -3.328  -1.731  -2.668  -3.323  -2.675  2.5349  2.7155  2.8331  -6.324  -7.283  -7.855  2.0635  1.6788  1.615
1.1713  1.112  26.832  -2.624  -3.292  -3.447  -1.824  -2.778  -3.442  -2.783  2.5323  2.7126  2.8302  -6.324  -7.283  -7.855  2.0635  1.6765  1.6055
1.1713  1.112  28.586  -2.732  -3.406  -3.568  -1.919  -2.888  -3.563  -2.893  2.5311  2.7114  2.829  -6.324  -7.283  -7.855  2.0637  1.6771  1.6057
1.1714  1.111  30.455  -2.84  -3.521  -3.69  -2.014  -3.0  -3.685  -3.003  2.5316  2.7119  2.8294  -6.324  -7.283  -7.855  2.0635  1.6765  1.6055
1.1714  1.11  32.446  -2.95  -3.641  -3.815  -2.111  -3.114  -3.81  -3.115  2.5316  2.7119  2.8294  -6.324  -7.283  -7.855  2.0635  1.6765  1.6055
1.1714  1.108  34.566  -3.06  -3.761  -3.94  -2.208  -3.228  -3.935  -3.228  2.5316  2.7119  2.8294  -6.324  -7.283  -7.855  2.0635  1.6765  1.6055
1.1714  1.107  36.784  -3.169  -3.88  -4.065  -2.304  -3.342  -4.059  -3.34  2.5359  2.7165  2.8341  -6.324  -7.283  -7.855  2.0666  1.6786  1.6138
1.1715  1.106  39.197  -3.277  -3.999  -4.19  -2.398  -3.456  -4.185  -3.451  2.5327  2.7131  2.8307  -6.324  -7.283  -7.855  2.0635  1.6765  1.6055
1.1715  1.104  42.224  -3.39  -4.131  -4.331  -2.49  -3.578  -4.325  -3.569  2.5327  2.7131  2.8307  -6.324  -7.283  -7.855  2.0635  1.6765  1.6055
1.1715  1.102  45.243  -3.502  -4.257  -4.464  -2.582  -3.696  -4.459  -3.684  2.5316  2.7119  2.8294  -6.324  -7.283  -7.855  2.0633  1.6759  1.6053
1.1715  1.099  48.345  -3.614  -4.38  -4.594  -2.678  -3.813  -4.588  -3.799  2.532  2.7123  2.8298  -6.324  -7.283  -7.855  2.0634  1.6762  1.6054
1.1715  1.097  51.518  -3.723  -4.5  -4.72  -2.772  -3.928  -4.714  -3.911  2.532  2.7123  2.8298  -6.324  -7.283  -7.855  2.0634  1.6762  1.6054
1.1715  1.094  55.012  -3.834  -4.622  -4.849  -2.867  -4.045  -4.843  -4.025  2.532  2.7123  2.8298  -6.324  -7.283  -7.855  2.0634  1.6762  1.6054
1.1716  1.09  58.838  -3.95  -4.748  -4.982  -2.964  -4.165  -4.975  -4.144  2.5291  2.7092  2.8266  -6.324  -7.283  -7.855  2.063  1.675  1.605
1.1716  1.086  63.017  -4.067  -4.876  -5.117  -3.062  -4.288  -5.111  -4.264  2.5291  2.7092  2.8266  -6.324  -7.283  -7.855  2.063  1.675  1.605
1.1716  1.083  67.105  -4.174  -4.992  -5.24  -3.149  -4.4  -5.233  -4.373  2.5291  2.7092  2.8266  -6.324  -7.283  -7.855  2.063  1.675  1.605
1.1716  1.081  71.327  -4.278  -5.105  -5.359  -3.232  -4.508  -5.352  -4.48  2.5291  2.7092  2.8266  -6.324  -7.283  -7.855  2.063  1.675  1.605
1.1716  1.078  76.06  -4.387  -5.223  -5.484  -3.317  -4.622  -5.477  -4.591  2.5252  2.7051  2.8224  -6.324  -7.283  -7.855  2.0625  1.6735  1.6045
1.1716  1.075  81.181  -4.497  -5.342  -5.611  -3.4  -4.736  -5.604  -4.704  2.5252  2.7051  2.8224  -6.324  -7.283  -7.855  2.0625  1.6735  1.6045
1.1716  1.072  86.448  -4.602  -5.457  -5.733  -3.476  -4.846  -5.725  -4.811  2.5252  2.7051  2.8224  -6.324  -7.283  -7.855  2.0625  1.6735  1.6045
1.1716  1.068  92.057  -4.708  -5.571  -5.855  -3.549  -4.956  -5.847  -4.919  2.5216  2.7011  2.8183  -6.324  -7.283  -7.855  2.062  1.672  1.604
1.1716  1.063  98.436  -4.82  -5.691  -5.983  -3.618  -5.071  -5.975  -5.034  2.5216  2.7011  2.8183  -6.324  -7.283  -7.855  2.062  1.672  1.604
1.1716  1.057  105.404  -4.934  -5.813  -6.115  -3.685  -5.189  -6.106  -5.15  2.5216  2.7011  2.8183  -6.324  -7.283  -7.855  2.062  1.672  1.604
1.1716  1.048  112.552  -5.044  -5.93  -6.241  -3.736  -5.302  -6.232  -5.262  2.5216  2.7011  2.8183  -6.324  -7.283  -7.855  2.062  1.672  1.604
1.1716  1.041  116.588  -5.101  -5.99  -6.307  -3.759  -5.36  -6.297  -5.32  2.5216  2.7011  2.8183  -6.324  -7.283  -7.855  2.062  1.672  1.604
1.1716  1.038  119.002  -5.136  -6.027  -6.347  -3.772  -5.396  -6.337  -5.355  2.5216  2.7011  2.8183  -6.324  -7.283  -7.855  2.062  1.672  1.604
1.1716  1.037  119.552  -5.142  -6.034  -6.355  -3.77  -5.403  -6.345  -5.361  2.5216  2.7011  2.8183  -6.324  -7.283  -7.855  2.062  1.672  1.604
1.1716  1.035  123.156  -5.191  -6.086  -6.411  -3.783  -5.452  -6.401  -5.411  2.5216  2.7011  2.8183  -6.324  -7.283  -7.855  2.062  1.672  1.604
1.1716  1.035  128.545  -5.263  -6.16  -6.492  -3.801  -5.524  -6.482  -5.484  2.5216  2.7011  2.8183  -6.324  -7.283  -7.855  2.062  1.672  1.604
1.1716  1.034  116.186  -5.093  -5.983  -6.299  -3.751  -5.353  -6.29  -5.312  2.5216  2.7011  2.8183  -6.324  -7.283  -7.855  2.062  1.672  1.604
1.1716  1.034  114.645  -5.072  -5.96  -6.275  -3.74  -5.331  -6.266  -5.29  2.5216  2.7011  2.8183  -6.324  -7.283  -7.855  2.062  1.672  1.604
1.1716  1.034  117.046  -5.108  -5.998  -6.316  -3.758  -5.367  -6.306  -5.327  2.5216  2.7011  2.8183  -6.324  -7.283  -7.855  2.062  1.672  1.604
1.1716  1.033  122.646  -5.184  -6.078  -6.403  -3.783  -5.445  -6.393  -5.404  2.5216  2.7011  2.8183  -6.324  -7.283  -7.855  2.062  1.672  1.604
1.1716  1.032  127.279  -5.247  -6.143  -6.474  -3.799  -5.508  -6.464  -5.467  2.5216  2.7011  2.8183  -6.324  -7.283  -7.855  2.062  1.672  1.604
1.1716  1.032  131.933  -5.307  -6.206  -6.543  -3.813  -5.569  -6.532  -5.528  2.5216  2.7011  2.8183  -6.324  -7.283  -7.855  2.062  1.672  1.604
1.1716  1.031  136.979  -5.37  -6.272  -6.615  -3.82  -5.632  -6.604  -5.592  2.5216  2.7011  2.8183  -6.324  -7.283  -7.855  2.062  1.672  1.604
1.1716  1.03  141.467  -5.424  -6.329  -6.677  -3.817  -5.686  -6.665  -5.647  2.5216  2.7011  2.8183  -6.324  -7.283  -7.855  2.062  1.672  1.604
1.1716  1.029  147.964  -5.496  -6.404  -6.759  -3.811  -5.757  -6.747  -5.72  2.5216  2.7011  2.8183  -6.324  -7.283  -7.855  2.062  1.672  1.604
1.1716  1.027  155.401  -5.578  -6.489  -6.852  -3.803  -5.838  -6.839  -5.803  2.5216  2.7011  2.8183  -6.324  -7.283  -7.855  2.062  1.672  1.604
1.1716  1.024  163.627  -5.661  -6.575  -6.947  -3.791  -5.92  -6.933  -5.886  2.5216  2.7011  2.8183  -6.324  -7.283  -7.855  2.062  1.672  1.604
1.1716  1.02  172.169  -5.744  -6.662  -7.042  -3.768  -6.0  -7.026  -5.971  2.5212  2.7008  2.8179  -6.324  -7.283  -7.855  2.062  1.672  1.604
1.1716  1.017  174.805  -5.768  -6.686  -7.069  -3.761  -6.023  -7.053  -5.995  2.5212  2.7008  2.8179  -6.324  -7.283  -7.855  2.062  1.672  1.604
1.1716  1.017  174.805  -5.768  -6.686  -7.069  -3.761  -6.023  -7.053  -5.995  2.5212  2.7008  2.8179  -6.324  -7.283  -7.855  2.062  1.672  1.604
1.1716  1.017  112.035  -5.02  -5.909  -6.224  -3.688  -5.28  -6.214  -5.239  2.5212  2.7008  2.8179  -6.324  -7.283  -7.855  2.062  1.672  1.604
1.1716  1.016  67.074  -4.174  -4.991  -5.239  -3.15  -4.399  -5.233  -4.373  2.5212  2.7008  2.8179  -6.324  -7.283  -7.855  2.062  1.672  1.604
1.1716  1.015  69.559  -4.233  -5.056  -5.309  -3.193  -4.461  -5.303  -4.434  2.5212  2.7008  2.8179  -6.324  -7.283  -7.855  2.062  1.672  1.604
1.1716  1.013  86.19  -4.581  -5.44  -5.719  -3.44  -4.827  -5.712  -4.791  2.5212  2.7008  2.8179  -6.324  -7.283  -7.855  2.062  1.672  1.604
1.1716  1.011  113.987  -5.045  -5.937  -6.255  -3.69  -5.305  -6.245  -5.264  2.5212  2.7008  2.8179  -6.324  -7.283  -7.855  2.062  1.672  1.604
1.1716  1.009  144.097  -5.435  -6.344  -6.7  -3.739  -5.697  -6.688  -5.659  2.5212  2.7008  2.8179  -6.324  -7.283  -7.855  2.062  1.672  1.604
1.1716  1.007  167.709  -5.687  -6.605  -6.984  -3.718  -5.943  -6.968  -5.914  2.5212  2.7008  2.8179  -6.324  -7.283  -7.855  2.062  1.672  1.604
1.1716  1.004  181.616  -5.818  -6.741  -7.131  -3.698  -6.07  -7.113  -6.046  2.5212  2.7008  2.8179  -6.324  -7.283  -7.855  2.062  1.672  1.604
1.1716  1.001  188.693  -5.878  -6.803  -7.2  -3.681  -6.127  -7.18  -6.106  2.5212  2.7008  2.8179  -6.324  -7.283  -7.855  2.062  1.672  1.604
1.1716  0.997  192.733  -5.911  -6.838  -7.238  -3.67  -6.159  -7.217  -6.14  2.5212  2.7008  2.8179  -6.324  -7.283  -7.855  2.062  1.672  1.604
1.1716  0.996  101.521  -4.839  -5.723  -6.027  -3.565  -5.097  -6.019  -5.056  2.5212  2.7008  2.8179  -6.324  -7.283  -7.855  2.062  1.672  1.604
1.1716  0.995  74.38  -4.325  -5.166  -5.43  -3.246  -4.563  -5.423  -4.53  2.5212  2.7008  2.8179  -6.324  -7.283  -7.855  2.062  1.672  1.604
1.1716  0.994  77.065  -4.382  -5.228  -5.497  -3.284  -4.622  -5.489  -4.589  2.5212  2.7008  2.8179  -6.324  -7.283  -7.855  2.062  1.672  1.604
1.1716  0.992  94.941  -4.725  -5.602  -5.897  -3.502  -4.98  -5.889  -4.94  2.5212  2.7008  2.8179  -6.324  -7.283  -7.855  2.062  1.672  1.604
1.1716  0.989  124.754  -5.182  -6.084  -6.42  -3.679  -5.445  -6.409  -5.404  2.5212  2.7008  2.8179  -6.324  -7.283  -7.855  2.062  1.672  1.604
1.1716  0.986  156.803  -5.562  -6.478  -6.849  -3.672  -5.819  -6.834  -5.788  2.5212  2.7008  2.8179  -6.324  -7.283  -7.855  2.062  1.672  1.604
1.1716  0.983  181.449  -5.803  -6.727  -7.121  -3.643  -6.054  -7.101  -6.031  2.5212  2.7008  2.8179  -6.324  -7.283  -7.855  2.062  1.672  1.604
1.1716  0.979  195.369  -5.924  -6.852  -7.255  -3.641  -6.169  -7.232  -6.153  2.5212  2.7008  2.8179  -6.324  -7.283  -7.855  2.062  1.672  1.604
1.1716  0.975  201.491  -5.975  -6.905  -7.312  -3.641  -6.216  -7.287  -6.205  2.5212  2.7008  2.8179  -6.324  -7.283  -7.855  2.062  1.672  1.604
1.1716  0.97  204.765  -5.998  -6.929  -7.338  -3.636  -6.238  -7.312  -6.228  2.5212  2.7008  2.8179  -6.324  -7.283  -7.855  2.062  1.672  1.604
1.1716  0.969  109.108  -4.95  -5.843  -6.16  -3.596  -5.211  -6.15  -5.17  2.5212  2.7008  2.8179  -6.324  -7.283  -7.855  2.062  1.672  1.604
1.1716  0.967  79.883  -4.432  -5.286  -5.561  -3.309  -4.676  -5.554  -4.641  2.5212  2.7008  2.8179  -6.324  -7.283  -7.855  2.062  1.672  1.604
1.1716  0.965  82.671  -4.488  -5.348  -5.627  -3.346  -4.734  -5.62  -4.699  2.5212  2.7008  2.8179  -6.324  -7.283  -7.855  2.062  1.672  1.604
1.1716  0.963  101.614  -4.83  -5.716  -6.023  -3.536  -5.088  -6.014  -5.048  2.5212  2.7008  2.8179  -6.324  -7.283  -7.855  2.062  1.672  1.604
1.1716  0.959  133.216  -5.28  -6.188  -6.537  -3.637  -5.542  -6.526  -5.504  2.5212  2.7008  2.8179  -6.324  -7.283  -7.855  2.062  1.672  1.604
1.1716  0.956  166.861  -5.653  -6.574  -6.959  -3.608  -5.907  -6.941  -5.88  2.5212  2.7008  2.8179  -6.324  -7.283  -7.855  2.062  1.672  1.604
1.1716  0.951  192.644  -5.89  -6.819  -7.222  -3.596  -6.134  -7.199  -6.12  2.5212  2.7008  2.8179  -6.324  -7.283  -7.855  2.062  1.672  1.604
1.1717  0.946  207.183  -6.008  -6.941  -7.353  -3.602  -6.245  -7.326  -6.239  2.5212  2.7008  2.8179  -6.324  -7.283  -7.855  2.062  1.672  1.604
1.1717  0.94  213.676  -6.057  -6.99  -7.406  -3.608  -6.289  -7.376  -6.288  2.5212  2.7008  2.8179  -6.324  -7.283  -7.855  2.062  1.672  1.604
1.1717  0.934  216.698  -6.079  -7.012  -7.43  -3.608  -6.309  -7.399  -6.31  2.5212  2.7008  2.8179  -6.324  -7.283  -7.855  2.062  1.672  1.604
1.1717  0.932  117.1  -5.061  -5.96  -6.291  -3.598  -5.323  -6.28  -5.282  2.5212  2.7008  2.8179  -6.324  -7.283  -7.855  2.062  1.672  1.604
1.1717  0.93  85.537  -4.539  -5.406  -5.691  -3.369  -4.789  -5.683  -4.752  2.5212  2.7008  2.8179  -6.324  -7.283  -7.855  2.062  1.672  1.604
1.1717  0.927  88.706  -4.597  -5.468  -5.759  -3.401  -4.849  -5.751  -4.811  2.5212  2.7008  2.8179  -6.324  -7.283  -7.855  2.062  1.672  1.604
1.1717  0.923  108.982  -4.938  -5.832  -6.152  -3.559  -5.199  -6.142  -5.158  2.5212  2.7008  2.8179  -6.324  -7.283  -7.855  2.062  1.672  1.604
1.1717  0.919  142.579  -5.382  -6.295  -6.659  -3.582  -5.642  -6.646  -5.607  2.5212  2.7008  2.8179  -6.324  -7.283  -7.855  2.062  1.672  1.604
1.1717  0.913  178.507  -5.75  -6.677  -7.075  -3.529  -5.999  -7.054  -5.979  2.5212  2.7008  2.8179  -6.324  -7.283  -7.855  2.062  1.672  1.604
1.1717  0.907  206.232  -5.984  -6.917  -7.332  -3.548  -6.218  -7.302  -6.215  2.5212  2.7008  2.8179  -6.324  -7.283  -7.855  2.062  1.672  1.604
1.1717  0.899  222.206  -6.102  -7.037  -7.459  -3.565  -6.325  -7.424  -6.333  2.5212  2.7008  2.8179  -6.324  -7.283  -7.855  2.062  1.672  1.604
1.1717  0.891  229.485  -6.152  -7.089  -7.514  -3.569  -6.37  -7.477  -6.384  2.5212  2.7008  2.8179  -6.324  -7.283  -7.855  2.062  1.672  1.604
1.1717  0.882  233.429  -6.177  -7.114  -7.542  -3.567  -6.392  -7.502  -6.409  2.5212  2.7008  2.8179  -6.324  -7.283  -7.855  2.062  1.672  1.604
1.1717  0.88  128.161  -5.196  -6.103  -6.453  -3.55  -5.457  -6.442  -5.419  2.5212  2.7008  2.8179  -6.324  -7.283  -7.855  2.062  1.672  1.604
1.1717  0.877  93.273  -4.671  -5.551  -5.851  -3.425  -4.927  -5.843  -4.887  2.5212  2.7008  2.8179  -6.324  -7.283  -7.855  2.062  1.672  1.604
1.1717  0.872  96.773  -4.73  -5.614  -5.92  -3.449  -4.987  -5.911  -4.947  2.5212  2.7008  2.8179  -6.324  -7.283  -7.855  2.062  1.672  1.604
1.1717  0.867  118.838  -5.067  -5.969  -6.308  -3.544  -5.329  -6.297  -5.289  2.5212  2.7008  2.8179  -6.324  -7.283  -7.855  2.062  1.672  1.604
1.1717  0.86  155.044  -5.502  -6.422  -6.804  -3.484  -5.757  -6.788  -5.729  2.5212  2.7008  2.8179  -6.324  -7.283  -7.855  2.062  1.672  1.604
1.1717  0.851  193.801  -5.862  -6.795  -7.207  -3.458  -6.099  -7.179  -6.093  2.5212  2.7008  2.8179  -6.324  -7.283  -7.855  2.062  1.672  1.604
1.1717  0.842  223.797  -6.089  -7.026  -7.453  -3.496  -6.306  -7.414  -6.321  2.5212  2.7008  2.8179  -6.324  -7.283  -7.855  2.062  1.672  1.604
1.1717  0.831  240.799  -6.203  -7.143  -7.579  -3.512  -6.409  -7.534  -6.436  2.5212  2.7008  2.8179  -6.324  -7.283  -7.855  2.062  1.672  1.604
1.1717  0.819  248.803  -6.252  -7.192  -7.633  -3.517  -6.451  -7.584  -6.485  2.5212  2.7008  2.8179  -6.324  -7.283  -7.855  2.062  1.672  1.604
1.1717  0.806  253.078  -6.275  -7.216  -7.658  -3.518  -6.471  -7.608  -6.508  2.5212  2.7008  2.8179  -6.324  -7.283  -7.855  2.062  1.672  1.604
1.1717  0.802  140.687  -5.335  -6.25  -6.62  -3.474  -5.594  -6.606  -5.561  2.5212  2.7008  2.8179  -6.324  -7.283  -7.855  2.062  1.672  1.604
1.1717  0.797  101.661  -4.807  -5.696  -6.012  -3.47  -5.066  -6.002  -5.026  2.5212  2.7008  2.8179  -6.324  -7.283  -7.855  2.062  1.672  1.604
1.1717  0.789  105.258  -4.864  -5.756  -6.078  -3.489  -5.125  -6.068  -5.083  2.5212  2.7008  2.8179  -6.324  -7.283  -7.855  2.062  1.672  1.604
1.1717  0.78  128.871  -5.193  -6.102  -6.459  -3.495  -5.455  -6.447  -5.417  2.5212  2.7008  2.8179  -6.324  -7.283  -7.855  2.062  1.672  1.604
1.1717  0.768  167.593  -5.617  -6.543  -6.942  -3.405  -5.866  -6.922  -5.846  2.5212  2.7008  2.8179  -6.324  -7.283  -7.855  2.062  1.672  1.604
1.1717  0.754  208.428  -5.963  -6.9  -7.326  -3.424  -6.188  -7.291  -6.195  2.5212  2.7008  2.8179  -6.324  -7.283  -7.855  2.062  1.672  1.604
1.1717  0.739  239.362  -6.177  -7.12  -7.564  -3.462  -6.384  -7.519  -6.41  2.5212  2.7008  2.8179  -6.324  -7.283  -7.855  2.062  1.672  1.604
1.1717  0.721  255.479  -6.278  -7.224  -7.677  -3.492  -6.475  -7.627  -6.512  2.5212  2.7008  2.8179  -6.324  -7.283  -7.855  2.062  1.672  1.604
1.1717  0.702  260.889  -6.313  -7.261  -7.721  -3.511  -6.51  -7.671  -6.548  2.5212  2.7008  2.8179  -6.324  -7.283  -7.855  2.062  1.672  1.604
1.1717  0.682  261.37  -6.318  -7.271  -7.737  -3.525  -6.522  -7.689  -6.554  2.5212  2.7008  2.8179  -6.324  -7.283  -7.855  2.062  1.672  1.604
