#Mini MPD Rad MJ_2M MH_2M MK_2M MZ087 MW146 MF213 MHw sigmaJ sigmaH sigmaKs minJ minH minKs maxJ maxH maxKs
0.0005  0.0005  0.114  27.866  26.306  37.636  99.0  27.887  99.0  27.449  0.2  0.2  0.2  -999.0  -999.0  -999.0  999.0  999.0  999.0
0.001  0.001  0.117  22.019  22.209  29.086  99.0  22.04  99.0  22.059  0.2  0.2  0.2  -999.0  -999.0  -999.0  999.0  999.0  999.0
0.002  0.002  0.12  19.841  19.676  23.106  99.0  19.862  99.0  19.804  0.2  0.2  0.2  -999.0  -999.0  -999.0  999.0  999.0  999.0
0.003  0.003  0.121  18.731  18.514  20.856  99.0  18.752  99.0  18.682  0.2  0.2  0.2  -999.0  -999.0  -999.0  999.0  999.0  999.0
0.004  0.004  0.122  17.835  17.671  19.326  99.0  17.856  99.0  17.799  0.2  0.2  0.2  -999.0  -999.0  -999.0  999.0  999.0  999.0
0.005  0.005  0.122  17.141  16.995  18.126  99.0  17.162  99.0  17.109  0.2  0.2  0.2  -999.0  -999.0  -999.0  999.0  999.0  999.0
0.006  0.006  0.121  16.642  16.494  17.236  99.0  16.663  99.0  16.609  0.2  0.2  0.2  -999.0  -999.0  -999.0  999.0  999.0  999.0
0.007  0.007  0.121  16.111  16.004  16.356  99.0  16.132  99.0  16.087  0.2  0.2  0.2  -999.0  -999.0  -999.0  999.0  999.0  999.0
0.008  0.008  0.12  15.721  15.65  15.766  99.0  15.742  99.0  15.705  0.2  0.2  0.2  -999.0  -999.0  -999.0  999.0  999.0  999.0
0.009  0.009  0.12  15.292  15.236  15.136  99.0  15.313  99.0  15.28  0.2  0.2  0.2  -999.0  -999.0  -999.0  999.0  999.0  999.0
0.01  0.01  0.12  14.917  14.868  14.666  99.0  14.938  99.0  14.906  0.2  0.2  0.2  -999.0  -999.0  -999.0  999.0  999.0  999.0
0.012  0.012  0.129  13.188  12.979  12.736  99.0  13.209  99.0  13.141  0.2  0.2  0.2  -999.0  -999.0  -999.0  999.0  999.0  999.0
0.015  0.015  0.124  13.035  12.828  12.626  99.0  13.056  99.0  12.989  0.2  0.2  0.2  -999.0  -999.0  -999.0  999.0  999.0  999.0
0.02  0.02  0.122  12.587  12.348  12.146  99.0  12.608  99.0  12.533  0.2  0.2  0.2  -999.0  -999.0  -999.0  999.0  999.0  999.0
0.03  0.03  0.126  11.518  11.212  10.876  99.0  11.539  99.0  11.449  0.2  0.2  0.2  -999.0  -999.0  -999.0  999.0  999.0  999.0
0.04  0.04  0.132  10.892  10.533  10.166  99.0  10.913  99.0  10.81  0.2  0.2  0.2  -999.0  -999.0  -999.0  999.0  999.0  999.0
0.05  0.05  0.141  10.433  10.032  9.686  99.0  10.454  99.0  10.341  0.2  0.2  0.2  -999.0  -999.0  -999.0  999.0  999.0  999.0
0.06  0.06  0.15  10.104  9.692  9.346  99.0  10.125  99.0  10.009  0.2  0.2  0.2  -999.0  -999.0  -999.0  999.0  999.0  999.0
0.07  0.07  0.16  9.823  9.402  9.076  99.0  9.844  99.0  9.726  0.2  0.2  0.2  -999.0  -999.0  -999.0  999.0  999.0  999.0
0.072  0.072  0.162  9.773  9.352  9.026  99.0  9.794  99.0  9.676  0.2  0.2  0.2  -999.0  -999.0  -999.0  999.0  999.0  999.0
0.075  0.075  0.166  9.693  9.272  8.946  99.0  9.714  99.0  9.596  0.2  0.2  0.2  -999.0  -999.0  -999.0  999.0  999.0  999.0
0.09  0.09  0.22  9.52  8.935  8.629  11.334  9.541  8.703  9.382  0.5795  0.5883  0.6033  7.585  7.032  6.809  9.721  9.2232  9.0187
0.0931  0.093  0.223  9.459  8.874  8.567  11.272  9.48  8.642  9.321  0.5267  0.5346  0.5486  7.528  6.981  6.769  9.6972  9.1728  8.9825
0.1  0.1  0.229  9.32  8.734  8.428  11.133  9.34  8.503  9.182  0.5735  0.58  0.5932  7.435  6.88  6.675  9.542  9.022  8.817
0.1008  0.101  0.23  9.305  8.72  8.414  11.118  9.326  8.489  9.167  0.5705  0.5782  0.5927  7.435  6.88  6.675  9.5378  9.021  8.8186
0.1114  0.111  0.24  9.133  8.547  8.243  10.884  9.145  8.315  8.995  0.5506  0.5568  0.5572  7.294  6.733  6.531  9.3748  8.8212  8.598
0.12  0.12  0.247  9.011  8.423  8.122  10.683  9.011  8.191  8.872  0.5286  0.5324  0.5421  7.196  6.632  6.427  9.2268  8.68  8.4672
0.14  0.14  0.263  8.772  8.182  7.888  10.334  8.757  7.952  8.633  0.5158  0.519  0.5267  6.972  6.406  6.201  8.964  8.418  8.1906
0.1416  0.141  0.264  8.754  8.165  7.871  10.31  8.738  7.935  8.615  0.5275  0.5287  0.5391  6.972  6.406  6.214  8.9628  8.3995  8.1552
0.16  0.16  0.279  8.562  7.971  7.684  10.033  8.534  7.744  8.422  0.4554  0.4575  0.46  6.797  6.223  6.022  8.7492  8.1992  7.9634
0.2  0.2  0.308  8.219  7.624  7.349  9.563  8.173  7.403  8.078  0.4024  0.4038  0.4041  6.467  5.882  5.671  8.3988  7.8238  7.5832
0.2207  0.221  0.322  8.07  7.473  7.204  9.367  8.017  7.256  7.929  0.7068  0.7111  0.7239  6.361  5.774  5.56  8.2064  7.6455  7.4184
0.25  0.25  0.341  7.881  7.282  7.019  9.12  7.819  7.068  7.739  0.4088  0.4101  0.4095  6.15  5.556  5.347  8.05  7.4674  7.2303
0.2895  0.289  0.366  7.654  7.05  6.795  8.839  7.583  6.841  7.511  0.5431  0.5505  0.5543  5.938  5.34  5.141  7.7388  7.1686  6.9525
0.3  0.3  0.372  7.597  6.993  6.74  8.77  7.524  6.785  7.454  0.4854  0.4893  0.4914  5.905  5.306  5.107  7.7395  7.1445  6.909
0.35  0.35  0.406  7.335  6.725  6.48  8.455  7.253  6.522  7.191  0.4505  0.4538  0.4537  5.705  5.102  4.909  7.4498  6.85  6.6116
0.4  0.4  0.441  7.074  6.457  6.219  8.143  6.981  6.258  6.928  0.4098  0.4125  0.4125  5.52  4.92  4.741  7.143  6.53  6.299
0.45  0.45  0.48  6.797  6.171  5.939  7.815  6.692  5.975  6.648  0.3512  0.351  0.3508  5.346  4.757  4.585  6.8412  6.2202  5.99
0.5  0.5  0.523  6.493  5.856  5.632  7.449  6.373  5.662  6.342  0.3085  0.3024  0.3008  5.175  4.576  4.424  6.5344  5.9004  5.6734
0.5236  0.523  0.545  6.316  5.671  5.453  7.229  6.186  5.48  6.163  0.2813  0.2791  0.2835  5.109  4.553  4.356  6.3329  5.6888  5.4704
0.55  0.55  0.569  6.126  5.472  5.265  6.997  5.987  5.287  5.97  0.2736  0.2567  0.2533  4.973  4.445  4.298  6.1963  5.5456  5.3329
0.5558  0.555  0.574  6.081  5.424  5.221  6.939  5.939  5.242  5.924  0.3098  0.3  0.2963  4.99  4.431  4.272  6.235  5.583  5.3667
0.6  0.6  0.601  5.771  5.097  4.931  6.557  5.614  4.945  5.61  0.2515  0.2206  0.2192  4.838  4.261  4.131  5.896  5.2329  5.0496
0.6219  0.622  0.605  5.633  4.964  4.82  6.386  5.477  4.831  5.473  0.257  0.2199  0.2208  4.874  4.234  4.087  5.7701  5.1016  4.9126
0.6442  0.644  0.609  5.552  4.891  4.758  6.285  5.399  4.768  5.394  0.2443  0.2014  0.2049  4.648  4.111  3.985  5.611  4.939  4.777
0.65  0.65  0.612  5.535  4.875  4.744  6.265  5.382  4.754  5.378  0.2499  0.2118  0.2155  4.628  4.1  3.971  5.6188  4.9488  4.7757
0.6602  0.66  0.614  5.507  4.85  4.723  6.232  5.355  4.732  5.35  0.2526  0.2092  0.2102  4.626  4.087  3.951  5.5368  4.8616  4.7025
0.7  0.7  0.635  5.316  4.684  4.576  6.004  5.174  4.583  5.166  0.2256  0.1767  0.1807  4.425  3.943  3.832  5.342  4.682  4.5673
0.7118  0.712  0.642  5.251  4.635  4.532  5.922  5.115  4.539  5.105  0.2319  0.1798  0.1789  4.365  3.921  3.804  5.2182  4.5752  4.4688
0.75  0.75  0.663  5.038  4.487  4.397  5.651  4.927  4.402  4.909  0.2229  0.1806  0.1837  4.187  3.824  3.731  5.0781  4.4876  4.396
0.8  0.8  0.703  4.78  4.29  4.21  5.341  4.691  4.214  4.666  0.2058  0.1661  0.168  3.948  3.606  3.539  4.834  4.318  4.232
0.8474  0.847  0.742  4.552  4.113  4.041  5.067  4.481  4.044  4.45  0.2079  0.1664  0.1653  3.656  3.345  3.298  4.608  4.1384  4.0614
0.85  0.85  0.744  4.54  4.104  4.032  5.052  4.47  4.035  4.439  0.2035  0.1662  0.166  3.637  3.325  3.277  4.6  4.138  4.061
0.9  0.899  0.784  4.318  3.928  3.863  4.786  4.263  3.867  4.228  0.2055  0.1714  0.1698  3.373  3.091  3.055  4.3796  3.965  3.8953
0.95  0.95  0.83  4.111  3.758  3.701  4.541  4.066  3.704  4.03  0.2012  0.1676  0.1645  3.179  2.913  2.882  4.172  3.7978  3.7348
1.0  1.0  0.882  3.902  3.581  3.531  4.301  3.866  3.533  3.829  0.2057  0.1684  0.1644  3.004  2.762  2.733  3.982  3.623  3.5674
1.0275  1.027  0.913  3.792  3.487  3.44  4.176  3.761  3.443  3.723  0.2475  0.2237  0.2223  2.908  2.679  2.651  3.8575  3.487  3.4405
1.05  1.05  0.935  3.712  3.419  3.374  4.085  3.685  3.377  3.646  0.1935  0.1539  0.1504  2.825  2.609  2.583  3.7944  3.4584  3.4094
1.1  1.099  0.993  3.525  3.255  3.216  3.873  3.503  3.218  3.464  0.1829  0.1528  0.1516  2.663  2.44  2.415  3.6018  3.2958  3.253
1.1127  1.112  1.009  3.472  3.209  3.172  3.814  3.453  3.174  3.413  0.2313  0.2107  0.2101  2.635  2.44  2.415  3.5032  3.221  3.1828
1.15  1.149  1.055  3.341  3.093  3.059  3.668  3.325  3.061  3.285  0.1576  0.139  0.1397  2.501  2.303  2.279  3.429  3.1446  3.116
1.2  1.2  1.118  3.167  2.94  2.909  3.476  3.157  2.911  3.116  0.1269  0.1231  0.1258  2.398  2.202  2.178  3.2635  3.0555  3.0395
1.25  1.25  1.18  3.004  2.795  2.767  3.294  2.998  2.769  2.957  0.124  0.1475  0.1513  2.268  2.078  2.05  3.0846  2.996  2.9813
1.3  1.3  1.243  2.848  2.658  2.632  3.12  2.846  2.633  2.806  0.1113  0.1528  0.1573  2.174  1.985  1.955  2.9337  2.9414  2.9277
1.35  1.35  1.3  2.704  2.534  2.509  2.959  2.707  2.51  2.666  0.1124  0.1664  0.1718  2.045  1.874  1.85  2.864  2.8845  2.8735
1.4  1.4  1.352  2.574  2.423  2.4  2.811  2.58  2.401  2.54  0.1196  0.1791  0.1854  1.947  1.77  1.739  2.7993  2.8293  2.821
1.45  1.45  1.392  2.461  2.33  2.308  2.677  2.471  2.309  2.432  0.1344  0.1929  0.1997  1.847  1.668  1.641  2.7373  2.7749  2.7703
1.5  1.5  1.42  2.363  2.256  2.235  2.557  2.377  2.236  2.339  0.1558  0.2157  0.2234  1.751  1.571  1.543  2.6784  2.7222  2.72
1.55  1.55  1.436  2.28  2.197  2.177  2.451  2.298  2.178  2.262  0.1728  0.2302  0.2388  1.663  1.48  1.452  2.6268  2.6738  2.6748
1.6  1.6  1.449  2.203  2.143  2.124  2.351  2.224  2.125  2.19  0.18  0.2307  0.2398  1.617  1.427  1.397  2.5734  2.6244  2.628
1.6436  1.643  1.461  2.141  2.098  2.08  2.27  2.163  2.08  2.132  0.183  0.2285  0.2381  1.53  1.344  1.314  2.5207  2.5737  2.579
1.65  1.649  1.464  2.133  2.092  2.073  2.259  2.155  2.074  2.124  0.1904  0.2362  0.2459  1.53  1.344  1.314  2.52  2.573  2.579
1.7  1.699  1.479  2.065  2.041  2.024  2.173  2.089  2.024  2.06  0.1829  0.222  0.2323  1.469  1.325  1.298  2.473  2.529  2.538
1.75  1.749  1.493  2.002  1.991  1.974  2.092  2.025  1.975  2.0  0.1693  0.2029  0.2141  1.612  1.511  1.488  2.4269  2.4859  2.496
1.79  1.789  1.507  1.952  1.95  1.934  2.03  1.976  1.935  1.952  0.1613  0.1906  0.2023  1.79  1.683  1.66  2.377  2.4384  2.4518
1.8  1.799  1.51  1.94  1.94  1.924  2.014  1.963  1.924  1.94  0.1658  0.1927  0.2043  1.813  1.721  1.698  2.3778  2.4394  2.453
1.85  1.849  1.529  1.88  1.889  1.874  1.941  1.904  1.875  1.882  0.1672  0.1904  0.2019  1.72  1.668  1.648  2.3316  2.3956  2.4106
1.9  1.899  1.549  1.82  1.837  1.823  1.87  1.844  1.824  1.824  0.1725  0.1936  0.2054  1.647  1.598  1.576  2.2875  2.3532  2.371
1.95  1.95  1.571  1.762  1.784  1.772  1.801  1.785  1.773  1.767  0.1699  0.1876  0.1989  1.567  1.533  1.514  2.2456  2.3126  2.3308
2.0  2.0  1.594  1.705  1.732  1.722  1.734  1.728  1.722  1.711  0.1747  0.1912  0.2024  1.5  1.501  1.485  2.203  2.273  2.294
2.05  2.05  1.617  1.649  1.68  1.672  1.67  1.672  1.672  1.656  0.1734  0.188  0.1989  1.495  1.501  1.485  2.1601  2.232  2.2531
2.1  2.099  1.642  1.593  1.628  1.622  1.607  1.616  1.622  1.601  0.1845  0.1987  0.2098  1.502  1.526  1.515  2.119  2.1929  2.2168
2.15  2.149  1.667  1.538  1.576  1.571  1.545  1.561  1.571  1.546  0.1787  0.1918  0.2022  1.456  1.481  1.47  2.058  2.135  2.159
2.1511  2.15  1.667  1.537  1.575  1.57  1.544  1.56  1.57  1.545  0.1794  0.1925  0.203  1.456  1.481  1.47  2.058  2.135  2.159
2.2  2.199  1.693  1.484  1.525  1.522  1.484  1.506  1.521  1.493  0.1817  0.1943  0.2045  1.405  1.434  1.425  2.0233  2.0985  2.1237
2.25  2.249  1.721  1.43  1.473  1.472  1.423  1.452  1.472  1.439  0.1889  0.2011  0.2109  1.354  1.385  1.377  1.985  2.0635  2.0915
2.3  2.299  1.747  1.377  1.422  1.422  1.364  1.399  1.422  1.387  0.1833  0.1938  0.2023  1.311  1.35  1.346  1.9509  2.0295  2.0581
2.3089  2.308  1.752  1.367  1.413  1.414  1.354  1.389  1.413  1.377  0.1738  0.1831  0.1906  1.318  1.361  1.36  1.945  2.024  2.0528
2.4  2.399  1.804  1.272  1.321  1.325  1.248  1.294  1.324  1.283  0.1979  0.2087  0.2174  1.145  1.186  1.184  1.874  1.9568  1.9886
2.51  2.509  1.867  1.16  1.212  1.22  1.125  1.181  1.219  1.171  0.1755  0.1846  0.1918  1.093  1.146  1.149  1.7276  1.8136  1.8469
2.6  2.6  1.918  1.069  1.125  1.135  1.026  1.091  1.134  1.081  0.2054  0.2153  0.2231  0.918  0.966  0.97  1.7036  1.7926  1.8276
2.7895  2.79  2.034  0.882  0.942  0.957  0.824  0.903  0.956  0.895  0.2207  0.2301  0.2374  0.741  0.801  0.815  1.5705  1.6596  1.6966
2.8  2.8  2.041  0.871  0.932  0.947  0.813  0.893  0.946  0.884  0.2161  0.2253  0.2324  0.741  0.801  0.815  1.5522  1.6445  1.6834
2.9262  2.926  2.123  0.751  0.814  0.832  0.684  0.772  0.831  0.765  0.2404  0.2506  0.2584  0.572  0.629  0.641  1.437  1.528  1.568
3.0  3.0  2.172  0.68  0.745  0.764  0.609  0.702  0.763  0.694  0.2346  0.2433  0.2499  0.491  0.552  0.568  1.3884  1.4842  1.5262
3.0708  3.071  2.221  0.614  0.68  0.701  0.538  0.636  0.699  0.628  0.2195  0.2273  0.2331  0.436  0.5  0.517  1.272  1.3675  1.4095
3.2  3.199  2.314  0.491  0.56  0.582  0.409  0.513  0.581  0.506  0.2615  0.2695  0.2756  0.252  0.315  0.333  1.2557  1.3544  1.3987
3.2699  3.269  2.366  0.426  0.496  0.519  0.34  0.448  0.518  0.441  0.2408  0.249  0.2551  0.17  0.236  0.256  1.091  1.1891  1.2339
3.3855  3.384  2.459  0.317  0.389  0.414  0.227  0.34  0.413  0.332  0.2891  0.2964  0.3018  0.06  0.127  0.149  1.1036  1.201  1.2444
3.4  3.398  2.47  0.304  0.376  0.401  0.213  0.326  0.399  0.319  0.2892  0.2962  0.3014  -0.009  0.056  0.077  1.1084  1.2105  1.2569
3.4445  3.443  2.506  0.263  0.336  0.361  0.17  0.285  0.36  0.279  0.2806  0.287  0.2918  -0.034  0.034  0.056  1.0498  1.1505  1.1972
3.547  3.545  2.594  0.167  0.242  0.268  0.07  0.19  0.267  0.183  0.3256  0.3327  0.3381  -0.159  -0.089  -0.064  0.9725  1.0728  1.1205
3.6  3.598  2.645  0.117  0.192  0.219  0.018  0.14  0.218  0.133  0.3499  0.3569  0.362  -0.228  -0.161  -0.139  0.9828  1.0845  1.1315
3.7176  3.715  2.756  0.006  0.082  0.111  -0.097  0.029  0.109  0.022  0.3711  0.378  0.383  -0.488  -0.399  -0.361  0.8116  0.915  0.9654
3.8  3.798  2.844  -0.074  0.003  0.033  -0.18  -0.052  0.031  -0.057  1.6904  1.8351  1.8719  -4.449  -4.93  -5.01  0.75  0.8496  0.901
3.8457  3.845  2.891  -0.118  -0.041  -0.011  -0.226  -0.096  -0.012  -0.101  1.7063  1.8775  1.9181  -4.569  -5.077  -5.158  0.3858  0.4777  0.5207
3.9694  3.97  3.042  -0.244  -0.166  -0.135  -0.355  -0.222  -0.137  -0.227  3.1425  3.4185  3.5415  -8.999  -9.859  -10.352  0.3438  0.41  0.446
4.0  4.001  3.08  -0.277  -0.198  -0.167  -0.388  -0.254  -0.169  -0.26  4.2579  3.8062  3.6085  -8.999  -9.871  -10.352  0.4558  0.4017  0.3824
4.0817  4.081  3.189  -0.363  -0.283  -0.252  -0.476  -0.34  -0.253  -0.346  2.7268  3.1101  3.259  -9.041  -9.905  -10.36  -0.2652  -0.175  -0.1352
4.1838  4.182  3.346  -0.475  -0.395  -0.362  -0.59  -0.452  -0.364  -0.458  3.713  3.5177  3.4661  -8.769  -9.849  -10.264  0.2326  0.208  0.204
4.2  4.198  3.369  -0.493  -0.413  -0.381  -0.609  -0.471  -0.383  -0.476  2.9725  3.2197  3.3692  -9.128  -9.993  -10.375  0.0981  0.1032  0.106
4.2539  4.252  3.461  -0.554  -0.474  -0.441  -0.671  -0.532  -0.443  -0.537  4.6129  3.7962  3.3762  -9.17  -10.017  -10.409  -0.1883  -0.4746  -0.5343
4.3344  4.332  3.614  -0.653  -0.572  -0.539  -0.77  -0.63  -0.541  -0.636  3.9404  3.4438  3.2631  -8.951  -9.996  -10.351  -0.153  -0.353  -0.5127
4.4  4.397  3.756  -0.738  -0.657  -0.624  -0.856  -0.715  -0.626  -0.721  3.1016  3.1977  3.2838  -9.276  -10.115  -10.507  -0.3078  -0.2812  -0.2608
4.4039  4.401  3.765  -0.743  -0.662  -0.629  -0.861  -0.72  -0.631  -0.726  4.0404  3.5969  3.4142  -9.276  -10.115  -10.507  -0.0885  -0.1435  -0.1922
4.5093  4.506  4.018  -0.885  -0.805  -0.771  -1.004  -0.863  -0.773  -0.868  2.9255  2.8623  2.9609  -8.94  -9.938  -10.227  -0.6461  -0.7811  -0.9386
4.5902  4.587  4.253  -1.006  -0.926  -0.892  -1.124  -0.984  -0.894  -0.989  4.5144  3.7159  3.3583  -9.381  -10.301  -10.717  -0.0395  -0.2462  -0.4726
4.6  4.597  4.285  -1.022  -0.942  -0.909  -1.14  -1.0  -0.911  -1.005  5.2206  4.0794  3.4898  -9.381  -10.301  -10.717  0.1833  -0.1874  -0.4432
4.6638  4.661  4.514  -1.127  -1.048  -1.015  -1.244  -1.105  -1.017  -1.11  5.3242  4.001  3.3218  -9.162  -10.206  -10.649  0.7932  -0.3814  -0.8881
4.7491  4.747  4.867  -1.279  -1.201  -1.169  -1.395  -1.257  -1.171  -1.262  2.4923  2.8558  3.1257  -8.462  -9.463  -10.133  -0.5322  -0.6362  -0.5976
4.8  4.798  5.133  -1.383  -1.306  -1.274  -1.497  -1.361  -1.276  -1.366  5.1945  4.0144  3.4371  -9.366  -10.328  -10.707  1.4983  -0.0606  -0.342
4.8219  4.82  5.256  -1.428  -1.351  -1.32  -1.541  -1.406  -1.322  -1.411  6.2522  4.6238  3.7119  -9.366  -10.328  -10.707  3.9167  0.1614  -0.1347
4.8823  4.881  5.654  -1.566  -1.492  -1.461  -1.676  -1.545  -1.463  -1.55  6.2729  4.5462  3.5989  -9.296  -10.279  -10.696  4.708  0.0915  -0.5775
4.9386  4.937  6.088  -1.705  -1.633  -1.603  -1.811  -1.684  -1.605  -1.69  3.4236  3.0163  3.0064  -8.584  -9.592  -10.24  -0.3197  -0.7698  -1.0088
4.9858  4.985  6.547  -1.838  -1.768  -1.74  -1.94  -1.817  -1.741  -1.823  3.6914  3.2574  3.2519  -8.465  -9.502  -10.161  0.1172  -0.1538  -0.3306
5.0  4.999  6.678  -1.876  -1.806  -1.778  -1.977  -1.856  -1.78  -1.861  3.7064  3.2557  3.2523  -8.383  -9.409  -10.123  0.139  -0.1325  -0.2915
5.0383  5.038  7.043  -1.979  -1.91  -1.883  -2.077  -1.958  -1.884  -1.964  2.5719  2.8547  3.1516  -8.274  -9.343  -10.084  -0.2193  -0.3045  -0.2605
5.0402  5.039  7.062  -1.983  -1.915  -1.888  -2.082  -1.963  -1.889  -1.968  2.567  2.85  3.1461  -8.274  -9.343  -10.084  -0.2214  -0.3155  -0.2648
5.0474  5.047  7.032  -1.983  -1.913  -1.886  -2.083  -1.962  -1.887  -1.968  2.5269  2.7942  3.0825  -8.274  -9.343  -10.084  -0.2483  -0.3838  -0.3444
5.0642  5.064  6.889  -1.969  -1.898  -1.868  -2.075  -1.948  -1.87  -1.954  2.4735  2.6356  2.9108  -8.274  -9.343  -10.084  -0.6492  -1.0483  -1.0386
5.0688  5.068  6.669  -1.931  -1.857  -1.826  -2.042  -1.91  -1.828  -1.915  2.4489  2.6468  2.9412  -8.234  -9.324  -10.043  -0.5878  -0.9739  -0.9619
5.0709  5.07  6.465  -1.893  -1.816  -1.784  -2.01  -1.872  -1.786  -1.876  2.4243  2.6427  2.9246  -8.234  -9.324  -10.043  -0.6148  -0.9398  -0.938
5.072  5.071  6.28  -1.86  -1.781  -1.747  -1.983  -1.839  -1.749  -1.843  2.4218  2.6434  2.926  -8.234  -9.324  -10.043  -0.6148  -0.936  -0.935
5.0726  5.072  6.144  -1.838  -1.757  -1.721  -1.965  -1.817  -1.724  -1.821  2.4159  2.6395  2.9224  -8.234  -9.324  -10.043  -0.615  -0.9352  -0.933
5.073  5.072  6.065  -1.825  -1.743  -1.706  -1.955  -1.803  -1.708  -1.807  2.4114  2.6352  2.9182  -8.234  -9.324  -10.043  -0.6245  -0.936  -0.935
5.0731  5.073  6.071  -1.814  -1.733  -1.697  -1.941  -1.792  -1.699  -1.797  2.4093  2.6332  2.9161  -8.234  -9.324  -10.043  -0.63  -0.936  -0.935
5.0733  5.073  6.137  -1.816  -1.737  -1.702  -1.939  -1.795  -1.704  -1.799  2.4084  2.6325  2.9155  -8.234  -9.324  -10.043  -0.6355  -0.936  -0.9325
5.0735  5.073  6.3  -1.846  -1.769  -1.735  -1.964  -1.825  -1.737  -1.829  2.4068  2.6308  2.9136  -8.234  -9.324  -10.043  -0.6388  -0.936  -0.934
5.0736  5.073  6.614  -1.917  -1.842  -1.811  -2.029  -1.896  -1.813  -1.901  2.4049  2.6292  2.9119  -8.234  -9.324  -10.043  -0.642  -0.9372  -0.935
5.0738  5.073  7.033  -2.019  -1.947  -1.917  -2.125  -1.998  -1.919  -2.004  2.4036  2.6275  2.9101  -8.234  -9.324  -10.043  -0.6422  -0.9375  -0.935
5.074  5.073  7.538  -2.133  -2.064  -2.036  -2.233  -2.113  -2.038  -2.118  2.4021  2.6264  2.9089  -8.234  -9.324  -10.043  -0.6344  -0.936  -0.932
5.0742  5.074  8.057  -2.245  -2.179  -2.153  -2.339  -2.225  -2.155  -2.231  2.4004  2.6242  2.9065  -8.234  -9.324  -10.043  -0.6355  -0.9398  -0.935
5.0745  5.074  8.599  -2.349  -2.286  -2.262  -2.436  -2.329  -2.263  -2.335  2.3981  2.6221  2.9044  -8.234  -9.324  -10.043  -0.645  -0.95  -0.939
5.0747  5.074  9.136  -2.445  -2.386  -2.363  -2.526  -2.426  -2.365  -2.432  2.3957  2.619  2.9012  -8.234  -9.324  -10.043  -0.6453  -0.9513  -0.9394
5.0749  5.074  9.695  -2.536  -2.479  -2.459  -2.61  -2.517  -2.461  -2.524  2.3943  2.6174  2.8994  -8.234  -9.324  -10.043  -0.6486  -0.9642  -0.945
5.0752  5.075  10.265  -2.622  -2.569  -2.551  -2.688  -2.603  -2.552  -2.611  2.394  2.6173  2.8992  -8.234  -9.324  -10.043  -0.649  -0.9532  -0.94
5.0754  5.075  10.861  -2.704  -2.655  -2.638  -2.763  -2.686  -2.64  -2.693  2.3936  2.617  2.899  -8.234  -9.324  -10.043  -0.6496  -0.9552  -0.9406
5.0756  5.075  11.464  -2.783  -2.738  -2.724  -2.834  -2.766  -2.725  -2.773  2.3927  2.616  2.898  -8.234  -9.324  -10.043  -0.657  -0.9666  -0.9489
5.0758  5.075  12.102  -2.859  -2.818  -2.806  -2.902  -2.843  -2.807  -2.85  2.3922  2.6159  2.8979  -8.234  -9.324  -10.043  -0.6586  -0.9678  -0.9508
5.076  5.075  12.76  -2.933  -2.896  -2.887  -2.967  -2.917  -2.888  -2.925  2.3914  2.6151  2.8969  -8.234  -9.324  -10.043  -0.6597  -0.9686  -0.9521
5.0762  5.076  13.439  -3.005  -2.973  -2.967  -3.029  -2.99  -2.968  -2.998  2.3907  2.6147  2.8966  -8.234  -9.324  -10.043  -0.6518  -0.9624  -0.9428
5.0764  5.076  14.137  -3.076  -3.048  -3.045  -3.089  -3.061  -3.046  -3.07  2.3892  2.613  2.8948  -8.234  -9.324  -10.043  -0.6526  -0.9712  -0.9562
5.0766  5.076  14.878  -3.144  -3.122  -3.122  -3.147  -3.13  -3.123  -3.139  2.3889  2.6131  2.8949  -8.234  -9.324  -10.043  -0.6542  -0.9716  -0.9568
5.0768  5.076  15.633  -3.212  -3.194  -3.199  -3.202  -3.198  -3.199  -3.208  2.3883  2.6126  2.8943  -8.234  -9.324  -10.043  -0.6558  -0.972  -0.9574
5.0769  5.076  16.434  -3.278  -3.266  -3.274  -3.255  -3.264  -3.274  -3.275  2.3872  2.611  2.8926  -8.234  -9.324  -10.043  -0.6558  -0.972  -0.9607
5.0771  5.076  17.269  -3.342  -3.337  -3.349  -3.305  -3.329  -3.349  -3.341  2.3881  2.6126  2.8943  -8.234  -9.324  -10.043  -0.6502  -0.9636  -0.9502
5.0772  5.077  18.132  -3.405  -3.408  -3.423  -3.351  -3.391  -3.423  -3.406  2.3867  2.6112  2.8928  -8.234  -9.324  -10.043  -0.6512  -0.9638  -0.9534
5.0774  5.077  19.018  -3.465  -3.478  -3.496  -3.393  -3.451  -3.496  -3.468  2.3864  2.6109  2.8923  -8.234  -9.324  -10.043  -0.6514  -0.9638  -0.954
5.0775  5.077  19.969  -3.523  -3.548  -3.569  -3.432  -3.51  -3.569  -3.528  2.3759  2.5965  2.8772  -8.234  -9.324  -10.043  -0.7018  -1.0087  -0.987
5.0776  5.077  20.944  -3.58  -3.618  -3.642  -3.467  -3.567  -3.641  -3.588  2.3761  2.5969  2.8777  -8.234  -9.324  -10.043  -0.7024  -1.009  -0.987
5.0777  5.077  21.976  -3.635  -3.689  -3.715  -3.499  -3.622  -3.715  -3.647  2.3757  2.5964  2.8772  -8.234  -9.324  -10.043  -0.703  -1.0093  -0.987
5.0779  5.077  23.023  -3.689  -3.761  -3.789  -3.531  -3.677  -3.789  -3.705  2.3765  2.5976  2.8784  -8.234  -9.324  -10.043  -0.703  -1.0093  -0.987
5.078  5.077  24.119  -3.742  -3.833  -3.864  -3.56  -3.732  -3.863  -3.762  2.3762  2.5972  2.878  -8.234  -9.324  -10.043  -0.7035  -1.0095  -0.987
5.0781  5.077  25.296  -3.793  -3.905  -3.938  -3.586  -3.785  -3.937  -3.818  2.3764  2.5976  2.8785  -8.234  -9.324  -10.043  -0.7041  -1.0098  -0.987
5.0781  5.078  26.513  -3.842  -3.976  -4.011  -3.61  -3.836  -4.01  -3.872  2.3766  2.5976  2.8784  -8.234  -9.324  -10.043  -0.7035  -1.0095  -0.987
5.0782  5.078  27.775  -3.888  -4.046  -4.083  -3.629  -3.886  -4.082  -3.923  2.3762  2.5972  2.8779  -8.234  -9.324  -10.043  -0.7041  -1.0098  -0.987
5.0783  5.078  29.064  -3.933  -4.116  -4.156  -3.648  -3.935  -4.154  -3.974  2.3762  2.5972  2.8779  -8.234  -9.324  -10.043  -0.7041  -1.0098  -0.987
5.0784  5.078  30.462  -3.975  -4.184  -4.228  -3.664  -3.982  -4.226  -4.022  2.3756  2.5962  2.8766  -8.234  -9.324  -10.043  -0.7041  -1.0098  -0.987
5.0785  5.078  31.875  -4.016  -4.252  -4.3  -3.678  -4.029  -4.298  -4.069  2.3756  2.5962  2.8766  -8.234  -9.324  -10.043  -0.7041  -1.0098  -0.987
5.0786  5.078  33.355  -4.057  -4.322  -4.373  -3.69  -4.076  -4.371  -4.117  2.3756  2.5962  2.8766  -8.234  -9.324  -10.043  -0.7041  -1.0098  -0.987
5.0786  5.078  34.886  -4.093  -4.389  -4.444  -3.697  -4.12  -4.442  -4.16  2.3752  2.5957  2.8761  -8.234  -9.324  -10.043  -0.7046  -1.01  -0.987
5.0787  5.078  36.438  -4.123  -4.449  -4.509  -3.697  -4.158  -4.507  -4.197  2.3752  2.5957  2.8761  -8.234  -9.324  -10.043  -0.7046  -1.01  -0.987
5.0788  5.078  37.945  -4.147  -4.504  -4.568  -3.692  -4.191  -4.566  -4.229  2.3762  2.5973  2.8778  -8.234  -9.324  -10.043  -0.6955  -1.0032  -0.9865
5.0788  5.078  39.433  -4.164  -4.552  -4.621  -3.679  -4.217  -4.618  -4.253  2.3762  2.5973  2.8778  -8.234  -9.324  -10.043  -0.6955  -1.0032  -0.9865
5.0789  5.078  40.79  -4.172  -4.589  -4.663  -3.657  -4.234  -4.661  -4.268  2.3751  2.5963  2.8767  -8.234  -9.324  -10.043  -0.697  -1.0055  -0.9868
5.079  5.078  41.836  -4.164  -4.61  -4.689  -3.619  -4.235  -4.687  -4.267  2.3751  2.5963  2.8767  -8.234  -9.324  -10.043  -0.697  -1.0055  -0.9868
5.0791  5.078  42.428  -4.139  -4.61  -4.696  -3.566  -4.218  -4.693  -4.248  2.3752  2.5965  2.8768  -8.234  -9.324  -10.043  -0.697  -1.0055  -0.9868
5.0792  5.079  42.959  -4.108  -4.604  -4.696  -3.508  -4.195  -4.693  -4.224  2.3747  2.5958  2.8761  -8.234  -9.324  -10.043  -0.6975  -1.0063  -0.9869
5.0794  5.079  43.748  -4.084  -4.598  -4.699  -3.456  -4.176  -4.696  -4.204  2.3747  2.5958  2.8761  -8.234  -9.324  -10.043  -0.6975  -1.0063  -0.9869
5.0795  5.079  44.592  -4.085  -4.614  -4.721  -3.438  -4.183  -4.718  -4.209  2.3733  2.594  2.8741  -8.234  -9.324  -10.043  -0.7085  -1.0118  -0.987
5.0796  5.079  46.5  -4.132  -4.677  -4.79  -3.465  -4.236  -4.787  -4.26  2.3728  2.5931  2.8732  -8.234  -9.324  -10.043  -0.7079  -1.0115  -0.987
5.0797  5.079  50.148  -4.234  -4.798  -4.922  -3.539  -4.345  -4.918  -4.367  2.3724  2.5927  2.8727  -8.234  -9.324  -10.043  -0.7085  -1.0118  -0.987
5.0798  5.079  54.219  -4.353  -4.932  -5.065  -3.635  -4.469  -5.061  -4.49  2.3707  2.5908  2.8707  -8.234  -9.324  -10.043  -0.7204  -1.0122  -0.9892
5.0799  5.079  57.897  -4.458  -5.047  -5.187  -3.722  -4.577  -5.183  -4.597  2.3707  2.5908  2.8707  -8.234  -9.324  -10.043  -0.7204  -1.0122  -0.9892
5.08  5.079  61.525  -4.555  -5.153  -5.301  -3.804  -4.678  -5.296  -4.696  2.37  2.5902  2.8699  -8.234  -9.324  -10.043  -0.7214  -1.0126  -0.9896
5.0801  5.079  65.774  -4.664  -5.27  -5.426  -3.897  -4.791  -5.421  -4.807  2.37  2.5902  2.8699  -8.234  -9.324  -10.043  -0.7214  -1.0126  -0.9896
5.0802  5.08  66.982  -4.696  -5.305  -5.463  -3.924  -4.824  -5.458  -4.84  2.37  2.5902  2.8699  -8.234  -9.324  -10.043  -0.7214  -1.0126  -0.9896
5.0803  5.08  69.575  -4.759  -5.375  -5.535  -3.978  -4.889  -5.531  -4.905  2.3704  2.5911  2.8709  -8.234  -9.324  -10.043  -0.7224  -1.013  -0.99
5.0803  5.08  70.025  -4.771  -5.388  -5.549  -3.988  -4.902  -5.544  -4.917  2.3704  2.5911  2.8709  -8.234  -9.324  -10.043  -0.7224  -1.013  -0.99
5.0806  5.08  75.033  -4.886  -5.517  -5.684  -4.088  -5.023  -5.679  -5.036  2.369  2.5891  2.8688  -8.234  -9.324  -10.043  -0.7278  -1.0158  -0.9932
5.0811  5.08  80.455  -5.004  -5.647  -5.821  -4.19  -5.146  -5.816  -5.157  2.3664  2.5861  2.8655  -8.234  -9.324  -10.043  -0.7285  -1.0165  -0.9945
5.0815  5.081  86.011  -5.116  -5.771  -5.951  -4.288  -5.264  -5.945  -5.272  2.3647  2.5842  2.8633  -8.234  -9.324  -10.043  -0.7249  -1.0141  -0.9911
5.082  5.081  92.057  -5.235  -5.901  -6.087  -4.392  -5.387  -6.081  -5.394  2.3627  2.5813  2.8601  -8.234  -9.324  -10.043  -0.729  -1.017  -0.9953
5.0825  5.082  98.504  -5.352  -6.028  -6.22  -4.495  -5.509  -6.214  -5.514  2.3572  2.5744  2.8526  -8.234  -9.324  -10.043  -0.7297  -1.0283  -1.0247
5.083  5.082  105.282  -5.468  -6.154  -6.352  -4.597  -5.63  -6.346  -5.632  2.3614  2.5817  2.8599  -8.234  -9.324  -10.043  -0.6965  -1.0047  -0.9844
5.0834  5.083  111.572  -5.569  -6.265  -6.468  -4.687  -5.735  -6.462  -5.736  2.3559  2.5754  2.8531  -8.234  -9.324  -10.043  -0.7232  -1.0134  -0.9879
5.0841  5.083  117.207  -5.656  -6.359  -6.566  -4.763  -5.826  -6.561  -5.825  2.3636  2.5811  2.8544  -8.234  -9.324  -10.043  -0.7527  -1.0269  -1.0019
5.0851  5.085  120.63  -5.705  -6.412  -6.622  -4.807  -5.877  -6.616  -5.875  2.3646  2.5873  2.8691  -8.234  -9.324  -10.043  -0.8012  -1.035  -1.0314
5.0874  5.087  118.701  -5.678  -6.383  -6.591  -4.784  -5.849  -6.585  -5.847  2.393  2.5735  2.8516  -8.234  -9.324  -10.043  -0.7488  -1.0407  -1.0354
5.0945  5.094  111.649  -5.576  -6.27  -6.472  -4.696  -5.742  -6.466  -5.742  2.4189  2.6015  2.8798  -8.234  -9.324  -10.043  -0.6847  -1.0105  -0.9911
5.0989  5.098  106.256  -5.492  -6.176  -6.374  -4.623  -5.653  -6.368  -5.656  2.3505  2.5671  2.8505  -8.188  -9.294  -10.029  -0.7989  -1.0287  -1.0037
5.1025  5.102  100.845  -5.403  -6.079  -6.271  -4.546  -5.56  -6.266  -5.565  2.4118  2.5943  2.8722  -8.188  -9.294  -10.029  -0.8102  -1.065  -1.042
5.1059  5.105  95.358  -5.308  -5.975  -6.162  -4.463  -5.461  -6.156  -5.467  2.5381  2.6117  2.8698  -8.188  -9.294  -10.029  -0.7568  -1.1272  -1.1292
5.1092  5.109  90.065  -5.21  -5.866  -6.048  -4.378  -5.358  -6.043  -5.366  2.55  2.6313  2.8928  -8.188  -9.294  -10.029  -0.7596  -1.1279  -1.1324
5.1126  5.112  85.027  -5.113  -5.759  -5.936  -4.293  -5.257  -5.931  -5.267  2.5311  2.6169  2.8812  -8.188  -9.294  -10.029  -0.756  -1.129  -1.134
5.1165  5.116  79.846  -5.004  -5.64  -5.81  -4.199  -5.143  -5.805  -5.155  2.548  2.6384  2.9073  -8.188  -9.294  -10.029  -0.6146  -1.0233  -1.0226
5.1221  5.122  73.8  -4.873  -5.494  -5.658  -4.086  -5.006  -5.653  -5.02  2.5242  2.6571  2.9293  -8.161  -9.271  -10.022  -0.6896  -0.9916  -0.9816
5.1282  5.128  69.017  -4.765  -5.372  -5.529  -3.994  -4.892  -5.524  -4.909  2.5371  2.6778  2.9518  -8.161  -9.271  -10.022  -0.562  -0.928  -0.907
5.1388  5.138  63.849  -4.648  -5.237  -5.385  -3.902  -4.767  -5.38  -4.787  2.5789  2.696  2.9688  -8.161  -9.271  -10.022  -0.529  -0.914  -0.901
5.1477  5.147  61.441  -4.605  -5.181  -5.321  -3.877  -4.719  -5.317  -4.741  2.5907  2.7187  2.9951  -8.161  -9.271  -10.022  -0.525  -0.8838  -0.885
5.1553  5.155  61.032  -4.637  -5.194  -5.328  -3.929  -4.744  -5.324  -4.768  2.6329  2.7804  3.0636  -8.161  -9.271  -10.022  -0.423  -0.7221  -0.7302
5.1612  5.161  60.919  -4.683  -5.22  -5.347  -3.996  -4.782  -5.343  -4.809  2.5821  2.7731  3.0584  -8.155  -9.249  -10.017  -0.3992  -0.614  -0.6182
5.1644  5.164  60.919  -4.737  -5.261  -5.379  -4.075  -4.832  -5.375  -4.86  2.6064  2.7975  3.0808  -8.155  -9.249  -10.017  -0.3958  -0.582  -0.6015
5.1662  5.166  60.598  -4.775  -5.288  -5.396  -4.134  -4.866  -5.393  -4.895  2.6116  2.8033  3.0874  -8.155  -9.249  -10.017  -0.3768  -0.5453  -0.583
5.1679  5.168  59.821  -4.804  -5.303  -5.401  -4.19  -4.891  -5.399  -4.92  2.5988  2.7859  3.0693  -8.155  -9.249  -10.017  -0.3979  -0.6285  -0.6258
5.1691  5.169  58.486  -4.811  -5.289  -5.379  -4.224  -4.891  -5.377  -4.922  2.5873  2.7718  3.0544  -8.155  -9.249  -10.017  -0.4123  -0.6411  -0.64
5.17  5.17  56.919  -4.807  -5.26  -5.344  -4.247  -4.879  -5.342  -4.912  2.5817  2.7655  3.0474  -8.155  -9.249  -10.017  -0.4202  -0.6339  -0.64
5.1709  5.171  55.139  -4.795  -5.223  -5.302  -4.263  -4.859  -5.3  -4.894  2.5788  2.7611  3.0425  -8.155  -9.249  -10.017  -0.4202  -0.6321  -0.64
5.1718  5.172  53.328  -4.778  -5.181  -5.255  -4.273  -4.835  -5.252  -4.871  2.5752  2.7556  3.0366  -8.155  -9.249  -10.017  -0.4189  -0.6319  -0.6396
5.1727  5.172  51.423  -4.757  -5.133  -5.203  -4.279  -4.806  -5.201  -4.843  2.5757  2.7553  3.0371  -8.155  -9.249  -10.017  -0.3956  -0.6202  -0.627
5.1738  5.174  49.551  -4.732  -5.082  -5.147  -4.281  -4.774  -5.145  -4.812  2.579  2.7564  3.0369  -8.155  -9.249  -10.017  -0.3926  -0.6273  -0.6302
5.1751  5.175  47.803  -4.706  -5.031  -5.093  -4.279  -4.741  -5.09  -4.78  2.5933  2.768  3.0531  -8.155  -9.249  -10.017  -0.423  -0.678  -0.66
5.177  5.177  46.116  -4.679  -4.981  -5.039  -4.276  -4.708  -5.036  -4.748  2.636  2.7863  3.0715  -8.155  -9.249  -10.017  -0.3722  -0.6785  -0.66
5.1805  5.18  44.592  -4.654  -4.934  -4.988  -4.272  -4.677  -4.986  -4.717  2.639  2.7933  3.08  -8.155  -9.249  -10.017  -0.3552  -0.6705  -0.66
5.186  5.186  45.746  -4.684  -4.975  -5.031  -4.29  -4.71  -5.029  -4.75  2.6333  2.7878  3.0749  -8.155  -9.249  -10.017  -0.3422  -0.6545  -0.6428
5.1974  5.197  47.66  -4.736  -5.045  -5.104  -4.326  -4.767  -5.101  -4.806  2.6421  2.8213  3.112  -8.155  -9.249  -10.017  -0.2836  -0.4662  -0.5042
5.2  5.2  47.88  -4.744  -5.054  -5.113  -4.333  -4.775  -5.111  -4.814  2.6559  2.8367  3.1291  -8.155  -9.249  -10.017  -0.278  -0.4466  -0.4696
5.2253  5.225  50.333  -4.825  -5.147  -5.208  -4.401  -4.859  -5.206  -4.898  2.4576  2.7435  3.0488  -8.146  -9.227  -10.006  -0.2886  -0.3817  -0.336
5.2367  5.237  52.27  -4.873  -5.21  -5.275  -4.433  -4.911  -5.272  -4.95  2.4603  2.7391  3.0456  -8.146  -9.227  -10.006  -0.2894  -0.417  -0.3627
5.2434  5.243  54.244  -4.912  -5.269  -5.336  -4.452  -4.955  -5.333  -4.994  2.3926  2.6917  2.9664  -8.175  -9.21  -9.998  -0.2886  -0.3334  -0.2849
5.2515  5.252  57.326  -4.963  -5.352  -5.424  -4.471  -5.016  -5.421  -5.052  2.381  2.6739  2.9536  -8.175  -9.21  -9.998  -0.2893  -0.3513  -0.3029
5.2565  5.257  59.739  -4.997  -5.411  -5.489  -4.478  -5.057  -5.486  -5.092  2.344  2.6279  2.9057  -8.175  -9.21  -9.998  -0.3808  -0.4542  -0.417
5.2609  5.261  62.224  -5.026  -5.468  -5.55  -4.478  -5.094  -5.548  -5.128  2.462  2.7067  3.0182  -8.175  -9.21  -10.001  -0.378  -0.5504  -0.5184
5.2645  5.265  64.484  -5.048  -5.513  -5.602  -4.472  -5.124  -5.6  -5.156  2.4612  2.7059  3.0161  -8.175  -9.21  -10.001  -0.3804  -0.5599  -0.5255
5.2679  5.268  66.628  -5.063  -5.553  -5.649  -4.459  -5.147  -5.646  -5.177  2.5471  2.7331  3.047  -8.22  -9.334  -10.062  -0.3093  -0.6018  -0.5942
5.2706  5.271  68.384  -5.069  -5.572  -5.676  -4.442  -5.157  -5.673  -5.186  2.5268  2.7126  3.0268  -8.22  -9.334  -10.062  -0.3315  -0.6552  -0.6442
5.2743  5.274  70.009  -5.064  -5.581  -5.695  -4.411  -5.156  -5.692  -5.185  2.5359  2.7245  3.04  -8.22  -9.334  -10.062  -0.328  -0.6505  -0.641
5.2781  5.278  71.393  -5.048  -5.577  -5.703  -4.368  -5.144  -5.699  -5.172  2.5349  2.7296  3.0491  -8.22  -9.334  -10.062  -0.3079  -0.616  -0.5923
5.2815  5.282  72.503  -5.025  -5.567  -5.704  -4.321  -5.126  -5.7  -5.152  2.4646  2.6861  2.9932  -8.22  -9.334  -10.062  -0.3315  -0.539  -0.5218
5.2853  5.285  73.528  -5.01  -5.57  -5.714  -4.284  -5.117  -5.709  -5.142  2.5417  2.7135  3.034  -8.22  -9.334  -10.062  -0.3068  -0.6314  -0.6368
5.2925  5.293  76.077  -5.011  -5.6  -5.755  -4.253  -5.13  -5.75  -5.15  2.5478  2.7238  3.046  -8.22  -9.334  -10.062  -0.3232  -0.6141  -0.6049
5.2981  5.298  81.575  -5.094  -5.711  -5.877  -4.305  -5.225  -5.872  -5.24  2.5385  2.7171  3.0277  -8.22  -9.334  -10.062  -0.3804  -0.6736  -0.7076
5.2994  5.3  88.36  -5.216  -5.853  -6.028  -4.404  -5.356  -6.022  -5.367  2.525  2.7121  3.028  -8.22  -9.334  -10.062  -0.4916  -0.8698  -0.882
5.2995  5.3  90.356  -5.253  -5.895  -6.072  -4.435  -5.395  -6.066  -5.406  2.5233  2.7103  3.0273  -8.22  -9.334  -10.062  -0.4946  -0.882  -0.8864
5.2996  5.3  94.201  -5.321  -5.972  -6.152  -4.494  -5.467  -6.147  -5.476  2.5175  2.7037  3.0239  -8.22  -9.334  -10.062  -0.4998  -0.894  -0.9058
5.3001  5.3  95.908  -5.353  -6.005  -6.188  -4.522  -5.499  -6.182  -5.508  2.5135  2.6762  2.998  -8.22  -9.334  -10.062  -0.5  -0.965  -0.9608
5.3009  5.301  97.22  -5.372  -6.028  -6.212  -4.537  -5.52  -6.207  -5.528  2.6926  2.7033  2.9866  -8.22  -9.334  -10.062  -0.2811  -0.894  -0.9493
5.3013  5.302  103.504  -5.476  -6.144  -6.334  -4.626  -5.63  -6.329  -5.635  2.6869  2.6982  2.9811  -8.22  -9.334  -10.062  -0.2895  -0.8949  -0.9544
5.3017  5.302  110.041  -5.581  -6.26  -6.456  -4.717  -5.74  -6.45  -5.743  2.6861  2.6983  2.9812  -8.22  -9.334  -10.062  -0.2983  -0.896  -0.9572
5.3022  5.302  117.073  -5.685  -6.375  -6.577  -4.807  -5.849  -6.571  -5.85  2.6908  2.708  2.983  -8.22  -9.334  -10.065  -0.3358  -0.927  -0.9976
5.3027  5.303  124.41  -5.789  -6.49  -6.698  -4.898  -5.958  -6.692  -5.957  2.7307  2.6972  2.9667  -8.22  -9.334  -10.065  -0.268  -0.9515  -1.0152
5.3034  5.304  132.481  -5.895  -6.606  -6.82  -4.988  -6.069  -6.814  -6.066  2.7218  2.6849  2.9531  -8.22  -9.334  -10.065  -0.27  -0.9678  -1.0222
5.3042  5.304  141.077  -6.001  -6.722  -6.944  -5.079  -6.18  -6.938  -6.174  2.7172  2.6777  2.9445  -8.22  -9.334  -10.065  -0.271  -0.968  -1.041
5.305  5.305  150.403  -6.109  -6.841  -7.069  -5.171  -6.293  -7.062  -6.285  2.717  2.6776  2.9443  -8.22  -9.334  -10.065  -0.2733  -0.9671  -1.0239
5.3059  5.306  160.53  -6.22  -6.962  -7.197  -5.267  -6.409  -7.19  -6.399  2.7193  2.6783  2.9443  -8.22  -9.334  -10.065  -0.2725  -0.9565  -1.019
5.3068  5.306  171.615  -6.335  -7.087  -7.329  -5.365  -6.529  -7.323  -6.517  2.7208  2.6788  2.9442  -8.22  -9.334  -10.065  -0.2722  -0.941  -1.0156
5.3076  5.307  183.55  -6.45  -7.213  -7.461  -5.463  -6.65  -7.455  -6.634  2.7207  2.678  2.943  -8.22  -9.334  -10.065  -0.2722  -0.941  -1.0156
5.3082  5.307  196.316  -6.564  -7.337  -7.593  -5.558  -6.769  -7.586  -6.751  2.7225  2.6791  2.9437  -8.22  -9.334  -10.065  -0.2718  -0.953  -1.0176
5.3088  5.307  209.727  -6.678  -7.461  -7.724  -5.652  -6.888  -7.718  -6.868  2.7247  2.6812  2.9456  -8.22  -9.334  -10.065  -0.2715  -0.9515  -1.0152
5.3094  5.307  224.262  -6.794  -7.586  -7.856  -5.746  -7.008  -7.849  -6.986  2.7262  2.6819  2.9459  -8.22  -9.334  -10.065  -0.2712  -0.95  -1.0151
5.3099  5.306  239.969  -6.909  -7.71  -7.988  -5.837  -7.129  -7.981  -7.104  2.7321  2.687  2.9505  -8.22  -9.334  -10.065  -0.2694  -0.9286  -1.0122
5.3104  5.305  256.304  -7.022  -7.832  -8.117  -5.925  -7.246  -8.11  -7.219  2.7366  2.6905  2.9533  -8.22  -9.334  -10.065  -0.2676  -0.9282  -1.0133
5.3109  5.303  274.318  -7.14  -7.957  -8.25  -6.01  -7.367  -8.243  -7.339  2.7393  2.6928  2.9553  -8.22  -9.334  -10.065  -0.2659  -0.9289  -1.0148
5.3114  5.3  293.329  -7.254  -8.081  -8.382  -6.09  -7.486  -8.374  -7.456  2.7471  2.7058  2.9702  -8.22  -9.334  -10.065  -0.2659  -0.8967  -1.0002
5.3116  5.297  315.686  -7.372  -8.21  -8.523  -6.156  -7.609  -8.514  -7.577  2.7472  2.7067  2.9715  -8.22  -9.334  -10.065  -0.2665  -0.8969  -1.0006
5.3119  5.294  339.121  -7.489  -8.336  -8.66  -6.22  -7.731  -8.651  -7.696  2.7476  2.7069  2.9717  -8.22  -9.334  -10.065  -0.2653  -0.8965  -0.9998
5.312  5.289  363.71  -7.604  -8.46  -8.795  -6.268  -7.849  -8.786  -7.814  2.7481  2.7073  2.9722  -8.22  -9.334  -10.065  -0.2648  -0.8964  -0.9994
5.3122  5.282  390.081  -7.716  -8.582  -8.931  -6.303  -7.965  -8.921  -7.928  2.7492  2.7093  2.9746  -8.22  -9.334  -10.065  -0.2642  -0.8962  -0.999
5.3124  5.271  417.21  -7.817  -8.694  -9.062  -6.304  -8.069  -9.052  -8.032  2.7502  2.7103  2.9756  -8.22  -9.334  -10.065  -0.2632  -0.896  -0.9982
5.3126  5.256  444.278  -7.906  -8.796  -9.184  -6.283  -8.162  -9.173  -8.125  2.7507  2.7111  2.9766  -8.22  -9.334  -10.065  -0.2626  -0.8958  -0.9978
5.3127  5.232  473.538  -7.984  -8.891  -9.307  -6.21  -8.244  -9.295  -8.207  2.7507  2.7111  2.9766  -8.22  -9.334  -10.065  -0.2626  -0.8958  -0.9978
5.313  5.179  495.513  -8.018  -8.947  -9.394  -6.109  -8.284  -9.381  -8.248  2.7512  2.7123  2.9783  -8.22  -9.334  -10.065  -0.2626  -0.8958  -0.9978
5.3131  5.149  474.084  -7.976  -8.886  -9.306  -6.175  -8.236  -9.293  -8.2  2.7508  2.7119  2.9778  -8.22  -9.334  -10.065  -0.2632  -0.896  -0.9982
5.3131  5.144  455.151  -7.926  -8.825  -9.227  -6.217  -8.184  -9.215  -8.147  2.7508  2.7119  2.9778  -8.22  -9.334  -10.065  -0.2632  -0.896  -0.9982
5.3132  5.143  431.872  -7.858  -8.744  -9.125  -6.263  -8.113  -9.114  -8.076  2.7508  2.7119  2.9778  -8.22  -9.334  -10.065  -0.2632  -0.896  -0.9982
5.3132  5.142  414.816  -7.798  -8.676  -9.046  -6.267  -8.05  -9.035  -8.014  2.7508  2.7119  2.9778  -8.22  -9.334  -10.065  -0.2632  -0.896  -0.9982
5.3132  5.14  405.653  -7.766  -8.64  -9.003  -6.267  -8.017  -8.993  -7.98  2.7508  2.7119  2.9778  -8.22  -9.334  -10.065  -0.2632  -0.896  -0.9982
5.3132  5.139  405.653  -7.767  -8.641  -9.004  -6.267  -8.018  -8.994  -7.981  2.7508  2.7119  2.9778  -8.22  -9.334  -10.065  -0.2632  -0.896  -0.9982
5.3133  5.134  434.565  -7.867  -8.754  -9.137  -6.256  -8.121  -9.127  -8.085  2.7508  2.7119  2.9778  -8.22  -9.334  -10.065  -0.2632  -0.896  -0.9982
5.3133  5.128  452.642  -7.918  -8.816  -9.216  -6.216  -8.175  -9.205  -8.139  2.7511  2.7131  2.9794  -8.22  -9.334  -10.065  -0.2637  -0.8961  -0.9986
5.3133  5.125  448.079  -7.906  -8.801  -9.197  -6.225  -8.162  -9.186  -8.126  2.7511  2.7131  2.9794  -8.22  -9.334  -10.065  -0.2637  -0.8961  -0.9986
5.3133  5.124  444.074  -7.893  -8.786  -9.178  -6.234  -8.149  -9.167  -8.113  2.7511  2.7131  2.9794  -8.22  -9.334  -10.065  -0.2637  -0.8961  -0.9986
5.3133  5.123  458.411  -7.933  -8.834  -9.24  -6.202  -8.191  -9.228  -8.155  2.7511  2.7131  2.9794  -8.22  -9.334  -10.065  -0.2637  -0.8961  -0.9986
5.3134  5.119  478.691  -7.981  -8.897  -9.325  -6.146  -8.244  -9.312  -8.207  2.7511  2.7131  2.9794  -8.22  -9.334  -10.065  -0.2637  -0.8961  -0.9986
5.3134  5.119  478.691  -7.982  -8.897  -9.324  -6.147  -8.244  -9.312  -8.208  2.7511  2.7131  2.9794  -8.22  -9.334  -10.065  -0.2637  -0.8961  -0.9986
5.3134  5.118  647.821  -8.047  -9.183  -9.867  -5.319  -8.374  -9.84  -8.335  2.7511  2.7131  2.9794  -8.22  -9.334  -10.065  -0.2637  -0.8961  -0.9986
5.3134  5.118  603.052  -8.134  -9.171  -9.754  -5.67  -8.429  -9.732  -8.394  2.7511  2.7131  2.9794  -8.22  -9.334  -10.065  -0.2637  -0.8961  -0.9986
5.3134  5.118  593.547  -8.131  -9.156  -9.725  -5.714  -8.423  -9.704  -8.387  2.7511  2.7131  2.9794  -8.22  -9.334  -10.065  -0.2637  -0.8961  -0.9986
5.3134  5.118  521.621  -8.043  -9.003  -9.489  -5.974  -8.318  -9.474  -8.281  2.7511  2.7131  2.9794  -8.22  -9.334  -10.065  -0.2637  -0.8961  -0.9986
5.3134  5.117  423.404  -7.827  -8.709  -9.085  -6.261  -8.081  -9.075  -8.044  2.7511  2.7131  2.9794  -8.22  -9.334  -10.065  -0.2637  -0.8961  -0.9986
5.3134  5.116  451.393  -7.914  -8.811  -9.21  -6.216  -8.171  -9.198  -8.135  2.7511  2.7131  2.9794  -8.22  -9.334  -10.065  -0.2637  -0.8961  -0.9986
5.3134  5.114  473.647  -7.972  -8.882  -9.303  -6.165  -8.232  -9.29  -8.196  2.7511  2.7131  2.9794  -8.22  -9.334  -10.065  -0.2637  -0.8961  -0.9986
5.3134  5.112  487.366  -7.997  -8.921  -9.36  -6.114  -8.262  -9.347  -8.225  2.7511  2.7131  2.9794  -8.22  -9.334  -10.065  -0.2637  -0.8961  -0.9986
5.3134  5.109  497.8  -8.015  -8.947  -9.399  -6.077  -8.282  -9.385  -8.245  2.7511  2.7131  2.9794  -8.22  -9.334  -10.065  -0.2637  -0.8961  -0.9986
5.3134  5.106  507.055  -8.03  -8.971  -9.433  -6.044  -8.3  -9.419  -8.263  2.7511  2.7131  2.9794  -8.22  -9.334  -10.065  -0.2637  -0.8961  -0.9986
5.3135  5.102  517.315  -8.041  -8.993  -9.471  -5.994  -8.313  -9.456  -8.277  2.7511  2.7131  2.9794  -8.22  -9.334  -10.065  -0.2637  -0.8961  -0.9986
5.3135  5.101  699.608  -7.827  -9.119  -9.958  -4.758  -8.207  -9.923  -8.161  2.7511  2.7131  2.9794  -8.22  -9.334  -10.065  -0.2637  -0.8961  -0.9986
5.3135  5.101  641.439  -8.059  -9.181  -9.85  -5.359  -8.381  -9.824  -8.343  2.7511  2.7131  2.9794  -8.22  -9.334  -10.065  -0.2637  -0.8961  -0.9986
5.3135  5.1  563.969  -8.118  -9.106  -9.63  -5.846  -8.399  -9.612  -8.364  2.7511  2.7131  2.9794  -8.22  -9.334  -10.065  -0.2637  -0.8961  -0.9986
5.3135  5.099  456.515  -7.926  -8.826  -9.231  -6.194  -8.184  -9.219  -8.148  2.7511  2.7131  2.9794  -8.22  -9.334  -10.065  -0.2637  -0.8961  -0.9986
5.3135  5.098  486.469  -7.993  -8.916  -9.353  -6.109  -8.257  -9.34  -8.221  2.7524  2.7156  2.9824  -8.22  -9.334  -10.065  -0.2642  -0.894  -0.9908
5.3135  5.096  508.809  -8.033  -8.976  -9.44  -6.029  -8.303  -9.426  -8.266  2.7524  2.7156  2.9824  -8.22  -9.334  -10.065  -0.2642  -0.894  -0.9908
5.3135  5.092  522.703  -8.039  -9.001  -9.49  -5.952  -8.315  -9.474  -8.278  2.7524  2.7156  2.9824  -8.22  -9.334  -10.065  -0.2642  -0.894  -0.9908
5.3135  5.089  531.319  -8.098  -9.046  -9.521  -5.998  -8.368  -9.505  -8.333  2.7524  2.7156  2.9824  -8.22  -9.334  -10.065  -0.2642  -0.894  -0.9908
5.3135  5.084  539.206  -8.103  -9.06  -9.546  -5.959  -8.375  -9.53  -8.34  2.7524  2.7156  2.9824  -8.22  -9.334  -10.065  -0.2642  -0.894  -0.9908
5.3135  5.077  546.582  -8.106  -9.074  -9.572  -5.913  -8.381  -9.556  -8.346  2.7524  2.7156  2.9824  -8.22  -9.334  -10.065  -0.2642  -0.894  -0.9908
5.3135  5.077  741.063  -7.579  -9.018  -10.0  -4.214  -8.009  -9.959  -7.958  2.7524  2.7156  2.9824  -8.22  -9.334  -10.065  -0.2642  -0.894  -0.9908
5.3135  5.077  678.352  -7.952  -9.166  -9.929  -5.032  -8.304  -9.898  -8.263  2.7524  2.7156  2.9824  -8.22  -9.334  -10.065  -0.2642  -0.894  -0.9908
5.3135  5.076  596.424  -8.124  -9.155  -9.73  -5.669  -8.417  -9.708  -8.382  2.7524  2.7156  2.9824  -8.22  -9.334  -10.065  -0.2642  -0.894  -0.9908
5.3135  5.074  482.898  -7.984  -8.904  -9.339  -6.106  -8.247  -9.326  -8.211  2.7524  2.7156  2.9824  -8.22  -9.334  -10.065  -0.2642  -0.894  -0.9908
5.3135  5.072  514.82  -8.036  -8.986  -9.459  -5.989  -8.307  -9.444  -8.271  2.7524  2.7156  2.9824  -8.22  -9.334  -10.065  -0.2642  -0.894  -0.9908
5.3135  5.068  538.462  -8.1  -9.058  -9.544  -5.949  -8.372  -9.528  -8.338  2.7524  2.7156  2.9824  -8.22  -9.334  -10.065  -0.2642  -0.894  -0.9908
5.3136  5.064  553.165  -8.107  -9.084  -9.594  -5.871  -8.384  -9.576  -8.35  2.7524  2.7156  2.9824  -8.22  -9.334  -10.065  -0.2642  -0.894  -0.9908
5.3136  5.058  563.19  -8.11  -9.099  -9.625  -5.819  -8.391  -9.606  -8.356  2.7524  2.7156  2.9824  -8.22  -9.334  -10.065  -0.2642  -0.894  -0.9908
5.3136  5.051  571.814  -8.112  -9.112  -9.65  -5.774  -8.395  -9.631  -8.361  2.7524  2.7156  2.9824  -8.22  -9.334  -10.065  -0.2642  -0.894  -0.9908
5.3136  5.042  580.571  -8.113  -9.125  -9.678  -5.724  -8.4  -9.658  -8.366  2.7528  2.7157  2.9826  -8.22  -9.334  -10.065  -0.2626  -0.894  -0.9894
5.3136  5.041  786.964  -7.06  -8.753  -9.962  -3.24  -7.578  -9.911  -7.52  2.7528  2.7157  2.9826  -8.22  -9.334  -10.065  -0.2626  -0.894  -0.9894
5.3136  5.041  721.199  -7.677  -9.054  -9.974  -4.427  -8.085  -9.935  -8.037  2.7528  2.7157  2.9826  -8.22  -9.334  -10.065  -0.2626  -0.894  -0.9894
5.3136  5.039  633.512  -8.061  -9.17  -9.826  -5.376  -8.378  -9.8  -8.341  2.7528  2.7157  2.9826  -8.22  -9.334  -10.065  -0.2626  -0.894  -0.9894
5.3136  5.037  512.69  -8.029  -8.978  -9.45  -5.98  -8.3  -9.435  -8.264  2.7528  2.7157  2.9826  -8.22  -9.334  -10.065  -0.2626  -0.894  -0.9894
5.3136  5.034  545.953  -8.098  -9.066  -9.567  -5.89  -8.373  -9.55  -8.338  2.7528  2.7157  2.9826  -8.22  -9.334  -10.065  -0.2626  -0.894  -0.9894
5.3136  5.029  571.025  -8.107  -9.109  -9.648  -5.762  -8.391  -9.629  -8.357  2.7528  2.7157  2.9826  -8.22  -9.334  -10.065  -0.2626  -0.894  -0.9894
5.3136  5.022  585.943  -8.111  -9.132  -9.694  -5.684  -8.4  -9.674  -8.366  2.7528  2.7157  2.9826  -8.22  -9.334  -10.065  -0.2626  -0.894  -0.9894
5.3136  5.014  595.875  -8.112  -9.146  -9.723  -5.634  -8.405  -9.701  -8.371  2.7528  2.7157  2.9826  -8.22  -9.334  -10.065  -0.2626  -0.894  -0.9894
5.3137  5.004  603.747  -8.111  -9.156  -9.746  -5.59  -8.407  -9.723  -8.373  2.7528  2.7157  2.9826  -8.22  -9.334  -10.065  -0.2626  -0.894  -0.9894
5.3137  4.991  612.005  -8.097  -9.16  -9.768  -5.522  -8.399  -9.745  -8.364  2.7528  2.7157  2.9826  -8.22  -9.334  -10.065  -0.2626  -0.894  -0.9894
5.3137  4.99  830.721  -6.472  -8.436  -9.88  -2.182  -7.084  -9.821  -7.023  2.7528  2.7157  2.9826  -8.22  -9.334  -10.065  -0.2626  -0.894  -0.9894
5.3137  4.989  760.948  -7.308  -8.875  -9.971  -3.705  -7.781  -9.925  -7.728  2.7528  2.7157  2.9826  -8.22  -9.334  -10.065  -0.2626  -0.894  -0.9894
5.3137  4.987  668.429  -7.96  -9.156  -9.902  -5.064  -8.305  -9.87  -8.266  2.7528  2.7157  2.9826  -8.22  -9.334  -10.065  -0.2626  -0.894  -0.9894
5.3137  4.984  539.828  -8.085  -9.049  -9.544  -5.89  -8.359  -9.528  -8.324  2.7528  2.7157  2.9826  -8.22  -9.334  -10.065  -0.2626  -0.894  -0.9894
5.3137  4.979  574.851  -8.098  -9.108  -9.657  -5.712  -8.384  -9.637  -8.35  2.7528  2.7157  2.9826  -8.22  -9.334  -10.065  -0.2626  -0.894  -0.9894
5.3137  4.973  601.25  -8.104  -9.148  -9.736  -5.583  -8.4  -9.714  -8.366  2.7528  2.7157  2.9826  -8.22  -9.334  -10.065  -0.2626  -0.894  -0.9894
5.3137  4.964  615.964  -8.078  -9.154  -9.776  -5.462  -8.384  -9.752  -8.349  2.7528  2.7157  2.9826  -8.22  -9.334  -10.065  -0.2626  -0.894  -0.9894
5.3137  4.953  625.396  -8.051  -9.151  -9.798  -5.379  -8.365  -9.772  -8.329  2.7528  2.7157  2.9826  -8.22  -9.334  -10.065  -0.2626  -0.894  -0.9894
5.3137  4.939  632.638  -8.029  -9.148  -9.813  -5.31  -8.349  -9.786  -8.312  2.7528  2.7157  2.9826  -8.22  -9.334  -10.065  -0.2626  -0.894  -0.9894
5.3138  4.921  639.816  -8.004  -9.143  -9.829  -5.237  -8.33  -9.801  -8.293  2.7528  2.7157  2.9826  -8.22  -9.334  -10.065  -0.2626  -0.894  -0.9894
5.3138  4.92  869.871  -5.653  -7.963  -9.686  -0.785  -6.387  -9.619  -6.327  2.7528  2.7157  2.9826  -8.22  -9.334  -10.065  -0.2626  -0.894  -0.9894
5.3138  4.919  795.894  -6.849  -8.632  -9.92  -2.861  -7.397  -9.866  -7.339  2.7528  2.7157  2.9826  -8.22  -9.334  -10.065  -0.2626  -0.894  -0.9894
5.3138  4.917  699.608  -7.738  -9.061  -9.931  -4.575  -8.126  -9.893  -8.082  2.7528  2.7157  2.9826  -8.22  -9.334  -10.065  -0.2626  -0.894  -0.9894
5.3138  4.913  563.839  -8.08  -9.081  -9.619  -5.726  -8.363  -9.599  -8.33  2.7528  2.7157  2.9826  -8.22  -9.334  -10.065  -0.2626  -0.894  -0.9894
5.3138  4.907  600.42  -8.089  -9.138  -9.73  -5.546  -8.386  -9.707  -8.352  2.7528  2.7157  2.9826  -8.22  -9.334  -10.065  -0.2626  -0.894  -0.9894
5.3138  4.898  626.261  -8.028  -9.139  -9.796  -5.325  -8.345  -9.769  -8.309  2.751  2.7152  2.9826  -8.22  -9.334  -10.065  -0.2659  -0.894  -0.9921
5.3138  4.887  641.586  -7.988  -9.135  -9.83  -5.198  -8.317  -9.801  -8.28  2.751  2.7152  2.9826  -8.22  -9.334  -10.065  -0.2659  -0.894  -0.9921
5.3138  4.873  649.314  -7.964  -9.131  -9.848  -5.123  -8.299  -9.818  -8.261  2.751  2.7152  2.9826  -8.22  -9.334  -10.065  -0.2659  -0.894  -0.9921
5.3138  4.855  655.021  -7.943  -9.126  -9.859  -5.064  -8.283  -9.828  -8.245  2.751  2.7152  2.9826  -8.22  -9.334  -10.065  -0.2659  -0.894  -0.9921
5.3139  4.833  660.777  -7.921  -9.12  -9.87  -5.003  -8.266  -9.837  -8.228  2.751  2.7152  2.9826  -8.22  -9.334  -10.065  -0.2659  -0.894  -0.9921
5.3139  4.831  898.577  -4.985  -7.576  -9.522  0.346  -5.817  -9.448  -5.764  2.751  2.7152  2.9826  -8.22  -9.334  -10.065  -0.2659  -0.894  -0.9921
5.3139  4.83  823.105  -6.364  -8.359  -9.827  -2.014  -6.986  -9.767  -6.926  2.751  2.7152  2.9826  -8.22  -9.334  -10.065  -0.2659  -0.894  -0.9921
5.3139  4.827  722.861  -7.542  -8.971  -9.942  -4.175  -7.965  -9.9  -7.918  2.751  2.7152  2.9826  -8.22  -9.334  -10.065  -0.2659  -0.894  -0.9921
5.3139  4.822  582.043  -8.067  -9.097  -9.67  -5.585  -8.358  -9.649  -8.325  2.751  2.7152  2.9826  -8.22  -9.334  -10.065  -0.2659  -0.894  -0.9921
5.3139  4.815  619.092  -8.015  -9.12  -9.771  -5.322  -8.33  -9.745  -8.294  2.751  2.7152  2.9826  -8.22  -9.334  -10.065  -0.2659  -0.894  -0.9921
5.3139  4.805  645.439  -7.947  -9.116  -9.833  -5.1  -8.282  -9.803  -8.245  2.751  2.7152  2.9826  -8.22  -9.334  -10.065  -0.2659  -0.894  -0.9921
5.3139  4.792  659.409  -7.907  -9.11  -9.864  -4.977  -8.253  -9.832  -8.215  2.751  2.7152  2.9826  -8.22  -9.334  -10.065  -0.2659  -0.894  -0.9921
5.3139  4.775  667.045  -7.849  -9.085  -9.871  -4.852  -8.206  -9.837  -8.167  2.751  2.7152  2.9826  -8.22  -9.334  -10.065  -0.2659  -0.894  -0.9921
5.3139  4.753  671.823  -7.806  -9.065  -9.873  -4.761  -8.171  -9.838  -8.131  2.7512  2.716  2.9836  -8.22  -9.334  -10.065  -0.2665  -0.894  -0.9926
5.314  4.726  675.857  -7.761  -9.044  -9.874  -4.669  -8.135  -9.838  -8.093  2.7512  2.716  2.9836  -8.22  -9.334  -10.065  -0.2665  -0.894  -0.9926
5.314  4.725  919.931  -4.186  -7.099  -9.279  1.658  -5.131  -9.199  -5.092  2.7512  2.716  2.9836  -8.22  -9.334  -10.065  -0.2665  -0.894  -0.9926
5.314  4.723  843.248  -5.807  -8.031  -9.685  -1.073  -6.509  -9.619  -6.45  2.7512  2.716  2.9836  -8.22  -9.334  -10.065  -0.2665  -0.894  -0.9926
5.314  4.72  739.699  -7.281  -8.831  -9.913  -3.69  -7.746  -9.866  -7.695  2.7512  2.716  2.9836  -8.22  -9.334  -10.065  -0.2665  -0.894  -0.9926
5.314  4.714  595.052  -8.037  -9.098  -9.703  -5.445  -8.337  -9.68  -8.304  2.7512  2.716  2.9836  -8.22  -9.334  -10.065  -0.2665  -0.894  -0.9926
5.314  4.706  632.929  -7.94  -9.094  -9.795  -5.125  -8.27  -9.766  -8.234  2.7512  2.716  2.9836  -8.22  -9.334  -10.065  -0.2665  -0.894  -0.9926
5.314  4.694  659.409  -7.848  -9.074  -9.849  -4.868  -8.202  -9.816  -8.163  2.7512  2.716  2.9836  -8.22  -9.334  -10.065  -0.2665  -0.894  -0.9926
5.314  4.679  673.372  -7.75  -9.034  -9.864  -4.654  -8.124  -9.828  -8.082  2.7512  2.716  2.9836  -8.22  -9.334  -10.065  -0.2665  -0.894  -0.9926
5.314  4.659  679.29  -7.697  -9.009  -9.868  -4.544  -8.08  -9.83  -8.037  2.7512  2.716  2.9836  -8.22  -9.334  -10.065  -0.2665  -0.894  -0.9926
5.314  4.633  683.054  -7.659  -8.991  -9.868  -4.469  -8.049  -9.829  -8.005  2.7512  2.716  2.9836  -8.22  -9.334  -10.065  -0.2665  -0.894  -0.9926
5.3141  4.602  685.733  -7.622  -8.972  -9.866  -4.396  -8.017  -9.827  -7.974  2.7512  2.716  2.9836  -8.22  -9.334  -10.065  -0.2665  -0.894  -0.9926
5.3141  4.601  932.943  -3.552  -6.717  -9.079  2.69  -4.585  -8.995  -4.563  2.7512  2.716  2.9836  -8.22  -9.334  -10.065  -0.2665  -0.894  -0.9926
5.3141  4.599  854.585  -5.361  -7.766  -9.564  -0.328  -6.126  -9.494  -6.07  2.7512  2.716  2.9836  -8.22  -9.334  -10.065  -0.2665  -0.894  -0.9926
5.3141  4.595  750.853  -7.02  -8.684  -9.866  -3.225  -7.524  -9.815  -7.471  2.7512  2.716  2.9836  -8.22  -9.334  -10.065  -0.2665  -0.894  -0.9926
5.3141  4.589  604.025  -7.969  -9.069  -9.715  -5.277  -8.281  -9.689  -8.247  2.7512  2.716  2.9836  -8.22  -9.334  -10.065  -0.2665  -0.894  -0.9926
5.3141  4.58  641.734  -7.87  -9.063  -9.806  -4.955  -8.213  -9.774  -8.175  2.7512  2.716  2.9836  -8.22  -9.334  -10.065  -0.2665  -0.894  -0.9926
5.3141  4.567  668.275  -7.711  -9.003  -9.841  -4.594  -8.086  -9.805  -8.045  2.7512  2.716  2.9836  -8.22  -9.334  -10.065  -0.2665  -0.894  -0.9926
5.3141  4.55  681.326  -7.615  -8.962  -9.854  -4.393  -8.01  -9.814  -7.966  2.7512  2.716  2.9836  -8.22  -9.334  -10.065  -0.2665  -0.894  -0.9926
5.3141  4.527  687.63  -7.565  -8.939  -9.857  -4.289  -7.968  -9.817  -7.924  2.7512  2.716  2.9836  -8.22  -9.334  -10.065  -0.2665  -0.894  -0.9926
5.3141  4.499  690.327  -7.531  -8.922  -9.856  -4.221  -7.94  -9.815  -7.895  2.7512  2.716  2.9836  -8.22  -9.334  -10.065  -0.2665  -0.894  -0.9926
5.3142  4.465  692.556  -7.497  -8.904  -9.853  -4.156  -7.911  -9.811  -7.866  2.7512  2.716  2.9836  -8.22  -9.334  -10.065  -0.2665  -0.894  -0.9926
5.3142  4.463  943.529  -2.89  -6.312  -8.854  3.755  -4.011  -8.764  -4.011  2.7512  2.716  2.9836  -8.22  -9.334  -10.065  -0.2665  -0.894  -0.9926
5.3142  4.461  864.281  -4.967  -7.532  -9.453  0.328  -5.787  -9.378  -5.736  2.7512  2.716  2.9836  -8.22  -9.334  -10.065  -0.2665  -0.894  -0.9926
5.3142  4.457  759.023  -6.787  -8.549  -9.818  -2.816  -7.324  -9.764  -7.27  2.7512  2.716  2.9836  -8.22  -9.334  -10.065  -0.2665  -0.894  -0.9926
5.3142  4.45  610.316  -7.903  -9.038  -9.72  -5.116  -8.225  -9.691  -8.191  2.7512  2.716  2.9836  -8.22  -9.334  -10.065  -0.2665  -0.894  -0.9926
5.3142  4.44  648.418  -7.763  -9.007  -9.799  -4.731  -8.122  -9.764  -8.083  2.7512  2.716  2.9836  -8.22  -9.334  -10.065  -0.2665  -0.894  -0.9926
5.3142  4.426  674.458  -7.585  -8.934  -9.827  -4.351  -7.979  -9.788  -7.937  2.7512  2.716  2.9836  -8.22  -9.334  -10.065  -0.2665  -0.894  -0.9926
5.3142  4.407  687.63  -7.494  -8.895  -9.84  -4.158  -7.906  -9.797  -7.862  2.7512  2.716  2.9836  -8.22  -9.334  -10.065  -0.2665  -0.894  -0.9926
5.3142  4.383  693.194  -7.446  -8.873  -9.842  -4.06  -7.866  -9.799  -7.822  2.7512  2.716  2.9836  -8.22  -9.334  -10.065  -0.2665  -0.894  -0.9926
5.3142  4.352  695.112  -7.414  -8.856  -9.84  -3.997  -7.839  -9.796  -7.794  2.7512  2.716  2.9836  -8.22  -9.334  -10.065  -0.2665  -0.894  -0.9926
5.3143  4.315  697.036  -7.383  -8.839  -9.836  -3.939  -7.813  -9.791  -7.768  2.7512  2.716  2.9836  -8.22  -9.334  -10.065  -0.2665  -0.894  -0.9926
5.3143  4.313  950.944  -2.302  -5.951  -8.647  4.691  -3.501  -8.553  -3.524  2.7512  2.716  2.9836  -8.22  -9.334  -10.065  -0.2665  -0.894  -0.9926
5.3143  4.311  872.077  -4.508  -7.253  -9.304  1.077  -5.389  -9.225  -5.347  2.7512  2.716  2.9836  -8.22  -9.334  -10.065  -0.2665  -0.894  -0.9926
5.3143  4.306  765.517  -6.577  -8.425  -9.77  -2.452  -7.142  -9.712  -7.089  2.7512  2.716  2.9836  -8.22  -9.334  -10.065  -0.2665  -0.894  -0.9926
5.3143  4.299  614.972  -7.837  -9.004  -9.718  -4.962  -8.169  -9.687  -8.134  2.7512  2.716  2.9836  -8.22  -9.334  -10.065  -0.2665  -0.894  -0.9926
5.3143  4.289  652.612  -7.645  -8.94  -9.781  -4.504  -8.02  -9.743  -7.98  2.7512  2.716  2.9836  -8.22  -9.334  -10.065  -0.2665  -0.894  -0.9926
5.3143  4.273  678.821  -7.471  -8.869  -9.809  -4.133  -7.881  -9.767  -7.838  2.7512  2.716  2.9836  -8.22  -9.334  -10.065  -0.2665  -0.894  -0.9926
5.3143  4.253  691.6  -7.38  -8.83  -9.821  -3.943  -7.807  -9.776  -7.763  2.7512  2.716  2.9836  -8.22  -9.334  -10.065  -0.2665  -0.894  -0.9926
5.3143  4.227  696.875  -7.316  -8.797  -9.817  -3.818  -7.753  -9.771  -7.708  2.753  2.7184  2.9865  -8.22  -9.334  -10.065  -0.2648  -0.894  -0.9912
5.3143  4.195  699.447  -7.258  -8.764  -9.806  -3.713  -7.704  -9.759  -7.658  2.753  2.7184  2.9865  -8.22  -9.334  -10.065  -0.2648  -0.894  -0.9912
5.3144  4.155  701.221  -7.204  -8.732  -9.793  -3.616  -7.657  -9.746  -7.611  2.753  2.7184  2.9865  -8.22  -9.334  -10.065  -0.2648  -0.894  -0.9912
5.3144  4.153  957.536  -1.693  -5.571  -8.421  5.645  -2.968  -8.323  -3.021  2.753  2.7184  2.9865  -8.22  -9.334  -10.065  -0.2648  -0.894  -0.9912
5.3144  4.151  877.718  -4.034  -6.963  -9.145  1.849  -4.977  -9.061  -4.947  2.753  2.7184  2.9865  -8.22  -9.334  -10.065  -0.2648  -0.894  -0.9912
5.3144  4.146  770.469  -6.32  -8.269  -9.699  -2.014  -6.919  -9.638  -6.866  2.753  2.7184  2.9865  -8.22  -9.334  -10.065  -0.2648  -0.894  -0.9912
5.3144  4.138  619.377  -7.768  -8.967  -9.713  -4.801  -8.109  -9.68  -8.075  2.753  2.7184  2.9865  -8.22  -9.334  -10.065  -0.2648  -0.894  -0.9912
5.3144  4.127  656.228  -7.529  -8.873  -9.761  -4.28  -7.919  -9.72  -7.879  2.753  2.7184  2.9865  -8.22  -9.334  -10.065  -0.2648  -0.894  -0.9912
5.3144  4.11  682.897  -7.356  -8.802  -9.788  -3.912  -7.78  -9.743  -7.737  2.753  2.7184  2.9865  -8.22  -9.334  -10.065  -0.2648  -0.894  -0.9912
5.3144  4.088  695.753  -7.211  -8.729  -9.781  -3.635  -7.66  -9.733  -7.615  2.753  2.7184  2.9865  -8.22  -9.334  -10.065  -0.2648  -0.894  -0.9912
5.3144  4.06  700.576  -7.119  -8.678  -9.767  -3.47  -7.582  -9.717  -7.536  2.753  2.7184  2.9865  -8.22  -9.334  -10.065  -0.2648  -0.894  -0.9912
5.3144  4.024  702.838  -7.06  -8.644  -9.754  -3.367  -7.531  -9.704  -7.485  2.753  2.7184  2.9865  -8.22  -9.334  -10.065  -0.2648  -0.894  -0.9912
5.3145  3.98  703.485  -7.006  -8.611  -9.74  -3.272  -7.483  -9.689  -7.438  2.753  2.7184  2.9865  -8.22  -9.334  -10.065  -0.2648  -0.894  -0.9912
5.3145  3.979  961.513  -1.076  -5.184  -8.187  6.603  -2.427  -8.085  -2.513  2.753  2.7184  2.9865  -8.22  -9.334  -10.065  -0.2648  -0.894  -0.9912
5.3145  3.977  881.364  -3.557  -6.671  -8.981  2.618  -4.562  -8.893  -4.546  2.753  2.7184  2.9865  -8.22  -9.334  -10.065  -0.2648  -0.894  -0.9912
5.3145  3.972  774.56  -5.978  -8.059  -9.594  -1.444  -6.621  -9.528  -6.57  2.753  2.7184  2.9865  -8.22  -9.334  -10.065  -0.2648  -0.894  -0.9912
5.3145  3.963  622.379  -7.66  -8.903  -9.694  -4.588  -8.014  -9.656  -7.98  2.753  2.7184  2.9865  -8.22  -9.334  -10.065  -0.2648  -0.894  -0.9912
5.3145  3.95  659.713  -7.409  -8.801  -9.737  -4.051  -7.813  -9.693  -7.774  2.753  2.7184  2.9865  -8.22  -9.334  -10.065  -0.2648  -0.894  -0.9912
5.3145  3.932  685.417  -7.186  -8.699  -9.746  -3.609  -7.632  -9.698  -7.588  2.753  2.7184  2.9865  -8.22  -9.334  -10.065  -0.2648  -0.894  -0.9912
5.3145  3.907  697.839  -7.003  -8.602  -9.725  -3.275  -7.478  -9.673  -7.433  2.753  2.7184  2.9865  -8.22  -9.334  -10.065  -0.2648  -0.894  -0.9912
5.3145  3.876  703.485  -6.907  -8.549  -9.71  -3.104  -7.396  -9.657  -7.351  2.7531  2.7191  2.9874  -8.22  -9.334  -10.065  -0.2653  -0.894  -0.9916
5.3145  3.836  705.269  -6.843  -8.511  -9.696  -2.992  -7.341  -9.642  -7.295  2.7531  2.7191  2.9874  -8.22  -9.334  -10.065  -0.2653  -0.894  -0.9916
5.3146  3.789  706.57  -6.782  -8.474  -9.68  -2.886  -7.287  -9.625  -7.242  2.7531  2.7191  2.9874  -8.22  -9.334  -10.065  -0.2653  -0.894  -0.9916
5.3146  3.787  966.173  -0.327  -4.694  -7.873  7.742  -1.762  -7.767  -1.891  2.7531  2.7191  2.9874  -8.22  -9.334  -10.065  -0.2653  -0.894  -0.9916
5.3146  3.784  885.636  -2.953  -6.297  -8.766  3.579  -4.035  -8.672  -4.04  2.7531  2.7191  2.9874  -8.22  -9.334  -10.065  -0.2653  -0.894  -0.9916
5.3146  3.778  778.314  -5.591  -7.823  -9.472  -0.805  -6.284  -9.401  -6.236  2.7531  2.7191  2.9874  -8.22  -9.334  -10.065  -0.2653  -0.894  -0.9916
5.3146  3.769  626.116  -7.521  -8.821  -9.667  -4.322  -7.892  -9.626  -7.858  2.7531  2.7191  2.9874  -8.22  -9.334  -10.065  -0.2653  -0.894  -0.9916
5.3146  3.755  662.606  -7.271  -8.719  -9.707  -3.794  -7.692  -9.66  -7.653  2.7531  2.7191  2.9874  -8.22  -9.334  -10.065  -0.2653  -0.894  -0.9916
5.3146  3.735  688.74  -6.954  -8.557  -9.684  -3.206  -7.428  -9.631  -7.385  2.7531  2.7191  2.9874  -8.22  -9.334  -10.065  -0.2653  -0.894  -0.9916
5.3146  3.709  701.221  -6.769  -8.458  -9.662  -2.872  -7.272  -9.606  -7.228  2.7527  2.7189  2.9873  -8.22  -9.334  -10.065  -0.2659  -0.894  -0.9921
5.3146  3.675  706.407  -6.67  -8.403  -9.646  -2.697  -7.188  -9.588  -7.143  2.7527  2.7189  2.9873  -8.22  -9.334  -10.065  -0.2659  -0.894  -0.9921
5.3146  3.632  707.384  -6.602  -8.363  -9.63  -2.578  -7.129  -9.572  -7.084  2.7527  2.7189  2.9873  -8.22  -9.334  -10.065  -0.2659  -0.894  -0.9921
5.3147  3.581  709.014  -6.534  -8.322  -9.612  -2.462  -7.07  -9.553  -7.025  2.7527  2.7189  2.9873  -8.22  -9.334  -10.065  -0.2659  -0.894  -0.9921
5.3147  3.579  970.41  0.488  -4.162  -7.53  8.975  -1.04  -7.419  -1.22  2.7527  2.7189  2.9873  -8.22  -9.334  -10.065  -0.2659  -0.894  -0.9921
5.3147  3.576  890.543  -2.25  -5.861  -8.51  4.689  -3.421  -8.41  -3.455  2.7527  2.7189  2.9873  -8.22  -9.334  -10.065  -0.2659  -0.894  -0.9921
5.3147  3.57  782.267  -5.167  -7.564  -9.337  -0.106  -5.914  -9.26  -5.873  2.7527  2.7189  2.9873  -8.22  -9.334  -10.065  -0.2659  -0.894  -0.9921
5.3147  3.56  629.586  -7.366  -8.729  -9.635  -4.028  -7.757  -9.591  -7.722  2.7527  2.7189  2.9873  -8.22  -9.334  -10.065  -0.2659  -0.894  -0.9921
5.3147  3.544  665.204  -7.05  -8.584  -9.649  -3.407  -7.498  -9.598  -7.459  2.7527  2.7189  2.9873  -8.22  -9.334  -10.065  -0.2659  -0.894  -0.9921
5.3147  3.523  691.759  -6.692  -8.396  -9.613  -2.756  -7.198  -9.556  -7.156  2.7527  2.7189  2.9873  -8.22  -9.334  -10.065  -0.2659  -0.894  -0.9921
5.3147  3.494  704.296  -6.503  -8.296  -9.59  -2.415  -7.039  -9.53  -6.996  2.7527  2.7189  2.9873  -8.22  -9.334  -10.065  -0.2659  -0.894  -0.9921
5.3147  3.457  709.014  -6.397  -8.238  -9.571  -2.229  -6.949  -9.509  -6.906  2.7527  2.7189  2.9873  -8.22  -9.334  -10.065  -0.2659  -0.894  -0.9921
5.3148  3.412  711.468  -6.319  -8.192  -9.553  -2.095  -6.881  -9.489  -6.839  2.7527  2.7189  2.9873  -8.22  -9.334  -10.065  -0.2659  -0.894  -0.9921
5.3148  3.356  712.615  -6.239  -8.145  -9.532  -1.959  -6.811  -9.466  -6.77  2.753  2.7198  2.9886  -8.22  -9.334  -10.065  -0.2659  -0.894  -0.9921
5.3148  3.354  975.787  1.459  -3.527  -7.121  10.445  -0.178  -7.005  -0.426  2.753  2.7198  2.9886  -8.22  -9.334  -10.065  -0.2659  -0.894  -0.9921
5.3148  3.351  895.891  -1.349  -5.298  -8.172  6.093  -2.632  -8.067  -2.71  2.753  2.7198  2.9886  -8.22  -9.334  -10.065  -0.2659  -0.894  -0.9921
5.3148  3.344  787.871  -4.657  -7.254  -9.175  0.728  -5.47  -9.092  -5.439  2.753  2.7198  2.9886  -8.22  -9.334  -10.065  -0.2659  -0.894  -0.9921
5.3148  3.332  634.096  -7.18  -8.618  -9.596  -3.685  -7.592  -9.547  -7.559  2.753  2.7198  2.9886  -8.22  -9.334  -10.065  -0.2659  -0.894  -0.9921
5.3148  3.314  670.278  -6.733  -8.391  -9.567  -2.858  -7.22  -9.51  -7.182  2.753  2.7198  2.9886  -8.22  -9.334  -10.065  -0.2659  -0.894  -0.9921
5.3148  3.29  696.554  -6.365  -8.201  -9.527  -2.196  -6.912  -9.464  -6.872  2.753  2.7198  2.9886  -8.22  -9.334  -10.065  -0.2659  -0.894  -0.9921
5.3148  3.257  709.831  -6.132  -8.074  -9.488  -1.787  -6.715  -9.421  -6.675  2.753  2.7198  2.9886  -8.22  -9.334  -10.065  -0.2659  -0.894  -0.9921
5.3148  3.214  716.069  -5.918  -7.948  -9.431  -1.429  -6.531  -9.361  -6.492  2.753  2.7198  2.9886  -8.22  -9.334  -10.065  -0.2659  -0.894  -0.9921
5.3149  3.162  719.209  -5.747  -7.846  -9.381  -1.143  -6.383  -9.309  -6.345  2.753  2.7198  2.9886  -8.22  -9.334  -10.065  -0.2659  -0.894  -0.9921
5.3149  3.098  721.697  -5.566  -7.737  -9.326  -0.844  -6.226  -9.252  -6.19  2.7544  2.7218  2.9908  -8.22  -9.334  -10.065  -0.2659  -0.8938  -0.9834
5.3149  3.096  987.768  2.856  -2.612  -6.53  12.564  1.061  -6.408  0.703  2.7544  2.7218  2.9908  -8.22  -9.334  -10.065  -0.2659  -0.8938  -0.9834
5.3149  3.091  907.309  0.028  -4.413  -7.62  8.199  -1.418  -7.507  -1.573  2.7544  2.7218  2.9908  -8.22  -9.334  -10.065  -0.2659  -0.8938  -0.9834
5.3149  3.082  798.647  -3.662  -6.645  -8.84  2.33  -4.604  -8.748  -4.597  2.7544  2.7218  2.9908  -8.22  -9.334  -10.065  -0.2659  -0.8938  -0.9834
5.3149  3.066  644.103  -6.79  -8.388  -9.509  -2.997  -7.253  -9.453  -7.219  2.7544  2.7218  2.9908  -8.22  -9.334  -10.065  -0.2659  -0.8938  -0.9834
5.3149  3.043  680.386  -6.269  -8.119  -9.454  -2.061  -6.816  -9.388  -6.781  2.7544  2.7218  2.9908  -8.22  -9.334  -10.065  -0.2659  -0.8938  -0.9834
5.3149  3.01  708.525  -5.674  -7.787  -9.33  -1.04  -6.312  -9.257  -6.277  2.7544  2.7218  2.9908  -8.22  -9.334  -10.065  -0.2659  -0.8938  -0.9834
5.3149  2.966  723.361  -5.253  -7.544  -9.224  -0.335  -5.953  -9.146  -5.92  2.7544  2.7218  2.9908  -8.22  -9.334  -10.065  -0.2659  -0.8938  -0.9834
5.3149  2.91  731.4  -4.955  -7.369  -9.142  0.159  -5.696  -9.06  -5.667  2.7544  2.7218  2.9908  -8.22  -9.334  -10.065  -0.2659  -0.8938  -0.9834
5.315  2.841  736.979  -4.677  -7.204  -9.061  0.616  -5.455  -8.976  -5.432  2.7544  2.7218  2.9908  -8.22  -9.334  -10.065  -0.2659  -0.8938  -0.9834
5.315  2.758  742.771  -4.346  -7.006  -8.961  1.155  -5.169  -8.872  -5.152  2.754  2.7209  2.9897  -8.22  -9.334  -10.065  -0.2653  -0.8937  -0.9831
5.315  2.755  1015.442  5.523  -0.837  -5.323  16.677  3.429  -5.194  2.836  2.754  2.7209  2.9897  -8.22  -9.334  -10.065  -0.2653  -0.8937  -0.9831
5.315  2.748  934.233  2.519  -2.8  -6.6  11.991  0.782  -6.477  0.45  2.754  2.7209  2.9897  -8.22  -9.334  -10.065  -0.2653  -0.8937  -0.9831
5.315  2.733  823.105  -1.594  -5.38  -8.125  5.61  -2.808  -8.017  -2.879  2.754  2.7209  2.9897  -8.22  -9.334  -10.065  -0.2653  -0.8937  -0.9831
5.315  2.708  665.358  -5.979  -7.919  -9.324  -1.607  -6.552  -9.252  -6.522  2.754  2.7209  2.9897  -8.22  -9.334  -10.065  -0.2653  -0.8937  -0.9831
5.315  2.671  704.62  -4.98  -7.351  -9.086  0.074  -5.702  -9.003  -5.676  2.754  2.7209  2.9897  -8.22  -9.334  -10.065  -0.2653  -0.8937  -0.9831
5.315  2.619  734.945  -4.086  -6.835  -8.852  1.558  -4.937  -8.76  -4.927  2.754  2.7209  2.9897  -8.22  -9.334  -10.065  -0.2653  -0.8937  -0.9831
5.315  2.551  752.757  -3.267  -6.347  -8.599  2.883  -4.233  -8.501  -4.242  2.754  2.7209  2.9897  -8.22  -9.334  -10.065  -0.2653  -0.8937  -0.9831
5.315  2.466  764.285  -2.502  -5.884  -8.346  4.104  -3.572  -8.243  -3.606  2.754  2.7209  2.9897  -8.22  -9.334  -10.065  -0.2653  -0.8937  -0.9831
5.3151  2.362  774.203  -1.62  -5.345  -8.042  5.495  -2.808  -7.933  -2.877  2.754  2.7209  2.9897  -8.22  -9.334  -10.065  -0.2653  -0.8937  -0.9831
5.3151  2.241  783.89  -0.488  -4.641  -7.628  7.249  -1.823  -7.514  -1.947  2.754  2.7209  2.9897  -8.22  -9.334  -10.065  -0.2653  -0.8937  -0.9831
