# Combined PARSEC isochrone (>= 0.09 Msun) and Baraffe et al. 2003, A&A, 402, 701's isochrone (M <= 0.08 Msun)
# References for the PARSEC isochrone : 
# Bressan et al. (2012), MNRAS, 427, 127 + Chen et al. (2014, 2015), MNRAS, 444, 2525 + MNRAS, 452, 1068 + Tang et al. (2014), MNRAS, 445, 4287 + Marigo et al. (2017), ApJ, 835, 77 + Pastorelli al. (2019), MNRAS in press
# Note that W146 mag for M <= 0.08 Msun is just given by (J + 0.021)
#       Mini     MPD      Rad   MJ_2M   MH_2M   MK_2M   MZ087   MW146   MF213  MHw JH JKs HKs medianJ medianH medianKs sigmaJ sigmaH sigmaKs maxJ maxH maxKs minJ minH minKs medianJH medianJKs medianHKs sigmaJH sigmaJKs sigmaHKs maxJH maxJKs maxHKs minJH minJKs minHKs counts
0.0030000000  0.0030    0.104  37.358  34.544  54.256  99.000  37.461  99.000  36.491  2.814 -16.898 -19.712 37.358  34.544  54.256  0.300  0.300  0.300  999.000  999.000  999.000 -999.000 -999.000 -999.000 2.814 -16.898 -19.712 0.200 0.200 0.200 10.000 10.000 10.000 -10.000 -10.000 -10.000 0.
0.0040000000  0.0040    0.104  35.127  33.108  51.086  99.000  35.230  99.000  34.557  2.019 -15.959 -17.978 35.127  33.108  51.086  0.300  0.300  0.300  999.000  999.000  999.000 -999.000 -999.000 -999.000 2.019 -15.959 -17.978 0.200 0.200 0.200 10.000 10.000 10.000 -10.000 -10.000 -10.000 0.
0.0050000000  0.0050    0.103  33.228  31.766  48.236  99.000  33.331  99.000  32.842  1.462 -15.008 -16.470 33.228  31.766  48.236  0.300  0.300  0.300  999.000  999.000  999.000 -999.000 -999.000 -999.000 1.462 -15.008 -16.470 0.200 0.200 0.200 10.000 10.000 10.000 -10.000 -10.000 -10.000 0.
0.0060000000  0.0060    0.102  31.448  30.472  45.506  99.000  31.551  99.000  31.205  0.976 -14.058 -15.034 31.448  30.472  45.506  0.300  0.300  0.300  999.000  999.000  999.000 -999.000 -999.000 -999.000 0.976 -14.058 -15.034 0.200 0.200 0.200 10.000 10.000 10.000 -10.000 -10.000 -10.000 0.
0.0070000000  0.0070    0.102  29.815  29.276  42.986  99.000  29.918  99.000  29.689  0.539 -13.171 -13.710 29.815  29.276  42.986  0.300  0.300  0.300  999.000  999.000  999.000 -999.000 -999.000 -999.000 0.539 -13.171 -13.710 0.200 0.200 0.200 10.000 10.000 10.000 -10.000 -10.000 -10.000 0.
0.0080000000  0.0080    0.101  28.310  28.147  40.636  99.000  28.413  99.000  28.274  0.163 -12.326 -12.489 28.310  28.147  40.636  0.300  0.300  0.300  999.000  999.000  999.000 -999.000 -999.000 -999.000 0.163 -12.326 -12.489 0.200 0.200 0.200 10.000 10.000 10.000 -10.000 -10.000 -10.000 0.
0.0090000000  0.0090    0.100  26.971  27.124  38.526  99.000  27.074  99.000  27.003  -0.153 -11.555 -11.402 26.971  27.124  38.526  0.300  0.300  0.300  999.000  999.000  999.000 -999.000 -999.000 -999.000 -0.153 -11.555 -11.402 0.200 0.200 0.200 10.000 10.000 10.000 -10.000 -10.000 -10.000 0.
0.0100000000  0.0100    0.099  25.729  26.180  36.566  99.000  25.832  99.000  25.820  -0.451 -10.837 -10.386 25.729  26.180  36.566  0.300  0.300  0.300  999.000  999.000  999.000 -999.000 -999.000 -999.000 -0.451 -10.837 -10.386 0.200 0.200 0.200 10.000 10.000 10.000 -10.000 -10.000 -10.000 0.
0.0120000000  0.0120    0.098  23.498  24.425  33.036  99.000  23.601  99.000  23.671  -0.927 -9.538 -8.611 23.498  24.425  33.036  0.300  0.300  0.300  999.000  999.000  999.000 -999.000 -999.000 -999.000 -0.927 -9.538 -8.611 0.200 0.200 0.200 10.000 10.000 10.000 -10.000 -10.000 -10.000 0.
0.0150000000  0.0150    0.096  22.228  23.149  30.436  99.000  22.331  99.000  22.401  -0.921 -8.208 -7.287 22.228  23.149  30.436  0.300  0.300  0.300  999.000  999.000  999.000 -999.000 -999.000 -999.000 -0.921 -8.208 -7.287 0.200 0.200 0.200 10.000 10.000 10.000 -10.000 -10.000 -10.000 0.
0.0200000000  0.0200    0.093  20.922  21.596  26.996  99.000  21.025  99.000  21.054  -0.674 -6.074 -5.400 20.922  21.596  26.996  0.300  0.300  0.300  999.000  999.000  999.000 -999.000 -999.000 -999.000 -0.674 -6.074 -5.400 0.200 0.200 0.200 10.000 10.000 10.000 -10.000 -10.000 -10.000 0.
0.0300000000  0.0300    0.088  19.522  19.608  22.566  99.000  19.625  99.000  19.540  -0.086 -3.044 -2.958 19.522  19.608  22.566  0.300  0.300  0.300  999.000  999.000  999.000 -999.000 -999.000 -999.000 -0.086 -3.044 -2.958 0.200 0.200 0.200 10.000 10.000 10.000 -10.000 -10.000 -10.000 0.
0.0400000000  0.0400    0.083  18.200  18.291  19.966  99.000  18.303  99.000  18.219  -0.091 -1.766 -1.675 18.200  18.291  19.966  0.300  0.300  0.300  999.000  999.000  999.000 -999.000 -999.000 -999.000 -0.091 -1.766 -1.675 0.200 0.200 0.200 10.000 10.000 10.000 -10.000 -10.000 -10.000 0.
0.0500000000  0.0500    0.079  17.009  17.161  18.046  99.000  17.112  99.000  17.041  -0.152 -1.037 -0.885 17.009  17.161  18.046  0.300  0.300  0.300  999.000  999.000  999.000 -999.000 -999.000 -999.000 -0.152 -1.037 -0.885 0.200 0.200 0.200 10.000 10.000 10.000 -10.000 -10.000 -10.000 0.
0.0600000000  0.0600    0.076  15.974  16.174  16.526  99.000  16.077  99.000  16.016  -0.200 -0.552 -0.352 15.974  16.174  16.526  0.300  0.300  0.300  999.000  999.000  999.000 -999.000 -999.000 -999.000 -0.200 -0.552 -0.352 0.200 0.200 0.200 10.000 10.000 10.000 -10.000 -10.000 -10.000 0.
0.0700000000  0.0700    0.078  14.334  14.436  14.336  99.000  14.437  99.000  14.356  -0.102 -0.002 0.100 14.334  14.436  14.336  0.300  0.300  0.300  999.000  999.000  999.000 -999.000 -999.000 -999.000 -0.102 -0.002 0.100 0.200 0.200 0.200 10.000 10.000 10.000 -10.000 -10.000 -10.000 0.
0.0720000000  0.0720    0.081  13.407  13.415  13.336  99.000  13.510  99.000  13.409  -0.008 0.071 0.079 13.407  13.415  13.336  0.300  0.300  0.300  999.000  999.000  999.000 -999.000 -999.000 -999.000 -0.008 0.071 0.079 0.200 0.200 0.200 10.000 10.000 10.000 -10.000 -10.000 -10.000 0.
0.0750000000  0.0750    0.089  12.217  11.958  11.786  99.000  12.320  99.000  12.159  0.259 0.431 0.172 12.217  11.958  11.786  0.300  0.300  0.300  999.000  999.000  999.000 -999.000 -999.000 -999.000 0.259 0.431 0.172 0.200 0.200 0.200 10.000 10.000 10.000 -10.000 -10.000 -10.000 0.
0.0800000000  0.0800    0.099  11.427  11.070  10.796  99.000  11.530  99.000  11.345  0.357 0.631 0.274 11.427  11.070  10.796  0.300  0.300  0.300  999.000  999.000  999.000 -999.000 -999.000 -999.000 0.357 0.631 0.274 0.200 0.200 0.200 10.000 10.000 10.000 -10.000 -10.000 -10.000 0.
# logAge=  10.07918  is picked from isochrones/CMD-3.6-thick2_2MASS.dat and isochrones/CMD-3.6-thick2_Roman.dat
0.0900000036  0.0900    0.107  10.774  10.395  10.226  12.184  10.877  10.284  10.687  0.379 0.548 0.169 10.774  10.395  10.226  0.300  0.300  0.300  999.000  999.000  999.000 -999.000 -999.000 -999.000 0.379 0.548 0.169 0.200 0.200 0.200 10.000 10.000 10.000 -10.000 -10.000 -10.000 0.
0.0923040137  0.0920    0.110  10.663  10.265  10.091  12.030  10.750  10.149  10.571  0.398 0.572 0.174 10.663  10.265  10.091  0.300  0.300  0.300  999.000  999.000  999.000 -999.000 -999.000 -999.000 0.398 0.572 0.174 0.200 0.200 0.200 10.000 10.000 10.000 -10.000 -10.000 -10.000 0.
0.0994709730  0.0990    0.119  10.338   9.888   9.701  11.581  10.379   9.756  10.234  0.450 0.637 0.187 10.338  9.888  9.701  0.300  0.300  0.300  999.000  999.000  999.000 -999.000 -999.000 -999.000 0.450 0.637 0.187 0.200 0.200 0.200 10.000 10.000 10.000 -10.000 -10.000 -10.000 0.
0.1037442386  0.1040    0.124  10.202   9.737   9.544  11.405  10.228   9.598  10.094  0.465 0.658 0.193 10.202  9.737  9.544  0.300  0.300  0.300  999.000  999.000  999.000 -999.000 -999.000 -999.000 0.465 0.658 0.193 0.200 0.200 0.200 10.000 10.000 10.000 -10.000 -10.000 -10.000 0.
0.1184129193  0.1180    0.140   9.774   9.270   9.065  10.862   9.759   9.114  9.656  0.504 0.709 0.205 9.774  9.270  9.065  0.300  0.300  0.300  999.000  999.000  999.000 -999.000 -999.000 -999.000 0.504 0.709 0.205 0.200 0.200 0.200 10.000 10.000 10.000 -10.000 -10.000 -10.000 0.
0.1373548657  0.1370    0.158   9.374   8.849   8.641  10.386   9.335   8.684  9.251  0.525 0.733 0.208 9.374  8.849  8.641  0.300  0.300  0.300  999.000  999.000  999.000 -999.000 -999.000 -999.000 0.525 0.733 0.208 0.200 0.200 0.200 10.000 10.000 10.000 -10.000 -10.000 -10.000 0.
0.1562968045  0.1560    0.176   9.060   8.525   8.316  10.028   9.007   8.356  8.935  0.535 0.744 0.209 9.060  8.525  8.316  0.300  0.300  0.300  999.000  999.000  999.000 -999.000 -999.000 -999.000 0.535 0.744 0.209 0.200 0.200 0.200 10.000 10.000 10.000 -10.000 -10.000 -10.000 0.
0.1941807121  0.1940    0.210   8.566   8.021   7.812   9.484   8.498   7.848  8.438  0.545 0.754 0.209 8.566  8.021  7.812  0.300  0.300  0.300  999.000  999.000  999.000 -999.000 -999.000 -999.000 0.545 0.754 0.209 0.200 0.200 0.200 10.000 10.000 10.000 -10.000 -10.000 -10.000 0.
0.2415355742  0.2410    0.250   8.091   7.538   7.330   8.972   8.012   7.362  7.961  0.553 0.761 0.208 8.091  7.538  7.330  0.300  0.300  0.300  999.000  999.000  999.000 -999.000 -999.000 -999.000 0.553 0.761 0.208 0.200 0.200 0.200 10.000 10.000 10.000 -10.000 -10.000 -10.000 0.
0.2888904214  0.2880    0.289   7.720   7.160   6.952   8.576   7.633   6.982  7.588  0.560 0.768 0.208 7.720  7.160  6.952  0.300  0.300  0.300  999.000  999.000  999.000 -999.000 -999.000 -999.000 0.560 0.768 0.208 0.200 0.200 0.200 10.000 10.000 10.000 -10.000 -10.000 -10.000 0.
0.3362452984  0.3350    0.326   7.408   6.842   6.635   8.244   7.313   6.662  7.275  0.566 0.773 0.207 7.408  6.842  6.635  0.300  0.300  0.300  999.000  999.000  999.000 -999.000 -999.000 -999.000 0.566 0.773 0.207 0.200 0.200 0.200 10.000 10.000 10.000 -10.000 -10.000 -10.000 0.
0.3836001456  0.3830    0.366   7.084   6.512   6.307   7.896   6.982   6.330  6.949  0.572 0.777 0.205 7.084  6.512  6.307  0.300  0.300  0.300  999.000  999.000  999.000 -999.000 -999.000 -999.000 0.572 0.777 0.205 0.200 0.200 0.200 10.000 10.000 10.000 -10.000 -10.000 -10.000 0.
0.4309550524  0.4300    0.413   6.727   6.145   5.947   7.507   6.614   5.966  6.590  0.582 0.780 0.198 6.727  6.145  5.947  0.300  0.300  0.300  999.000  999.000  999.000 -999.000 -999.000 -999.000 0.582 0.780 0.198 0.200 0.200 0.200 10.000 10.000 10.000 -10.000 -10.000 -10.000 0.
0.4783098698  0.4770    0.463   6.335   5.735   5.562   7.073   6.209   5.576  6.193  0.600 0.773 0.173 6.335  5.735  5.562  0.300  0.300  0.300  999.000  999.000  999.000 -999.000 -999.000 -999.000 0.600 0.773 0.173 0.200 0.200 0.200 10.000 10.000 10.000 -10.000 -10.000 -10.000 0.
0.5256648064  0.5250    0.513   5.905   5.292   5.161   6.596   5.770   5.169  5.760  0.613 0.744 0.131 5.905  5.292  5.161  0.300  0.300  0.300  999.000  999.000  999.000 -999.000 -999.000 -999.000 0.613 0.744 0.131 0.200 0.200 0.200 10.000 10.000 10.000 -10.000 -10.000 -10.000 0.
0.5581499934  0.5570    0.545   5.614   5.032   4.925   6.258   5.491   4.932  5.477  0.582 0.689 0.107 5.614  5.032  4.925  0.300  0.300  0.300  999.000  999.000  999.000 -999.000 -999.000 -999.000 0.582 0.689 0.107 0.200 0.200 0.200 10.000 10.000 10.000 -10.000 -10.000 -10.000 0.
0.5730196238  0.5720    0.561   5.488   4.925   4.826   6.111   5.372   4.832  5.356  0.563 0.662 0.099 5.488  4.925  4.826  0.300  0.300  0.300  999.000  999.000  999.000 -999.000 -999.000 -999.000 0.563 0.662 0.099 0.200 0.200 0.200 10.000 10.000 10.000 -10.000 -10.000 -10.000 0.
0.6203744411  0.6200    0.610   5.109   4.636   4.554   5.649   5.025   4.559  4.999  0.473 0.555 0.082 5.109  4.636  4.554  0.300  0.300  0.300  999.000  999.000  999.000 -999.000 -999.000 -999.000 0.473 0.555 0.082 0.200 0.200 0.200 10.000 10.000 10.000 -10.000 -10.000 -10.000 0.
0.6268085241  0.6260    0.616   5.058   4.597   4.517   5.587   4.978   4.521  4.951  0.461 0.541 0.080 5.058  4.597  4.517  0.300  0.300  0.300  999.000  999.000  999.000 -999.000 -999.000 -999.000 0.461 0.541 0.080 0.200 0.200 0.200 10.000 10.000 10.000 -10.000 -10.000 -10.000 0.
0.6422417760  0.6420    0.634   4.937   4.503   4.427   5.440   4.865   4.431  4.837  0.434 0.510 0.076 4.937  4.503  4.427  0.300  0.300  0.300  999.000  999.000  999.000 -999.000 -999.000 -999.000 0.434 0.510 0.076 0.200 0.200 0.200 10.000 10.000 10.000 -10.000 -10.000 -10.000 0.
0.6572073102  0.6570    0.652   4.819   4.410   4.339   5.300   4.756   4.342  4.725  0.409 0.480 0.071 4.819  4.410  4.339  0.300  0.300  0.300  999.000  999.000  999.000 -999.000 -999.000 -999.000 0.409 0.480 0.071 0.200 0.200 0.200 10.000 10.000 10.000 -10.000 -10.000 -10.000 0.
0.6677293777  0.6670    0.666   4.736   4.343   4.274   5.201   4.678   4.278  4.646  0.393 0.462 0.069 4.736  4.343  4.274  0.300  0.300  0.300  999.000  999.000  999.000 -999.000 -999.000 -999.000 0.393 0.462 0.069 0.200 0.200 0.200 10.000 10.000 10.000 -10.000 -10.000 -10.000 0.
0.6714178920  0.6710    0.670   4.706   4.319   4.251   5.166   4.650   4.255  4.617  0.387 0.455 0.068 4.706  4.319  4.251  0.300  0.300  0.300  999.000  999.000  999.000 -999.000 -999.000 -999.000 0.387 0.455 0.068 0.200 0.200 0.200 10.000 10.000 10.000 -10.000 -10.000 -10.000 0.
0.6857892871  0.6850    0.692   4.590   4.222   4.157   5.030   4.539   4.161  4.506  0.368 0.433 0.065 4.590  4.222  4.157  0.300  0.300  0.300  999.000  999.000  999.000 -999.000 -999.000 -999.000 0.368 0.433 0.065 0.200 0.200 0.200 10.000 10.000 10.000 -10.000 -10.000 -10.000 0.
0.6986593604  0.6980    0.714   4.484   4.130   4.070   4.909   4.437   4.073  4.403  0.354 0.414 0.060 4.484  4.130  4.070  0.300  0.300  0.300  999.000  999.000  999.000 -999.000 -999.000 -999.000 0.354 0.414 0.060 0.200 0.200 0.200 10.000 10.000 10.000 -10.000 -10.000 -10.000 0.
0.7108542323  0.7100    0.736   4.381   4.040   3.983   4.794   4.338   3.986  4.303  0.341 0.398 0.057 4.381  4.040  3.983  0.300  0.300  0.300  999.000  999.000  999.000 -999.000 -999.000 -999.000 0.341 0.398 0.057 0.200 0.200 0.200 10.000 10.000 10.000 -10.000 -10.000 -10.000 0.
0.7161926627  0.7150    0.747   4.334   3.999   3.944   4.742   4.294   3.947  4.258  0.335 0.390 0.055 4.334  3.999  3.944  0.300  0.300  0.300  999.000  999.000  999.000 -999.000 -999.000 -999.000 0.335 0.390 0.055 0.200 0.200 0.200 10.000 10.000 10.000 -10.000 -10.000 -10.000 0.
0.7219653726  0.7210    0.759   4.283   3.953   3.900   4.685   4.244   3.902  4.208  0.330 0.383 0.053 4.283  3.953  3.900  0.300  0.300  0.300  999.000  999.000  999.000 -999.000 -999.000 -999.000 0.330 0.383 0.053 0.200 0.200 0.200 10.000 10.000 10.000 -10.000 -10.000 -10.000 0.
0.7324624658  0.7320    0.784   4.187   3.866   3.816   4.580   4.151   3.819  4.114  0.321 0.371 0.050 4.187  3.866  3.816  0.300  0.300  0.300  999.000  999.000  999.000 -999.000 -999.000 -999.000 0.321 0.371 0.050 0.200 0.200 0.200 10.000 10.000 10.000 -10.000 -10.000 -10.000 0.
0.7426410317  0.7420    0.811   4.090   3.777   3.730   4.474   4.056   3.732  4.019  0.313 0.360 0.047 4.090  3.777  3.730  0.300  0.300  0.300  999.000  999.000  999.000 -999.000 -999.000 -999.000 0.313 0.360 0.047 0.200 0.200 0.200 10.000 10.000 10.000 -10.000 -10.000 -10.000 0.
0.7517977953  0.7510    0.838   3.999   3.693   3.648   4.376   3.967   3.650  3.930  0.306 0.351 0.045 3.999  3.693  3.648  0.300  0.300  0.300  999.000  999.000  999.000 -999.000 -999.000 -999.000 0.306 0.351 0.045 0.200 0.200 0.200 10.000 10.000 10.000 -10.000 -10.000 -10.000 0.
0.7607088685  0.7600    0.866   3.906   3.607   3.564   4.276   3.876   3.566  3.838  0.299 0.342 0.043 3.906  3.607  3.564  0.300  0.300  0.300  999.000  999.000  999.000 -999.000 -999.000 -999.000 0.299 0.342 0.043 0.200 0.200 0.200 10.000 10.000 10.000 -10.000 -10.000 -10.000 0.
0.7646559477  0.7640    0.882   3.863   3.566   3.524   4.230   3.833   3.526  3.796  0.297 0.339 0.042 3.863  3.566  3.524  0.300  0.300  0.300  999.000  999.000  999.000 -999.000 -999.000 -999.000 0.297 0.339 0.042 0.200 0.200 0.200 10.000 10.000 10.000 -10.000 -10.000 -10.000 0.
0.7693896890  0.7680    0.900   3.809   3.516   3.474   4.174   3.780   3.476  3.743  0.293 0.335 0.042 3.809  3.516  3.474  0.300  0.300  0.300  999.000  999.000  999.000 -999.000 -999.000 -999.000 0.293 0.335 0.042 0.200 0.200 0.200 10.000 10.000 10.000 -10.000 -10.000 -10.000 0.
0.7790279984  0.7780    0.942   3.693   3.405   3.365   4.051   3.665   3.367  3.628  0.288 0.328 0.040 3.693  3.405  3.365  0.300  0.300  0.300  999.000  999.000  999.000 -999.000 -999.000 -999.000 0.288 0.328 0.040 0.200 0.200 0.200 10.000 10.000 10.000 -10.000 -10.000 -10.000 0.
0.7881004214  0.7870    0.988   3.574   3.292   3.253   3.929   3.549   3.255  3.510  0.282 0.321 0.039 3.574  3.292  3.253  0.300  0.300  0.300  999.000  999.000  999.000 -999.000 -999.000 -999.000 0.282 0.321 0.039 0.200 0.200 0.200 10.000 10.000 10.000 -10.000 -10.000 -10.000 0.
0.7967074513  0.7950    1.040   3.456   3.177   3.140   3.806   3.431   3.142  3.393  0.279 0.316 0.037 3.456  3.177  3.140  0.300  0.300  0.300  999.000  999.000  999.000 -999.000 -999.000 -999.000 0.279 0.316 0.037 0.200 0.200 0.200 10.000 10.000 10.000 -10.000 -10.000 -10.000 0.
0.8049994707  0.8030    1.097   3.332   3.056   3.020   3.680   3.308   3.021  3.270  0.276 0.312 0.036 3.332  3.056  3.020  0.300  0.300  0.300  999.000  999.000  999.000 -999.000 -999.000 -999.000 0.276 0.312 0.036 0.200 0.200 0.200 10.000 10.000 10.000 -10.000 -10.000 -10.000 0.
0.8106004596  0.8090    1.140   3.243   2.969   2.932   3.589   3.219   2.934  3.181  0.274 0.311 0.037 3.243  2.969  2.932  0.300  0.300  0.300  999.000  999.000  999.000 -999.000 -999.000 -999.000 0.274 0.311 0.037 0.200 0.200 0.200 10.000 10.000 10.000 -10.000 -10.000 -10.000 0.
0.8131192923  0.8110    1.164   3.198   2.924   2.887   3.544   3.174   2.889  3.136  0.274 0.311 0.037 3.198  2.924  2.887  0.300  0.300  0.300  999.000  999.000  999.000 -999.000 -999.000 -999.000 0.274 0.311 0.037 0.200 0.200 0.200 10.000 10.000 10.000 -10.000 -10.000 -10.000 0.
0.8135626316  0.8120    1.170   3.190   2.916   2.879   3.536   3.166   2.881  3.128  0.274 0.311 0.037 3.190  2.916  2.879  0.300  0.300  0.300  999.000  999.000  999.000 -999.000 -999.000 -999.000 0.274 0.311 0.037 0.200 0.200 0.200 10.000 10.000 10.000 -10.000 -10.000 -10.000 0.
0.8191490769  0.8170    1.232   3.080   2.805   2.768   3.428   3.056   2.770  3.018  0.275 0.312 0.037 3.080  2.805  2.768  0.300  0.300  0.300  999.000  999.000  999.000 -999.000 -999.000 -999.000 0.275 0.312 0.037 0.200 0.200 0.200 10.000 10.000 10.000 -10.000 -10.000 -10.000 0.
0.8254711032  0.8240    1.321   2.939   2.661   2.623   3.291   2.915   2.625  2.876  0.278 0.316 0.038 2.939  2.661  2.623  0.300  0.300  0.300  999.000  999.000  999.000 -999.000 -999.000 -999.000 0.278 0.316 0.038 0.200 0.200 0.200 10.000 10.000 10.000 -10.000 -10.000 -10.000 0.
0.8276907206  0.8260    1.356   2.886   2.606   2.568   3.240   2.861   2.570  2.823  0.280 0.318 0.038 2.886  2.606  2.568  0.300  0.300  0.300  999.000  999.000  999.000 -999.000 -999.000 -999.000 0.280 0.318 0.038 0.200 0.200 0.200 10.000 10.000 10.000 -10.000 -10.000 -10.000 0.
0.8313400745  0.8290    1.435   2.782   2.495   2.455   3.142   2.755   2.457  2.717  0.287 0.327 0.040 2.782  2.495  2.455  0.300  0.300  0.300  999.000  999.000  999.000 -999.000 -999.000 -999.000 0.287 0.327 0.040 0.200 0.200 0.200 10.000 10.000 10.000 -10.000 -10.000 -10.000 0.
0.8352041841  0.8330    1.548   2.651   2.353   2.310   3.023   2.621   2.312  2.583  0.298 0.341 0.043 2.651  2.353  2.310  0.300  0.300  0.300  999.000  999.000  999.000 -999.000 -999.000 -999.000 0.298 0.341 0.043 0.200 0.200 0.200 10.000 10.000 10.000 -10.000 -10.000 -10.000 0.
0.8381792903  0.8360    1.673   2.529   2.213   2.166   2.918   2.494   2.169  2.457  0.316 0.363 0.047 2.529  2.213  2.166  0.300  0.300  0.300  999.000  999.000  999.000 -999.000 -999.000 -999.000 0.316 0.363 0.047 0.200 0.200 0.200 10.000 10.000 10.000 -10.000 -10.000 -10.000 0.
0.8399954438  0.8380    1.782   2.441   2.107   2.055   2.848   2.401   2.057  2.365  0.334 0.386 0.052 2.441  2.107  2.055  0.300  0.300  0.300  999.000  999.000  999.000 -999.000 -999.000 -999.000 0.334 0.386 0.052 0.200 0.200 0.200 10.000 10.000 10.000 -10.000 -10.000 -10.000 0.
0.8414925933  0.8390    1.905   2.352   1.997   1.939   2.780   2.305   1.942  2.271  0.355 0.413 0.058 2.352  1.997  1.939  0.300  0.300  0.300  999.000  999.000  999.000 -999.000 -999.000 -999.000 0.355 0.413 0.058 0.200 0.200 0.200 10.000 10.000 10.000 -10.000 -10.000 -10.000 0.
0.8426699042  0.8400    2.039   2.255   1.880   1.819   2.702   2.203   1.822  2.169  0.375 0.436 0.061 2.255  1.880  1.819  0.300  0.300  0.300  999.000  999.000  999.000 -999.000 -999.000 -999.000 0.375 0.436 0.061 0.200 0.200 0.200 10.000 10.000 10.000 -10.000 -10.000 -10.000 0.
0.8436914682  0.8410    2.186   2.142   1.750   1.686   2.605   2.084   1.689  2.052  0.392 0.456 0.064 2.142  1.750  1.686  0.300  0.300  0.300  999.000  999.000  999.000 -999.000 -999.000 -999.000 0.392 0.456 0.064 0.200 0.200 0.200 10.000 10.000 10.000 -10.000 -10.000 -10.000 0.
0.8446381688  0.8420    2.354   2.011   1.607   1.541   2.486   1.950   1.544  1.918  0.404 0.470 0.066 2.011  1.607  1.541  0.300  0.300  0.300  999.000  999.000  999.000 -999.000 -999.000 -999.000 0.404 0.470 0.066 0.200 0.200 0.200 10.000 10.000 10.000 -10.000 -10.000 -10.000 0.
0.8447734118  0.8420    2.380   1.991   1.585   1.519   2.468   1.929   1.522  1.898  0.406 0.472 0.066 1.991  1.585  1.519  0.300  0.300  0.300  999.000  999.000  999.000 -999.000 -999.000 -999.000 0.406 0.472 0.066 0.200 0.200 0.200 10.000 10.000 10.000 -10.000 -10.000 -10.000 0.
0.8455643058  0.8430    2.546   1.861   1.446   1.379   2.345   1.796   1.382  1.765  0.415 0.482 0.067 1.861  1.446  1.379  0.300  0.300  0.300  999.000  999.000  999.000 -999.000 -999.000 -999.000 0.415 0.482 0.067 0.200 0.200 0.200 10.000 10.000 10.000 -10.000 -10.000 -10.000 0.
0.8462118506  0.8440    2.704   1.745   1.324   1.256   2.235   1.678   1.260  1.648  0.421 0.489 0.068 1.745  1.324  1.256  0.300  0.300  0.300  999.000  999.000  999.000 -999.000 -999.000 -999.000 0.421 0.489 0.068 0.200 0.200 0.200 10.000 10.000 10.000 -10.000 -10.000 -10.000 0.
0.8469215631  0.8440    2.894   1.607   1.181   1.112   2.102   1.539   1.116  1.509  0.426 0.495 0.069 1.607  1.181  1.112  0.300  0.300  0.300  999.000  999.000  999.000 -999.000 -999.000 -999.000 0.426 0.495 0.069 0.200 0.200 0.200 10.000 10.000 10.000 -10.000 -10.000 -10.000 0.
0.8474414945  0.8450    3.057   1.499   1.069   1.000   1.998   1.429   1.003  1.400  0.430 0.499 0.069 1.499  1.069  1.000  0.300  0.300  0.300  999.000  999.000  999.000 -999.000 -999.000 -999.000 0.430 0.499 0.069 0.200 0.200 0.200 10.000 10.000 10.000 -10.000 -10.000 -10.000 0.
0.8480650187  0.8450    3.275   1.359   0.924   0.855   1.862   1.288   0.858  1.258  0.435 0.504 0.069 1.359  0.924  0.855  0.300  0.300  0.300  999.000  999.000  999.000 -999.000 -999.000 -999.000 0.435 0.504 0.069 0.200 0.200 0.200 10.000 10.000 10.000 -10.000 -10.000 -10.000 0.
0.8485280275  0.8460    3.461   1.246   0.807   0.737   1.752   1.173   0.740  1.144  0.439 0.509 0.070 1.246  0.807  0.737  0.300  0.300  0.300  999.000  999.000  999.000 -999.000 -999.000 -999.000 0.439 0.509 0.070 0.200 0.200 0.200 10.000 10.000 10.000 -10.000 -10.000 -10.000 0.
0.8489332795  0.8460    3.648   1.139   0.697   0.627   1.649   1.066   0.630  1.037  0.442 0.512 0.070 1.139  0.697  0.627  0.300  0.300  0.300  999.000  999.000  999.000 -999.000 -999.000 -999.000 0.442 0.512 0.070 0.200 0.200 0.200 10.000 10.000 10.000 -10.000 -10.000 -10.000 0.
0.8493154645  0.8460    3.846   1.032   0.587   0.516   1.546   0.957   0.519  0.929  0.445 0.516 0.071 1.032  0.587  0.516  0.300  0.300  0.300  999.000  999.000  999.000 -999.000 -999.000 -999.000 0.445 0.516 0.071 0.200 0.200 0.200 10.000 10.000 10.000 -10.000 -10.000 -10.000 0.
0.8496800065  0.8470    4.060   0.922   0.473   0.401   1.439   0.846   0.405  0.818  0.449 0.521 0.072 0.922  0.473  0.401  0.300  0.300  0.300  999.000  999.000  999.000 -999.000 -999.000 -999.000 0.449 0.521 0.072 0.200 0.200 0.200 10.000 10.000 10.000 -10.000 -10.000 -10.000 0.
0.8500007987  0.8470    4.277   0.817   0.363   0.292   1.337   0.739   0.295  0.712  0.454 0.525 0.071 0.817  0.363  0.292  0.300  0.300  0.300  999.000  999.000  999.000 -999.000 -999.000 -999.000 0.454 0.525 0.071 0.200 0.200 0.200 10.000 10.000 10.000 -10.000 -10.000 -10.000 0.
0.8503059149  0.8470    4.513   0.709   0.251   0.180   1.233   0.630   0.183  0.603  0.458 0.529 0.071 0.709  0.251  0.180  0.300  0.300  0.300  999.000  999.000  999.000 -999.000 -999.000 -999.000 0.458 0.529 0.071 0.200 0.200 0.200 10.000 10.000 10.000 -10.000 -10.000 -10.000 0.
0.8506501913  0.8470    4.818   0.577   0.114   0.041   1.106   0.496   0.045  0.470  0.463 0.536 0.073 0.577  0.114  0.041  0.300  0.300  0.300  999.000  999.000  999.000 -999.000 -999.000 -999.000 0.463 0.536 0.073 0.200 0.200 0.200 10.000 10.000 10.000 -10.000 -10.000 -10.000 0.
0.8509075046  0.8480    5.086   0.468   0.001  -0.072   1.002   0.386  -0.069  0.360  0.467 0.540 0.073 0.468  0.001  -0.072  0.300  0.300  0.300  999.000  999.000  999.000 -999.000 -999.000 -999.000 0.467 0.540 0.073 0.200 0.200 0.200 10.000 10.000 10.000 -10.000 -10.000 -10.000 0.
0.8512050509  0.8480    5.447   0.332  -0.142  -0.216   0.870   0.247  -0.213  0.222  0.474 0.548 0.074 0.332  -0.142  -0.216  0.300  0.300  0.300  999.000  999.000  999.000 -999.000 -999.000 -999.000 0.474 0.548 0.074 0.200 0.200 0.200 10.000 10.000 10.000 -10.000 -10.000 -10.000 0.
0.8514671922  0.8480    5.823   0.199  -0.281  -0.356   0.744   0.112  -0.352  0.087  0.480 0.555 0.075 0.199  -0.281  -0.356  0.300  0.300  0.300  999.000  999.000  999.000 -999.000 -999.000 -999.000 0.480 0.555 0.075 0.200 0.200 0.200 10.000 10.000 10.000 -10.000 -10.000 -10.000 0.
0.8516983986  0.8480    6.211   0.070  -0.416  -0.492   0.621  -0.018  -0.488  -0.043  0.486 0.562 0.076 0.070  -0.416  -0.492  0.300  0.300  0.300  999.000  999.000  999.000 -999.000 -999.000 -999.000 0.486 0.562 0.076 0.200 0.200 0.200 10.000 10.000 10.000 -10.000 -10.000 -10.000 0.
0.8519111276  0.8480    6.632  -0.059  -0.553  -0.629   0.498  -0.150  -0.625  -0.174  0.494 0.570 0.076 -0.059  -0.553  -0.629  0.300  0.300  0.300  999.000  999.000  999.000 -999.000 -999.000 -999.000 0.494 0.570 0.076 0.200 0.200 0.200 10.000 10.000 10.000 -10.000 -10.000 -10.000 0.
0.8520915508  0.8480    7.053  -0.179  -0.680  -0.757   0.384  -0.273  -0.753  -0.296  0.501 0.578 0.077 -0.179  -0.680  -0.757  0.300  0.300  0.300  999.000  999.000  999.000 -999.000 -999.000 -999.000 0.501 0.578 0.077 0.200 0.200 0.200 10.000 10.000 10.000 -10.000 -10.000 -10.000 0.
0.8522591591  0.8480    7.496  -0.300  -0.808  -0.886   0.269  -0.396  -0.882  -0.419  0.508 0.586 0.078 -0.300  -0.808  -0.886  0.300  0.300  0.300  999.000  999.000  999.000 -999.000 -999.000 -999.000 0.508 0.586 0.078 0.200 0.200 0.200 10.000 10.000 10.000 -10.000 -10.000 -10.000 0.
0.8524119854  0.8480    7.972  -0.420  -0.936  -1.014   0.155  -0.519  -1.010  -0.541  0.516 0.594 0.078 -0.420  -0.936  -1.014  0.300  0.300  0.300  999.000  999.000  999.000 -999.000 -999.000 -999.000 0.516 0.594 0.078 0.200 0.200 0.200 10.000 10.000 10.000 -10.000 -10.000 -10.000 0.
0.8525481224  0.8480    8.467  -0.536  -1.059  -1.137   0.046  -0.637  -1.134  -0.658  0.523 0.601 0.078 -0.536  -1.059  -1.137  0.300  0.300  0.300  999.000  999.000  999.000 -999.000 -999.000 -999.000 0.523 0.601 0.078 0.200 0.200 0.200 10.000 10.000 10.000 -10.000 -10.000 -10.000 0.
0.8526723385  0.8480    8.973  -0.650  -1.180  -1.260  -0.062  -0.754  -1.257  -0.774  0.530 0.610 0.080 -0.650  -1.180  -1.260  0.300  0.300  0.300  999.000  999.000  999.000 -999.000 -999.000 -999.000 0.530 0.610 0.080 0.200 0.200 0.200 10.000 10.000 10.000 -10.000 -10.000 -10.000 0.
0.8527824879  0.8480    9.499  -0.759  -1.296  -1.377  -0.164  -0.865  -1.373  -0.885  0.537 0.618 0.081 -0.759  -1.296  -1.377  0.300  0.300  0.300  999.000  999.000  999.000 -999.000 -999.000 -999.000 0.537 0.618 0.081 0.200 0.200 0.200 10.000 10.000 10.000 -10.000 -10.000 -10.000 0.
0.8528835773  0.8480   10.027  -0.864  -1.408  -1.490  -0.263  -0.973  -1.486  -0.992  0.544 0.626 0.082 -0.864  -1.408  -1.490  0.300  0.300  0.300  999.000  999.000  999.000 -999.000 -999.000 -999.000 0.544 0.626 0.082 0.200 0.200 0.200 10.000 10.000 10.000 -10.000 -10.000 -10.000 0.
0.8529806137  0.8480   10.577  -0.968  -1.519  -1.602  -0.361  -1.080  -1.599  -1.097  0.551 0.634 0.083 -0.968  -1.519  -1.602  0.300  0.300  0.300  999.000  999.000  999.000 -999.000 -999.000 -999.000 0.551 0.634 0.083 0.200 0.200 0.200 10.000 10.000 10.000 -10.000 -10.000 -10.000 0.
0.8530786037  0.8480   11.091  -1.059  -1.616  -1.700  -0.447  -1.173  -1.696  -1.190  0.557 0.641 0.084 -1.059  -1.616  -1.700  0.300  0.300  0.300  999.000  999.000  999.000 -999.000 -999.000 -999.000 0.557 0.641 0.084 0.200 0.200 0.200 10.000 10.000 10.000 -10.000 -10.000 -10.000 0.
0.8531879783  0.8470   11.496  -1.129  -1.690  -1.774  -0.513  -1.244  -1.771  -1.261  0.561 0.645 0.084 -1.129  -1.690  -1.774  0.300  0.300  0.300  999.000  999.000  999.000 -999.000 -999.000 -999.000 0.561 0.645 0.084 0.200 0.200 0.200 10.000 10.000 10.000 -10.000 -10.000 -10.000 0.
0.8532330394  0.8470   11.323  -1.102  -1.660  -1.744  -0.488  -1.216  -1.741  -1.233  0.558 0.642 0.084 -1.102  -1.660  -1.744  0.300  0.300  0.300  999.000  999.000  999.000 -999.000 -999.000 -999.000 0.558 0.642 0.084 0.200 0.200 0.200 10.000 10.000 10.000 -10.000 -10.000 -10.000 0.
0.8533096910  0.8470   10.906  -1.031  -1.584  -1.666  -0.423  -1.143  -1.663  -1.161  0.553 0.635 0.082 -1.031  -1.584  -1.666  0.300  0.300  0.300  999.000  999.000  999.000 -999.000 -999.000 -999.000 0.553 0.635 0.082 0.200 0.200 0.200 10.000 10.000 10.000 -10.000 -10.000 -10.000 0.
0.8533228040  0.8470   11.014  -1.050  -1.603  -1.686  -0.440  -1.162  -1.683  -1.180  0.553 0.636 0.083 -1.050  -1.603  -1.686  0.300  0.300  0.300  999.000  999.000  999.000 -999.000 -999.000 -999.000 0.553 0.636 0.083 0.200 0.200 0.200 10.000 10.000 10.000 -10.000 -10.000 -10.000 0.
0.8534026146  0.8470   11.688  -1.165  -1.726  -1.810  -0.548  -1.280  -1.807  -1.297  0.561 0.645 0.084 -1.165  -1.726  -1.810  0.300  0.300  0.300  999.000  999.000  999.000 -999.000 -999.000 -999.000 0.561 0.645 0.084 0.200 0.200 0.200 10.000 10.000 10.000 -10.000 -10.000 -10.000 0.
0.8534829021  0.8470   12.452  -1.285  -1.854  -1.939  -0.661  -1.403  -1.936  -1.419  0.569 0.654 0.085 -1.285  -1.854  -1.939  0.300  0.300  0.300  999.000  999.000  999.000 -999.000 -999.000 -999.000 0.569 0.654 0.085 0.200 0.200 0.200 10.000 10.000 10.000 -10.000 -10.000 -10.000 0.
0.8535579443  0.8470   13.257  -1.405  -1.982  -2.069  -0.773  -1.526  -2.066  -1.541  0.577 0.664 0.087 -1.405  -1.982  -2.069  0.300  0.300  0.300  999.000  999.000  999.000 -999.000 -999.000 -999.000 0.577 0.664 0.087 0.200 0.200 0.200 10.000 10.000 10.000 -10.000 -10.000 -10.000 0.
0.8536260724  0.8460   14.114  -1.522  -2.107  -2.195  -0.883  -1.646  -2.192  -1.660  0.585 0.673 0.088 -1.522  -2.107  -2.195  0.300  0.300  0.300  999.000  999.000  999.000 -999.000 -999.000 -999.000 0.585 0.673 0.088 0.200 0.200 0.200 10.000 10.000 10.000 -10.000 -10.000 -10.000 0.
0.8536899090  0.8460   15.016  -1.639  -2.233  -2.322  -0.993  -1.767  -2.319  -1.779  0.594 0.683 0.089 -1.639  -2.233  -2.322  0.300  0.300  0.300  999.000  999.000  999.000 -999.000 -999.000 -999.000 0.594 0.683 0.089 0.200 0.200 0.200 10.000 10.000 10.000 -10.000 -10.000 -10.000 0.
0.8537462354  0.8460   15.950  -1.752  -2.351  -2.442  -1.098  -1.881  -2.439  -1.894  0.599 0.690 0.091 -1.752  -2.351  -2.442  0.300  0.300  0.300  999.000  999.000  999.000 -999.000 -999.000 -999.000 0.599 0.690 0.091 0.200 0.200 0.200 10.000 10.000 10.000 -10.000 -10.000 -10.000 0.
0.8537996411  0.8450   16.942  -1.867  -2.471  -2.564  -1.206  -1.998  -2.561  -2.010  0.604 0.697 0.093 -1.867  -2.471  -2.564  0.300  0.300  0.300  999.000  999.000  999.000 -999.000 -999.000 -999.000 0.604 0.697 0.093 0.200 0.200 0.200 10.000 10.000 10.000 -10.000 -10.000 -10.000 0.
0.8538485765  0.8450   18.003  -1.981  -2.591  -2.686  -1.311  -2.114  -2.682  -2.125  0.610 0.705 0.095 -1.981  -2.591  -2.686  0.300  0.300  0.300  999.000  999.000  999.000 -999.000 -999.000 -999.000 0.610 0.705 0.095 0.200 0.200 0.200 10.000 10.000 10.000 -10.000 -10.000 -10.000 0.
0.8538942933  0.8440   19.141  -2.096  -2.712  -2.809  -1.416  -2.231  -2.806  -2.242  0.616 0.713 0.097 -2.096  -2.712  -2.809  0.300  0.300  0.300  999.000  999.000  999.000 -999.000 -999.000 -999.000 0.616 0.713 0.097 0.200 0.200 0.200 10.000 10.000 10.000 -10.000 -10.000 -10.000 0.
0.8539350033  0.8440   20.293  -2.205  -2.828  -2.928  -1.516  -2.343  -2.925  -2.353  0.623 0.723 0.100 -2.205  -2.828  -2.928  0.300  0.300  0.300  999.000  999.000  999.000 -999.000 -999.000 -999.000 0.623 0.723 0.100 0.200 0.200 0.200 10.000 10.000 10.000 -10.000 -10.000 -10.000 0.
0.8539731503  0.8430   21.540  -2.316  -2.945  -3.048  -1.617  -2.456  -3.044  -2.465  0.629 0.732 0.103 -2.316  -2.945  -3.048  0.300  0.300  0.300  999.000  999.000  999.000 -999.000 -999.000 -999.000 0.629 0.732 0.103 0.200 0.200 0.200 10.000 10.000 10.000 -10.000 -10.000 -10.000 0.
0.8540079594  0.8430   22.848  -2.425  -3.060  -3.165  -1.716  -2.567  -3.162  -2.576  0.635 0.740 0.105 -2.425  -3.060  -3.165  0.300  0.300  0.300  999.000  999.000  999.000 -999.000 -999.000 -999.000 0.635 0.740 0.105 0.200 0.200 0.200 10.000 10.000 10.000 -10.000 -10.000 -10.000 0.
0.8540403843  0.8420   24.236  -2.534  -3.175  -3.284  -1.814  -2.678  -3.280  -2.686  0.641 0.750 0.109 -2.534  -3.175  -3.284  0.300  0.300  0.300  999.000  999.000  999.000 -999.000 -999.000 -999.000 0.641 0.750 0.109 0.200 0.200 0.200 10.000 10.000 10.000 -10.000 -10.000 -10.000 0.
0.8540695906  0.8420   25.666  -2.639  -3.286  -3.398  -1.908  -2.786  -3.395  -2.793  0.647 0.759 0.112 -2.639  -3.286  -3.398  0.300  0.300  0.300  999.000  999.000  999.000 -999.000 -999.000 -999.000 0.647 0.759 0.112 0.200 0.200 0.200 10.000 10.000 10.000 -10.000 -10.000 -10.000 0.
0.8540972471  0.8410   27.224  -2.746  -3.399  -3.515  -2.004  -2.895  -3.512  -2.902  0.653 0.769 0.116 -2.746  -3.399  -3.515  0.300  0.300  0.300  999.000  999.000  999.000 -999.000 -999.000 -999.000 0.653 0.769 0.116 0.200 0.200 0.200 10.000 10.000 10.000 -10.000 -10.000 -10.000 0.
0.8541229367  0.8400   28.877  -2.853  -3.515  -3.634  -2.100  -3.005  -3.631  -3.011  0.662 0.781 0.119 -2.853  -3.515  -3.634  0.300  0.300  0.300  999.000  999.000  999.000 -999.000 -999.000 -999.000 0.662 0.781 0.119 0.200 0.200 0.200 10.000 10.000 10.000 -10.000 -10.000 -10.000 0.
0.8541458845  0.8390   30.560  -2.955  -3.627  -3.749  -2.192  -3.111  -3.745  -3.115  0.672 0.794 0.122 -2.955  -3.627  -3.749  0.300  0.300  0.300  999.000  999.000  999.000 -999.000 -999.000 -999.000 0.672 0.794 0.122 0.200 0.200 0.200 10.000 10.000 10.000 -10.000 -10.000 -10.000 0.
0.8541679978  0.8390   32.393  -3.061  -3.742  -3.866  -2.287  -3.221  -3.863  -3.224  0.681 0.805 0.124 -3.061  -3.742  -3.866  0.300  0.300  0.300  999.000  999.000  999.000 -999.000 -999.000 -999.000 0.681 0.805 0.124 0.200 0.200 0.200 10.000 10.000 10.000 -10.000 -10.000 -10.000 0.
0.8541921377  0.8370   34.694  -3.184  -3.877  -4.005  -2.398  -3.349  -4.002  -3.350  0.693 0.821 0.128 -3.184  -3.877  -4.005  0.300  0.300  0.300  999.000  999.000  999.000 -999.000 -999.000 -999.000 0.693 0.821 0.128 0.200 0.200 0.200 10.000 10.000 10.000 -10.000 -10.000 -10.000 0.
0.8542098999  0.8360   36.674  -3.282  -3.984  -4.116  -2.486  -3.451  -4.112  -3.450  0.702 0.834 0.132 -3.282  -3.984  -4.116  0.300  0.300  0.300  999.000  999.000  999.000 -999.000 -999.000 -999.000 0.702 0.834 0.132 0.200 0.200 0.200 10.000 10.000 10.000 -10.000 -10.000 -10.000 0.
0.8542273641  0.8350   38.829  -3.383  -4.095  -4.230  -2.576  -3.557  -4.227  -3.554  0.712 0.847 0.135 -3.383  -4.095  -4.230  0.300  0.300  0.300  999.000  999.000  999.000 -999.000 -999.000 -999.000 0.712 0.847 0.135 0.200 0.200 0.200 10.000 10.000 10.000 -10.000 -10.000 -10.000 0.
0.8542461395  0.8340   41.472  -3.501  -4.223  -4.363  -2.681  -3.679  -4.359  -3.675  0.722 0.862 0.140 -3.501  -4.223  -4.363  0.300  0.300  0.300  999.000  999.000  999.000 -999.000 -999.000 -999.000 0.722 0.862 0.140 0.200 0.200 0.200 10.000 10.000 10.000 -10.000 -10.000 -10.000 0.
0.8542605042  0.8330   43.768  -3.597  -4.329  -4.472  -2.767  -3.779  -4.468  -3.773  0.732 0.875 0.143 -3.597  -4.329  -4.472  0.300  0.300  0.300  999.000  999.000  999.000 -999.000 -999.000 -999.000 0.732 0.875 0.143 0.200 0.200 0.200 10.000 10.000 10.000 -10.000 -10.000 -10.000 0.
0.8542741537  0.8310   46.233  -3.693  -4.435  -4.582  -2.852  -3.880  -4.578  -3.872  0.742 0.889 0.147 -3.693  -4.435  -4.582  0.300  0.300  0.300  999.000  999.000  999.000 -999.000 -999.000 -999.000 0.742 0.889 0.147 0.200 0.200 0.200 10.000 10.000 10.000 -10.000 -10.000 -10.000 0.
0.8542892933  0.8290   49.346  -3.807  -4.561  -4.712  -2.953  -4.000  -4.709  -3.989  0.754 0.905 0.151 -3.807  -4.561  -4.712  0.300  0.300  0.300  999.000  999.000  999.000 -999.000 -999.000 -999.000 0.754 0.905 0.151 0.200 0.200 0.200 10.000 10.000 10.000 -10.000 -10.000 -10.000 0.
0.8543033600  0.8270   52.645  -3.922  -4.686  -4.842  -3.054  -4.119  -4.838  -4.107  0.764 0.920 0.156 -3.922  -4.686  -4.842  0.300  0.300  0.300  999.000  999.000  999.000 -999.000 -999.000 -999.000 0.764 0.920 0.156 0.200 0.200 0.200 10.000 10.000 10.000 -10.000 -10.000 -10.000 0.
0.8543143272  0.8260   55.521  -4.015  -4.788  -4.949  -3.137  -4.217  -4.945  -4.202  0.773 0.934 0.161 -4.015  -4.788  -4.949  0.300  0.300  0.300  999.000  999.000  999.000 -999.000 -999.000 -999.000 0.773 0.934 0.161 0.200 0.200 0.200 10.000 10.000 10.000 -10.000 -10.000 -10.000 0.
0.8543260694  0.8230   59.028  -4.123  -4.907  -5.073  -3.231  -4.329  -5.068  -4.313  0.784 0.950 0.166 -4.123  -4.907  -5.073  0.300  0.300  0.300  999.000  999.000  999.000 -999.000 -999.000 -999.000 0.784 0.950 0.166 0.200 0.200 0.200 10.000 10.000 10.000 -10.000 -10.000 -10.000 0.
0.8543372750  0.8210   62.857  -4.232  -5.028  -5.198  -3.327  -4.444  -5.194  -4.425  0.796 0.966 0.170 -4.232  -5.028  -5.198  0.300  0.300  0.300  999.000  999.000  999.000 -999.000 -999.000 -999.000 0.796 0.966 0.170 0.200 0.200 0.200 10.000 10.000 10.000 -10.000 -10.000 -10.000 0.
0.8543475270  0.8180   66.874  -4.338  -5.145  -5.321  -3.420  -4.556  -5.316  -4.534  0.807 0.983 0.176 -4.338  -5.145  -5.321  0.300  0.300  0.300  999.000  999.000  999.000 -999.000 -999.000 -999.000 0.807 0.983 0.176 0.200 0.200 0.200 10.000 10.000 10.000 -10.000 -10.000 -10.000 0.
0.8543571830  0.8150   70.983  -4.443  -5.261  -5.442  -3.513  -4.666  -5.437  -4.642  0.818 0.999 0.181 -4.443  -5.261  -5.442  0.300  0.300  0.300  999.000  999.000  999.000 -999.000 -999.000 -999.000 0.818 0.999 0.181 0.200 0.200 0.200 10.000 10.000 10.000 -10.000 -10.000 -10.000 0.
0.8543657660  0.8120   75.258  -4.543  -5.371  -5.558  -3.600  -4.772  -5.554  -4.745  0.828 1.015 0.187 -4.543  -5.371  -5.558  0.300  0.300  0.300  999.000  999.000  999.000 -999.000 -999.000 -999.000 0.828 1.015 0.187 0.200 0.200 0.200 10.000 10.000 10.000 -10.000 -10.000 -10.000 0.
0.8543739915  0.8090   79.828  -4.644  -5.483  -5.675  -3.687  -4.878  -5.671  -4.849  0.839 1.031 0.192 -4.644  -5.483  -5.675  0.300  0.300  0.300  999.000  999.000  999.000 -999.000 -999.000 -999.000 0.839 1.031 0.192 0.200 0.200 0.200 10.000 10.000 10.000 -10.000 -10.000 -10.000 0.
0.8543815017  0.8050   84.500  -4.741  -5.590  -5.788  -3.771  -4.980  -5.783  -4.949  0.849 1.047 0.198 -4.741  -5.590  -5.788  0.300  0.300  0.300  999.000  999.000  999.000 -999.000 -999.000 -999.000 0.849 1.047 0.198 0.200 0.200 0.200 10.000 10.000 10.000 -10.000 -10.000 -10.000 0.
0.8543885946  0.8010   89.486  -4.839  -5.698  -5.901  -3.856  -5.083  -5.896  -5.049  0.859 1.062 0.203 -4.839  -5.698  -5.901  0.300  0.300  0.300  999.000  999.000  999.000 -999.000 -999.000 -999.000 0.859 1.062 0.203 0.200 0.200 0.200 10.000 10.000 10.000 -10.000 -10.000 -10.000 0.
0.8543950319  0.7970   94.505  -4.933  -5.801  -6.009  -3.936  -5.181  -6.004  -5.146  0.868 1.076 0.208 -4.933  -5.801  -6.009  0.300  0.300  0.300  999.000  999.000  999.000 -999.000 -999.000 -999.000 0.868 1.076 0.208 0.200 0.200 0.200 10.000 10.000 10.000 -10.000 -10.000 -10.000 0.
0.8544008732  0.7930   99.576  -5.022  -5.899  -6.113  -4.012  -5.275  -6.108  -5.237  0.877 1.091 0.214 -5.022  -5.899  -6.113  0.300  0.300  0.300  999.000  999.000  999.000 -999.000 -999.000 -999.000 0.877 1.091 0.214 0.200 0.200 0.200 10.000 10.000 10.000 -10.000 -10.000 -10.000 0.
0.8544064164  0.7880  104.871  -5.110  -5.996  -6.215  -4.086  -5.368  -6.210  -5.328  0.886 1.105 0.219 -5.110  -5.996  -6.215  0.300  0.300  0.300  999.000  999.000  999.000 -999.000 -999.000 -999.000 0.886 1.105 0.219 0.200 0.200 0.200 10.000 10.000 10.000 -10.000 -10.000 -10.000 0.
0.8544117212  0.7830  110.371  -5.198  -6.092  -6.316  -4.160  -5.460  -6.311  -5.418  0.894 1.118 0.224 -5.198  -6.092  -6.316  0.300  0.300  0.300  999.000  999.000  999.000 -999.000 -999.000 -999.000 0.894 1.118 0.224 0.200 0.200 0.200 10.000 10.000 10.000 -10.000 -10.000 -10.000 0.
0.8544167280  0.7770  115.866  -5.281  -6.182  -6.412  -4.230  -5.547  -6.406  -5.503  0.901 1.131 0.230 -5.281  -6.182  -6.412  0.300  0.300  0.300  999.000  999.000  999.000 -999.000 -999.000 -999.000 0.901 1.131 0.230 0.200 0.200 0.200 10.000 10.000 10.000 -10.000 -10.000 -10.000 0.
0.8544204235  0.7730  119.938  -5.339  -6.246  -6.479  -4.278  -5.608  -6.474  -5.562  0.907 1.140 0.233 -5.339  -6.246  -6.479  0.300  0.300  0.300  999.000  999.000  999.000 -999.000 -999.000 -999.000 0.907 1.140 0.233 0.200 0.200 0.200 10.000 10.000 10.000 -10.000 -10.000 -10.000 0.
# 0.8544204235  0.7720    8.808  -0.810  -1.244  -1.310  -0.307  -0.881  -1.307
0.8544851542  0.7720    8.992  -0.850  -1.286  -1.352  -0.344  -0.921  -1.350  -0.951  0.436 0.502 0.066 -0.850  -1.286  -1.352  0.300  0.300  0.300  999.000  999.000  999.000 -999.000 -999.000 -999.000 0.436 0.502 0.066 0.200 0.200 0.200 10.000 10.000 10.000 -10.000 -10.000 -10.000 0.
0.8545498252  0.7720    9.027  -0.859  -1.296  -1.362  -0.353  -0.931  -1.359  -0.960  0.437 0.503 0.066 -0.859  -1.296  -1.362  0.300  0.300  0.300  999.000  999.000  999.000 -999.000 -999.000 -999.000 0.437 0.503 0.066 0.200 0.200 0.200 10.000 10.000 10.000 -10.000 -10.000 -10.000 0.
0.8546100855  0.7720    9.044  -0.862  -1.298  -1.364  -0.356  -0.933  -1.362  -0.963  0.436 0.502 0.066 -0.862  -1.298  -1.364  0.300  0.300  0.300  999.000  999.000  999.000 -999.000 -999.000 -999.000 0.436 0.502 0.066 0.200 0.200 0.200 10.000 10.000 10.000 -10.000 -10.000 -10.000 0.
0.8546707034  0.7720    9.027  -0.861  -1.296  -1.362  -0.356  -0.932  -1.359  -0.962  0.435 0.501 0.066 -0.861  -1.296  -1.362  0.300  0.300  0.300  999.000  999.000  999.000 -999.000 -999.000 -999.000 0.435 0.501 0.066 0.200 0.200 0.200 10.000 10.000 10.000 -10.000 -10.000 -10.000 0.
0.8547320962  0.7720    8.996  -0.856  -1.290  -1.356  -0.353  -0.927  -1.353  -0.956  0.434 0.500 0.066 -0.856  -1.290  -1.356  0.300  0.300  0.300  999.000  999.000  999.000 -999.000 -999.000 -999.000 0.434 0.500 0.066 0.200 0.200 0.200 10.000 10.000 10.000 -10.000 -10.000 -10.000 0.
0.8547948003  0.7720    8.947  -0.850  -1.282  -1.347  -0.348  -0.920  -1.345  -0.950  0.432 0.497 0.065 -0.850  -1.282  -1.347  0.300  0.300  0.300  999.000  999.000  999.000 -999.000 -999.000 -999.000 0.432 0.497 0.065 0.200 0.200 0.200 10.000 10.000 10.000 -10.000 -10.000 -10.000 0.
0.8548572063  0.7720    8.907  -0.843  -1.273  -1.338  -0.343  -0.912  -1.335  -0.942  0.430 0.495 0.065 -0.843  -1.273  -1.338  0.300  0.300  0.300  999.000  999.000  999.000 -999.000 -999.000 -999.000 0.430 0.495 0.065 0.200 0.200 0.200 10.000 10.000 10.000 -10.000 -10.000 -10.000 0.
0.8549186587  0.7720    8.858  -0.836  -1.264  -1.329  -0.337  -0.905  -1.326  -0.935  0.428 0.493 0.065 -0.836  -1.264  -1.329  0.300  0.300  0.300  999.000  999.000  999.000 -999.000 -999.000 -999.000 0.428 0.493 0.065 0.200 0.200 0.200 10.000 10.000 10.000 -10.000 -10.000 -10.000 0.
0.8549830914  0.7720    8.810  -0.829  -1.255  -1.320  -0.332  -0.897  -1.317  -0.927  0.426 0.491 0.065 -0.829  -1.255  -1.320  0.300  0.300  0.300  999.000  999.000  999.000 -999.000 -999.000 -999.000 0.426 0.491 0.065 0.200 0.200 0.200 10.000 10.000 10.000 -10.000 -10.000 -10.000 0.
0.8550431132  0.7720    8.775  -0.823  -1.248  -1.312  -0.328  -0.891  -1.309  -0.921  0.425 0.489 0.064 -0.823  -1.248  -1.312  0.300  0.300  0.300  999.000  999.000  999.000 -999.000 -999.000 -999.000 0.425 0.489 0.064 0.200 0.200 0.200 10.000 10.000 10.000 -10.000 -10.000 -10.000 0.
0.8551082015  0.7720    8.741  -0.817  -1.240  -1.305  -0.323  -0.885  -1.302  -0.915  0.423 0.488 0.065 -0.817  -1.240  -1.305  0.300  0.300  0.300  999.000  999.000  999.000 -999.000 -999.000 -999.000 0.423 0.488 0.065 0.200 0.200 0.200 10.000 10.000 10.000 -10.000 -10.000 -10.000 0.
0.8551713824  0.7720    8.711  -0.813  -1.234  -1.299  -0.320  -0.879  -1.296  -0.910  0.421 0.486 0.065 -0.813  -1.234  -1.299  0.300  0.300  0.300  999.000  999.000  999.000 -999.000 -999.000 -999.000 0.421 0.486 0.065 0.200 0.200 0.200 10.000 10.000 10.000 -10.000 -10.000 -10.000 0.
0.8552333713  0.7730    8.681  -0.809  -1.229  -1.293  -0.317  -0.875  -1.290  -0.906  0.420 0.484 0.064 -0.809  -1.229  -1.293  0.300  0.300  0.300  999.000  999.000  999.000 -999.000 -999.000 -999.000 0.420 0.484 0.064 0.200 0.200 0.200 10.000 10.000 10.000 -10.000 -10.000 -10.000 0.
0.8552827239  0.7730    8.659  -0.806  -1.226  -1.290  -0.315  -0.872  -1.287  -0.903  0.420 0.484 0.064 -0.806  -1.226  -1.290  0.300  0.300  0.300  999.000  999.000  999.000 -999.000 -999.000 -999.000 0.420 0.484 0.064 0.200 0.200 0.200 10.000 10.000 10.000 -10.000 -10.000 -10.000 0.
0.8552951217  0.7730    8.655  -0.806  -1.225  -1.289  -0.315  -0.872  -1.286  -0.903  0.419 0.483 0.064 -0.806  -1.225  -1.289  0.300  0.300  0.300  999.000  999.000  999.000 -999.000 -999.000 -999.000 0.419 0.483 0.064 0.200 0.200 0.200 10.000 10.000 10.000 -10.000 -10.000 -10.000 0.
0.8553563356  0.7730    8.643  -0.804  -1.222  -1.286  -0.314  -0.869  -1.283  -0.900  0.418 0.482 0.064 -0.804  -1.222  -1.286  0.300  0.300  0.300  999.000  999.000  999.000 -999.000 -999.000 -999.000 0.418 0.482 0.064 0.200 0.200 0.200 10.000 10.000 10.000 -10.000 -10.000 -10.000 0.
0.8554157019  0.7730    8.631  -0.802  -1.221  -1.284  -0.313  -0.868  -1.282  -0.899  0.419 0.482 0.063 -0.802  -1.221  -1.284  0.300  0.300  0.300  999.000  999.000  999.000 -999.000 -999.000 -999.000 0.419 0.482 0.063 0.200 0.200 0.200 10.000 10.000 10.000 -10.000 -10.000 -10.000 0.
0.8554775119  0.7730    8.627  -0.803  -1.220  -1.284  -0.314  -0.868  -1.281  -0.899  0.417 0.481 0.064 -0.803  -1.220  -1.284  0.300  0.300  0.300  999.000  999.000  999.000 -999.000 -999.000 -999.000 0.417 0.481 0.064 0.200 0.200 0.200 10.000 10.000 10.000 -10.000 -10.000 -10.000 0.
0.8555399776  0.7730    8.633  -0.804  -1.221  -1.285  -0.315  -0.869  -1.282  -0.900  0.417 0.481 0.064 -0.804  -1.221  -1.285  0.300  0.300  0.300  999.000  999.000  999.000 -999.000 -999.000 -999.000 0.417 0.481 0.064 0.200 0.200 0.200 10.000 10.000 10.000 -10.000 -10.000 -10.000 0.
0.8555992842  0.7730    8.643  -0.806  -1.224  -1.287  -0.317  -0.872  -1.284  -0.902  0.418 0.481 0.063 -0.806  -1.224  -1.287  0.300  0.300  0.300  999.000  999.000  999.000 -999.000 -999.000 -999.000 0.418 0.481 0.063 0.200 0.200 0.200 10.000 10.000 10.000 -10.000 -10.000 -10.000 0.
0.8556634188  0.7730    8.657  -0.810  -1.228  -1.292  -0.321  -0.876  -1.289  -0.906  0.418 0.482 0.064 -0.810  -1.228  -1.292  0.300  0.300  0.300  999.000  999.000  999.000 -999.000 -999.000 -999.000 0.418 0.482 0.064 0.200 0.200 0.200 10.000 10.000 10.000 -10.000 -10.000 -10.000 0.
0.8557258844  0.7730    8.689  -0.816  -1.234  -1.298  -0.326  -0.881  -1.295  -0.912  0.418 0.482 0.064 -0.816  -1.234  -1.298  0.300  0.300  0.300  999.000  999.000  999.000 -999.000 -999.000 -999.000 0.418 0.482 0.064 0.200 0.200 0.200 10.000 10.000 10.000 -10.000 -10.000 -10.000 0.
0.8557384610  0.7730    8.689  -0.817  -1.236  -1.299  -0.327  -0.883  -1.297  -0.914  0.419 0.482 0.063 -0.817  -1.236  -1.299  0.300  0.300  0.300  999.000  999.000  999.000 -999.000 -999.000 -999.000 0.419 0.482 0.063 0.200 0.200 0.200 10.000 10.000 10.000 -10.000 -10.000 -10.000 0.
0.8557955027  0.7730    8.735  -0.824  -1.244  -1.308  -0.334  -0.890  -1.305  -0.921  0.420 0.484 0.064 -0.824  -1.244  -1.308  0.300  0.300  0.300  999.000  999.000  999.000 -999.000 -999.000 -999.000 0.420 0.484 0.064 0.200 0.200 0.200 10.000 10.000 10.000 -10.000 -10.000 -10.000 0.
0.8558546305  0.7730    8.781  -0.833  -1.253  -1.317  -0.341  -0.899  -1.315  -0.930  0.420 0.484 0.064 -0.833  -1.253  -1.317  0.300  0.300  0.300  999.000  999.000  999.000 -999.000 -999.000 -999.000 0.420 0.484 0.064 0.200 0.200 0.200 10.000 10.000 10.000 -10.000 -10.000 -10.000 0.
0.8559164405  0.7730    8.832  -0.844  -1.265  -1.330  -0.351  -0.910  -1.327  -0.941  0.421 0.486 0.065 -0.844  -1.265  -1.330  0.300  0.300  0.300  999.000  999.000  999.000 -999.000 -999.000 -999.000 0.421 0.486 0.065 0.200 0.200 0.200 10.000 10.000 10.000 -10.000 -10.000 -10.000 0.
0.8559755683  0.7730    8.897  -0.856  -1.279  -1.343  -0.361  -0.923  -1.340  -0.954  0.423 0.487 0.064 -0.856  -1.279  -1.343  0.300  0.300  0.300  999.000  999.000  999.000 -999.000 -999.000 -999.000 0.423 0.487 0.064 0.200 0.200 0.200 10.000 10.000 10.000 -10.000 -10.000 -10.000 0.
0.8560324311  0.7730    8.967  -0.869  -1.294  -1.359  -0.373  -0.937  -1.356  -0.967  0.425 0.490 0.065 -0.869  -1.294  -1.359  0.300  0.300  0.300  999.000  999.000  999.000 -999.000 -999.000 -999.000 0.425 0.490 0.065 0.200 0.200 0.200 10.000 10.000 10.000 -10.000 -10.000 -10.000 0.
0.8560893536  0.7730    9.048  -0.883  -1.310  -1.375  -0.386  -0.952  -1.372  -0.982  0.427 0.492 0.065 -0.883  -1.310  -1.375  0.300  0.300  0.300  999.000  999.000  999.000 -999.000 -999.000 -999.000 0.427 0.492 0.065 0.200 0.200 0.200 10.000 10.000 10.000 -10.000 -10.000 -10.000 0.
0.8561471701  0.7740    9.119  -0.898  -1.326  -1.391  -0.399  -0.967  -1.389  -0.997  0.428 0.493 0.065 -0.898  -1.326  -1.391  0.300  0.300  0.300  999.000  999.000  999.000 -999.000 -999.000 -999.000 0.428 0.493 0.065 0.200 0.200 0.200 10.000 10.000 10.000 -10.000 -10.000 -10.000 0.
0.8562040925  0.7740    9.144  -0.903  -1.332  -1.397  -0.403  -0.972  -1.394  -1.002  0.429 0.494 0.065 -0.903  -1.332  -1.397  0.300  0.300  0.300  999.000  999.000  999.000 -999.000 -999.000 -999.000 0.429 0.494 0.065 0.200 0.200 0.200 10.000 10.000 10.000 -10.000 -10.000 -10.000 0.
0.8562660813  0.7740    9.261  -0.923  -1.355  -1.420  -0.422  -0.993  -1.418  -1.023  0.432 0.497 0.065 -0.923  -1.355  -1.420  0.300  0.300  0.300  999.000  999.000  999.000 -999.000 -999.000 -999.000 0.432 0.497 0.065 0.200 0.200 0.200 10.000 10.000 10.000 -10.000 -10.000 -10.000 0.
0.8563243151  0.7740    9.437  -0.956  -1.392  -1.458  -0.451  -1.027  -1.455  -1.057  0.436 0.502 0.066 -0.956  -1.392  -1.458  0.300  0.300  0.300  999.000  999.000  999.000 -999.000 -999.000 -999.000 0.436 0.502 0.066 0.200 0.200 0.200 10.000 10.000 10.000 -10.000 -10.000 -10.000 0.
0.8563832045  0.7740    9.762  -1.015  -1.458  -1.525  -0.503  -1.089  -1.522  -1.118  0.443 0.510 0.067 -1.015  -1.458  -1.525  0.300  0.300  0.300  999.000  999.000  999.000 -999.000 -999.000 -999.000 0.443 0.510 0.067 0.200 0.200 0.200 10.000 10.000 10.000 -10.000 -10.000 -10.000 0.
0.8564405441  0.7740   10.300  -1.108  -1.562  -1.631  -0.586  -1.186  -1.628  -1.213  0.454 0.523 0.069 -1.108  -1.562  -1.631  0.300  0.300  0.300  999.000  999.000  999.000 -999.000 -999.000 -999.000 0.454 0.523 0.069 0.200 0.200 0.200 10.000 10.000 10.000 -10.000 -10.000 -10.000 0.
0.8564746380  0.7740   10.921  -1.210  -1.676  -1.746  -0.677  -1.291  -1.743  -1.318  0.466 0.536 0.070 -1.210  -1.676  -1.746  0.300  0.300  0.300  999.000  999.000  999.000 -999.000 -999.000 -999.000 0.466 0.536 0.070 0.200 0.200 0.200 10.000 10.000 10.000 -10.000 -10.000 -10.000 0.
0.8564910889  0.7740   11.568  -1.309  -1.786  -1.859  -0.765  -1.394  -1.856  -1.420  0.477 0.550 0.073 -1.309  -1.786  -1.859  0.300  0.300  0.300  999.000  999.000  999.000 -999.000 -999.000 -999.000 0.477 0.550 0.073 0.200 0.200 0.200 10.000 10.000 10.000 -10.000 -10.000 -10.000 0.
0.8564998507  0.7740   12.318  -1.419  -1.909  -1.983  -0.864  -1.509  -1.980  -1.533  0.490 0.564 0.074 -1.419  -1.909  -1.983  0.300  0.300  0.300  999.000  999.000  999.000 -999.000 -999.000 -999.000 0.490 0.564 0.074 0.200 0.200 0.200 10.000 10.000 10.000 -10.000 -10.000 -10.000 0.
0.8565040231  0.7740   13.084  -1.524  -2.026  -2.102  -0.958  -1.618  -2.099  -1.641  0.502 0.578 0.076 -1.524  -2.026  -2.102  0.300  0.300  0.300  999.000  999.000  999.000 -999.000 -999.000 -999.000 0.502 0.578 0.076 0.200 0.200 0.200 10.000 10.000 10.000 -10.000 -10.000 -10.000 0.
0.8565062284  0.7740   13.847  -1.624  -2.137  -2.215  -1.047  -1.721  -2.211  -1.744  0.513 0.591 0.078 -1.624  -2.137  -2.215  0.300  0.300  0.300  999.000  999.000  999.000 -999.000 -999.000 -999.000 0.513 0.591 0.078 0.200 0.200 0.200 10.000 10.000 10.000 -10.000 -10.000 -10.000 0.
0.8565075397  0.7740   14.587  -1.714  -2.239  -2.318  -1.128  -1.816  -2.315  -1.837  0.525 0.604 0.079 -1.714  -2.239  -2.318  0.300  0.300  0.300  999.000  999.000  999.000 -999.000 -999.000 -999.000 0.525 0.604 0.079 0.200 0.200 0.200 10.000 10.000 10.000 -10.000 -10.000 -10.000 0.
0.8565081954  0.7740   15.047  -1.768  -2.300  -2.379  -1.176  -1.873  -2.376  -1.893  0.532 0.611 0.079 -1.768  -2.300  -2.379  0.300  0.300  0.300  999.000  999.000  999.000 -999.000 -999.000 -999.000 0.532 0.611 0.079 0.200 0.200 0.200 10.000 10.000 10.000 -10.000 -10.000 -10.000 0.
0.8565090299  0.7740   15.836  -1.862  -2.403  -2.484  -1.261  -1.970  -2.481  -1.989  0.541 0.622 0.081 -1.862  -2.403  -2.484  0.300  0.300  0.300  999.000  999.000  999.000 -999.000 -999.000 -999.000 0.541 0.622 0.081 0.200 0.200 0.200 10.000 10.000 10.000 -10.000 -10.000 -10.000 0.
0.8565100431  0.7740   16.802  -1.970  -2.518  -2.601  -1.357  -2.080  -2.598  -2.099  0.548 0.631 0.083 -1.970  -2.518  -2.601  0.300  0.300  0.300  999.000  999.000  999.000 -999.000 -999.000 -999.000 0.548 0.631 0.083 0.200 0.200 0.200 10.000 10.000 10.000 -10.000 -10.000 -10.000 0.
0.8565111160  0.7740   17.513  -2.044  -2.598  -2.683  -1.425  -2.156  -2.679  -2.174  0.554 0.639 0.085 -2.044  -2.598  -2.683  0.300  0.300  0.300  999.000  999.000  999.000 -999.000 -999.000 -999.000 0.554 0.639 0.085 0.200 0.200 0.200 10.000 10.000 10.000 -10.000 -10.000 -10.000 0.
0.8565138578  0.7740   17.732  -2.065  -2.621  -2.706  -1.444  -2.178  -2.702  -2.196  0.556 0.641 0.085 -2.065  -2.621  -2.706  0.300  0.300  0.300  999.000  999.000  999.000 -999.000 -999.000 -999.000 0.556 0.641 0.085 0.200 0.200 0.200 10.000 10.000 10.000 -10.000 -10.000 -10.000 0.
0.8565165401  0.7730   17.122  -2.003  -2.554  -2.638  -1.388  -2.114  -2.635  -2.132  0.551 0.635 0.084 -2.003  -2.554  -2.638  0.300  0.300  0.300  999.000  999.000  999.000 -999.000 -999.000 -999.000 0.551 0.635 0.084 0.200 0.200 0.200 10.000 10.000 10.000 -10.000 -10.000 -10.000 0.
0.8565478325  0.7710   17.185  -2.010  -2.561  -2.645  -1.394  -2.121  -2.642  -2.139  0.551 0.635 0.084 -2.010  -2.561  -2.645  0.300  0.300  0.300  999.000  999.000  999.000 -999.000 -999.000 -999.000 0.551 0.635 0.084 0.200 0.200 0.200 10.000 10.000 10.000 -10.000 -10.000 -10.000 0.
0.8565747738  0.7690   18.262  -2.118  -2.677  -2.763  -1.491  -2.231  -2.760  -2.249  0.559 0.645 0.086 -2.118  -2.677  -2.763  0.300  0.300  0.300  999.000  999.000  999.000 -999.000 -999.000 -999.000 0.559 0.645 0.086 0.200 0.200 0.200 10.000 10.000 10.000 -10.000 -10.000 -10.000 0.
0.8565928936  0.7680   19.492  -2.234  -2.802  -2.891  -1.595  -2.350  -2.888  -2.368  0.568 0.657 0.089 -2.234  -2.802  -2.891  0.300  0.300  0.300  999.000  999.000  999.000 -999.000 -999.000 -999.000 0.568 0.657 0.089 0.200 0.200 0.200 10.000 10.000 10.000 -10.000 -10.000 -10.000 0.
0.8566083312  0.7660   20.714  -2.341  -2.918  -3.009  -1.691  -2.461  -3.006  -2.477  0.577 0.668 0.091 -2.341  -2.918  -3.009  0.300  0.300  0.300  999.000  999.000  999.000 -999.000 -999.000 -999.000 0.577 0.668 0.091 0.200 0.200 0.200 10.000 10.000 10.000 -10.000 -10.000 -10.000 0.
0.8566258550  0.7630   22.063  -2.456  -3.041  -3.136  -1.793  -2.579  -3.133  -2.594  0.585 0.680 0.095 -2.456  -3.041  -3.136  0.300  0.300  0.300  999.000  999.000  999.000 -999.000 -999.000 -999.000 0.585 0.680 0.095 0.200 0.200 0.200 10.000 10.000 10.000 -10.000 -10.000 -10.000 0.
0.8566418290  0.7600   23.537  -2.570  -3.163  -3.262  -1.894  -2.695  -3.258  -2.710  0.593 0.692 0.099 -2.570  -3.163  -3.262  0.300  0.300  0.300  999.000  999.000  999.000 -999.000 -999.000 -999.000 0.593 0.692 0.099 0.200 0.200 0.200 10.000 10.000 10.000 -10.000 -10.000 -10.000 0.
0.8566563129  0.7570   25.070  -2.682  -3.284  -3.386  -1.992  -2.810  -3.383  -2.824  0.602 0.704 0.102 -2.682  -3.284  -3.386  0.300  0.300  0.300  999.000  999.000  999.000 -999.000 -999.000 -999.000 0.602 0.704 0.102 0.200 0.200 0.200 10.000 10.000 10.000 -10.000 -10.000 -10.000 0.
0.8566693068  0.7530   26.690  -2.793  -3.406  -3.512  -2.090  -2.925  -3.508  -2.938  0.613 0.719 0.106 -2.793  -3.406  -3.512  0.300  0.300  0.300  999.000  999.000  999.000 -999.000 -999.000 -999.000 0.613 0.719 0.106 0.200 0.200 0.200 10.000 10.000 10.000 -10.000 -10.000 -10.000 0.
0.8566809893  0.7480   28.415  -2.903  -3.526  -3.636  -2.187  -3.039  -3.633  -3.051  0.623 0.733 0.110 -2.903  -3.526  -3.636  0.300  0.300  0.300  999.000  999.000  999.000 -999.000 -999.000 -999.000 0.623 0.733 0.110 0.200 0.200 0.200 10.000 10.000 10.000 -10.000 -10.000 -10.000 0.
0.8566915393  0.7430   30.252  -3.012  -3.647  -3.761  -2.283  -3.153  -3.757  -3.163  0.635 0.749 0.114 -3.012  -3.647  -3.761  0.300  0.300  0.300  999.000  999.000  999.000 -999.000 -999.000 -999.000 0.635 0.749 0.114 0.200 0.200 0.200 10.000 10.000 10.000 -10.000 -10.000 -10.000 0.
0.8567010760  0.7380   32.170  -3.120  -3.766  -3.883  -2.377  -3.265  -3.879  -3.274  0.646 0.763 0.117 -3.120  -3.766  -3.883  0.300  0.300  0.300  999.000  999.000  999.000 -999.000 -999.000 -999.000 0.646 0.763 0.117 0.200 0.200 0.200 10.000 10.000 10.000 -10.000 -10.000 -10.000 0.
0.8567098379  0.7310   34.336  -3.229  -3.890  -4.012  -2.471  -3.381  -4.008  -3.387  0.661 0.783 0.122 -3.229  -3.890  -4.012  0.300  0.300  0.300  999.000  999.000  999.000 -999.000 -999.000 -999.000 0.661 0.783 0.122 0.200 0.200 0.200 10.000 10.000 10.000 -10.000 -10.000 -10.000 0.
0.8567139506  0.7270   35.822  -3.288  -3.963  -4.089  -2.514  -3.446  -4.086  -3.449  0.675 0.801 0.126 -3.288  -3.963  -4.089  0.300  0.300  0.300  999.000  999.000  999.000 -999.000 -999.000 -999.000 0.675 0.801 0.126 0.200 0.200 0.200 10.000 10.000 10.000 -10.000 -10.000 -10.000 0.
0.8567216992  0.7190   38.446  -3.397  -4.092  -4.224  -2.603  -3.563  -4.221  -3.563  0.695 0.827 0.132 -3.397  -4.092  -4.224  0.300  0.300  0.300  999.000  999.000  999.000 -999.000 -999.000 -999.000 0.695 0.827 0.132 0.200 0.200 0.200 10.000 10.000 10.000 -10.000 -10.000 -10.000 0.
0.8567292094  0.7080   41.073  -3.504  -4.215  -4.352  -2.693  -3.677  -4.349  -3.675  0.711 0.848 0.137 -3.504  -4.215  -4.352  0.300  0.300  0.300  999.000  999.000  999.000 -999.000 -999.000 -999.000 0.711 0.848 0.137 0.200 0.200 0.200 10.000 10.000 10.000 -10.000 -10.000 -10.000 0.
0.8567364216  0.6960   43.647  -3.609  -4.333  -4.475  -2.784  -3.788  -4.471  -3.783  0.724 0.866 0.142 -3.609  -4.333  -4.475  0.300  0.300  0.300  999.000  999.000  999.000 -999.000 -999.000 -999.000 0.724 0.866 0.142 0.200 0.200 0.200 10.000 10.000 10.000 -10.000 -10.000 -10.000 0.
0.8567434549  0.6800   46.468  -3.715  -4.450  -4.597  -2.875  -3.899  -4.594  -3.892  0.735 0.882 0.147 -3.715  -4.450  -4.597  0.300  0.300  0.300  999.000  999.000  999.000 -999.000 -999.000 -999.000 0.735 0.882 0.147 0.200 0.200 0.200 10.000 10.000 10.000 -10.000 -10.000 -10.000 0.
0.8567497730  0.6610   49.290  -3.818  -4.564  -4.716  -2.966  -4.007  -4.712  -3.998  0.746 0.898 0.152 -3.818  -4.564  -4.716  0.300  0.300  0.300  999.000  999.000  999.000 -999.000 -999.000 -999.000 0.746 0.898 0.152 0.200 0.200 0.200 10.000 10.000 10.000 -10.000 -10.000 -10.000 0.
0.8567557931  0.6370   52.306  -3.924  -4.679  -4.836  -3.060  -4.117  -4.832  -4.106  0.755 0.912 0.157 -3.924  -4.679  -4.836  0.300  0.300  0.300  999.000  999.000  999.000 -999.000 -999.000 -999.000 0.755 0.912 0.157 0.200 0.200 0.200 10.000 10.000 10.000 -10.000 -10.000 -10.000 0.
0.8567607403  0.6090   55.329  -4.031  -4.792  -4.952  -3.157  -4.227  -4.948  -4.215  0.761 0.921 0.160 -4.031  -4.792  -4.952  0.300  0.300  0.300  999.000  999.000  999.000 -999.000 -999.000 -999.000 0.761 0.921 0.160 0.200 0.200 0.200 10.000 10.000 10.000 -10.000 -10.000 -10.000 0.
0.8567643166  0.5830   57.830  -4.125  -4.886  -5.048  -3.247  -4.321  -5.045  -4.309  0.761 0.923 0.162 -4.125  -4.886  -5.048  0.300  0.300  0.300  999.000  999.000  999.000 -999.000 -999.000 -999.000 0.761 0.923 0.162 0.200 0.200 0.200 10.000 10.000 10.000 -10.000 -10.000 -10.000 0.
0.8567672968  0.5530   58.987  -4.212  -4.952  -5.110  -3.349  -4.398  -5.107  -4.390  0.740 0.898 0.158 -4.212  -4.952  -5.110  0.300  0.300  0.300  999.000  999.000  999.000 -999.000 -999.000 -999.000 0.740 0.898 0.158 0.200 0.200 0.200 10.000 10.000 10.000 -10.000 -10.000 -10.000 0.
0.8567695618  0.5110   55.546  -4.252  -4.915  -5.050  -3.464  -4.403  -5.046  -4.410  0.663 0.798 0.135 -4.252  -4.915  -5.050  0.300  0.300  0.300  999.000  999.000  999.000 -999.000 -999.000 -999.000 0.663 0.798 0.135 0.200 0.200 0.200 10.000 10.000 10.000 -10.000 -10.000 -10.000 0.
1.0698199272  0.5390    0.000  28.168  27.630  27.464  28.851  28.064  27.477  28.042  0.538 0.704 0.166 28.168  27.630  27.464  0.300  0.300  0.300  999.000  999.000  999.000 -999.000 -999.000 -999.000 0.538 0.704 0.166 0.200 0.200 0.200 10.000 10.000 10.000 -10.000 -10.000 -10.000 0.
