#Mini MPD Rad MJ_2M MH_2M MK_2M MZ087 MW146 MF213 MHw sigmaJ sigmaH sigmaKs minJ minH minKs maxJ maxH maxKs
0.002  0.002  0.105  37.257  34.027  53.596  99.0  37.278  99.0  36.219  0.2  0.2  0.2  -999.0  -999.0  -999.0  999.0  999.0  999.0
0.003  0.003  0.105  34.125  32.029  49.186  99.0  34.146  99.0  33.528  0.2  0.2  0.2  -999.0  -999.0  -999.0  999.0  999.0  999.0
0.004  0.004  0.105  31.374  30.144  45.126  99.0  31.395  99.0  31.058  0.2  0.2  0.2  -999.0  -999.0  -999.0  999.0  999.0  999.0
0.005  0.005  0.105  29.128  28.509  41.686  99.0  29.149  99.0  28.981  0.2  0.2  0.2  -999.0  -999.0  -999.0  999.0  999.0  999.0
0.006  0.006  0.104  27.154  27.049  38.646  99.0  27.175  99.0  27.131  0.2  0.2  0.2  -999.0  -999.0  -999.0  999.0  999.0  999.0
0.007  0.007  0.103  25.426  25.745  35.936  99.0  25.447  99.0  25.492  0.2  0.2  0.2  -999.0  -999.0  -999.0  999.0  999.0  999.0
0.008  0.008  0.103  23.951  24.625  33.626  99.0  23.972  99.0  24.083  0.2  0.2  0.2  -999.0  -999.0  -999.0  999.0  999.0  999.0
0.009  0.009  0.102  22.701  23.651  31.616  99.0  22.722  99.0  22.878  0.2  0.2  0.2  -999.0  -999.0  -999.0  999.0  999.0  999.0
0.01  0.01  0.101  22.269  23.117  30.466  99.0  22.29  99.0  22.43  0.2  0.2  0.2  -999.0  -999.0  -999.0  999.0  999.0  999.0
0.012  0.012  0.1  21.375  22.018  28.136  99.0  21.396  99.0  21.501  0.2  0.2  0.2  -999.0  -999.0  -999.0  999.0  999.0  999.0
0.015  0.015  0.098  20.524  21.017  25.986  99.0  20.545  99.0  20.623  0.2  0.2  0.2  -999.0  -999.0  -999.0  999.0  999.0  999.0
0.02  0.02  0.095  19.661  19.836  23.286  99.0  19.682  99.0  19.698  0.2  0.2  0.2  -999.0  -999.0  -999.0  999.0  999.0  999.0
0.03  0.03  0.09  18.208  18.269  20.016  99.0  18.229  99.0  18.221  0.2  0.2  0.2  -999.0  -999.0  -999.0  999.0  999.0  999.0
0.04  0.04  0.085  16.95  17.091  17.966  99.0  16.971  99.0  16.98  0.2  0.2  0.2  -999.0  -999.0  -999.0  999.0  999.0  999.0
0.05  0.05  0.082  15.878  16.045  16.356  99.0  15.899  99.0  15.913  0.2  0.2  0.2  -999.0  -999.0  -999.0  999.0  999.0  999.0
0.06  0.06  0.079  14.965  15.133  15.126  99.0  14.986  99.0  15.001  0.2  0.2  0.2  -999.0  -999.0  -999.0  999.0  999.0  999.0
0.07  0.07  0.081  13.487  13.506  13.416  99.0  13.508  99.0  13.491  0.2  0.2  0.2  -999.0  -999.0  -999.0  999.0  999.0  999.0
0.072  0.072  0.083  12.943  12.855  12.776  99.0  12.964  99.0  12.924  0.2  0.2  0.2  -999.0  -999.0  -999.0  999.0  999.0  999.0
0.075  0.075  0.089  12.187  11.928  11.756  99.0  12.208  99.0  12.129  0.2  0.2  0.2  -999.0  -999.0  -999.0  999.0  999.0  999.0
0.08  0.08  0.099  11.438  11.081  10.796  99.0  11.459  99.0  11.356  0.2  0.2  0.2  -999.0  -999.0  -999.0  999.0  999.0  999.0
0.09  0.09  0.121  11.157  10.553  10.298  12.944  11.178  10.376  11.014  0.1587  0.0703  0.0791  10.664  10.323  10.198  11.177  10.573  10.4908
0.1  0.1  0.133  10.69  10.087  9.829  12.477  10.712  9.906  10.547  0.2131  0.1627  0.1153  10.008  9.595  9.475  10.719  10.116  9.8518
0.1156  0.116  0.149  10.17  9.568  9.304  11.91  10.183  9.379  10.028  0.2992  0.2459  0.1867  9.481  9.023  8.887  10.2685  9.6765  9.3888
0.12  0.12  0.153  10.051  9.448  9.182  11.719  10.053  9.253  9.908  0.2436  0.21  0.1635  9.382  8.892  8.745  10.073  9.472  9.201
0.14  0.14  0.173  9.645  9.041  8.773  11.144  9.621  8.837  9.502  0.2323  0.2061  0.1656  8.958  8.461  8.3  9.664  9.063  8.79
0.1417  0.142  0.174  9.617  9.013  8.745  11.106  9.591  8.808  9.474  0.3844  0.3443  0.279  8.877  8.378  8.223  9.698  9.112  8.817
0.16  0.16  0.191  9.327  8.722  8.455  10.716  9.286  8.514  9.184  0.2253  0.2021  0.1658  8.674  8.154  7.986  9.3455  8.743  8.473
0.2  0.2  0.225  8.832  8.227  7.967  10.09  8.773  8.019  8.689  0.2218  0.2007  0.17  8.18  7.652  7.48  8.851  8.248  7.985
0.25  0.25  0.264  8.362  7.756  7.504  9.524  8.289  7.551  8.219  0.2462  0.2253  0.1932  7.7  7.171  7.0  8.426  7.84  7.571
0.3  0.3  0.302  7.988  7.38  7.135  9.096  7.907  7.179  7.844  0.2427  0.2159  0.1879  7.249  6.743  6.584  8.0049  7.3997  7.1517
0.35  0.35  0.348  7.616  7.005  6.765  8.685  7.528  6.806  7.471  0.2479  0.2177  0.1847  6.947  6.448  6.294  7.679  7.0842  6.8322
0.4  0.4  0.391  7.285  6.669  6.435  8.307  7.187  6.472  7.139  0.2264  0.1914  0.159  6.678  6.189  6.042  7.3532  6.7492  6.5062
0.45  0.45  0.439  6.938  6.314  6.085  7.912  6.829  6.119  6.79  0.2251  0.1854  0.1507  6.36  5.888  5.75  7.0232  6.4061  6.1712
0.4672  0.467  0.457  6.811  6.184  5.958  7.766  6.697  5.989  6.662  0.1812  0.1485  0.1206  6.228  5.765  5.635  6.923  6.3022  6.07
0.5  0.5  0.491  6.582  5.948  5.727  7.503  6.46  5.755  6.431  0.2358  0.1855  0.1452  6.017  5.495  5.367  6.6864  6.0547  5.8274
0.5149  0.515  0.507  6.469  5.831  5.614  7.369  6.342  5.64  6.317  0.1019  0.0889  0.0702  5.96  5.404  5.283  6.3079  5.6869  5.4916
0.55  0.55  0.544  6.215  5.568  5.36  7.073  6.077  5.382  6.061  0.2427  0.1727  0.1299  5.647  5.158  5.054  6.3375  5.6885  5.4705
0.6  0.6  0.591  5.858  5.191  5.015  6.654  5.706  5.03  5.699  0.2538  0.1541  0.1136  5.281  4.863  4.774  6.0051  5.3361  5.1361
0.65  0.65  0.628  5.503  4.838  4.703  6.24  5.348  4.713  5.344  0.2297  0.1114  0.0829  4.93  4.584  4.509  5.6624  4.9804  4.8144
0.6935  0.694  0.657  5.218  4.593  4.489  5.897  5.079  4.496  5.07  0.21  0.0955  0.0759  4.629  4.312  4.257  5.3336  4.6684  4.5404
0.7  0.7  0.662  5.179  4.564  4.463  5.847  5.044  4.469  5.033  0.2177  0.0996  0.0792  4.614  4.298  4.243  5.3344  4.6691  4.541
0.7182  0.718  0.673  5.067  4.484  4.39  5.707  4.944  4.395  4.929  0.1636  0.0813  0.0679  4.519  4.21  4.159  5.0587  4.4876  4.395
0.75  0.75  0.694  4.88  4.356  4.271  5.469  4.779  4.275  4.757  0.2226  0.1237  0.1053  4.286  3.999  3.962  5.0358  4.448  4.348
0.7621  0.762  0.705  4.81  4.301  4.219  5.385  4.714  4.223  4.691  0.1722  0.1027  0.089  4.226  3.942  3.905  4.8485  4.325  4.24
0.7996  0.799  0.739  4.601  4.142  4.067  5.132  4.523  4.071  4.495  0.2253  0.1449  0.1269  3.945  3.692  3.666  4.7503  4.2295  4.1415
0.8094  0.809  0.749  4.547  4.1  4.027  5.067  4.473  4.031  4.444  0.1928  0.1308  0.1163  3.882  3.633  3.608  4.5884  4.1238  4.0484
0.8489  0.848  0.789  4.336  3.932  3.866  4.815  4.276  3.869  4.243  0.2456  0.1758  0.1587  3.636  3.413  3.39  4.4671  4.0102  3.9359
0.8492  0.849  0.789  4.334  3.93  3.864  4.813  4.274  3.868  4.241  0.2456  0.1758  0.1587  3.636  3.413  3.39  4.4671  4.0102  3.9359
0.8786  0.878  0.823  4.179  3.804  3.742  4.631  4.128  3.745  4.093  0.23  0.1734  0.1599  3.42  3.218  3.196  4.2275  3.8378  3.7718
0.8988  0.898  0.847  4.076  3.718  3.66  4.51  4.03  3.663  3.994  0.2645  0.2011  0.1865  3.237  3.06  3.04  4.2003  3.794  3.73
0.9124  0.912  0.865  4.006  3.659  3.604  4.43  3.963  3.607  3.927  0.2658  0.206  0.1931  3.116  2.965  2.948  4.097  3.7111  3.6482
0.9334  0.933  0.894  3.898  3.566  3.514  4.308  3.859  3.517  3.822  0.2917  0.2277  0.2152  2.96  2.819  2.8  4.0154  3.6418  3.5822
0.9485  0.948  0.916  3.82  3.498  3.449  4.219  3.785  3.451  3.747  0.313  0.2462  0.2335  2.812  2.708  2.69  3.9615  3.5972  3.5367
0.965  0.964  0.942  3.734  3.423  3.376  4.123  3.702  3.378  3.663  0.3111  0.2459  0.2354  2.711  2.594  2.575  3.8366  3.4876  3.4292
0.9835  0.983  0.973  3.638  3.338  3.293  4.016  3.608  3.295  3.57  0.3367  0.2701  0.2609  2.454  2.39  2.372  3.759  3.431  3.38
0.9981  0.998  0.999  3.562  3.271  3.228  3.932  3.535  3.23  3.496  0.3846  0.3147  0.3058  2.173  2.105  2.086  3.6888  3.3756  3.3296
1.0015  1.001  1.006  3.545  3.255  3.212  3.913  3.518  3.214  3.479  0.3969  0.3274  0.3186  2.029  1.95  1.93  3.6798  3.3708  3.322
1.0177  1.017  1.037  3.459  3.177  3.136  3.819  3.434  3.139  3.395  0.7183  0.7327  0.7363  0.291  -0.097  -0.165  3.5492  3.237  3.185
1.0329  1.032  1.069  3.377  3.103  3.064  3.73  3.355  3.066  3.315  2.488  2.6377  2.6624  -5.488  -6.166  -6.277  3.222  2.975  2.942
1.0474  1.046  1.1  3.299  3.031  2.993  3.646  3.278  2.995  3.238  2.6587  2.8261  2.8537  -5.61  -6.387  -6.528  3.0676  2.8292  2.8042
1.0477  1.047  1.1  3.297  3.03  2.992  3.644  3.276  2.994  3.237  2.6594  2.827  2.8546  -5.61  -6.387  -6.528  3.0672  2.8284  2.804
1.0591  1.058  1.128  3.234  2.971  2.934  3.576  3.215  2.936  3.175  2.5425  2.7106  2.7387  -5.605  -6.381  -6.522  2.8635  2.7315  2.7095
1.0723  1.071  1.159  3.161  2.903  2.867  3.498  3.143  2.869  3.103  2.3773  2.5416  2.5702  -5.6  -6.375  -6.516  2.6541  2.545  2.5222
1.0851  1.084  1.192  3.09  2.837  2.802  3.423  3.073  2.803  3.033  2.3613  2.5296  2.5595  -5.6  -6.375  -6.516  2.5808  2.475  2.4538
1.0973  1.096  1.224  3.022  2.773  2.739  3.352  3.006  2.74  2.966  2.5122  2.6975  2.7335  -5.629  -6.575  -6.836  2.6686  2.5334  2.5098
1.1026  1.101  1.24  2.993  2.746  2.711  3.321  2.978  2.713  2.937  2.4682  2.6506  2.6868  -5.629  -6.575  -6.836  2.6447  2.5169  2.4976
1.1142  1.113  1.272  2.931  2.686  2.652  3.256  2.916  2.654  2.876  2.3651  2.5419  2.5784  -5.661  -6.609  -6.872  2.4058  2.2762  2.2534
1.1253  1.124  1.304  2.87  2.629  2.595  3.193  2.856  2.596  2.816  2.3663  2.5489  2.5906  -5.857  -6.826  -7.142  2.3629  2.254  2.2328
1.1439  1.143  1.365  2.762  2.524  2.491  3.081  2.749  2.493  2.709  2.4171  2.5983  2.6387  -5.903  -6.874  -7.192  2.397  2.2808  2.2588
1.1469  1.146  1.375  2.744  2.506  2.473  3.062  2.73  2.475  2.691  2.4257  2.6161  2.6615  -5.937  -6.909  -7.227  2.3643  2.2573  2.2363
1.1624  1.161  1.429  2.663  2.425  2.392  2.982  2.65  2.394  2.61  2.2909  2.4772  2.5282  -6.077  -7.038  -7.416  2.035  1.8738  1.8498
1.1787  1.177  1.488  2.58  2.341  2.307  2.902  2.567  2.309  2.526  2.3212  2.5048  2.5554  -6.101  -7.061  -7.436  2.0485  1.9199  1.8916
1.1863  1.185  1.524  2.525  2.288  2.254  2.845  2.512  2.256  2.472  2.3585  2.5462  2.6004  -6.121  -7.081  -7.455  2.073  1.9192  1.8892
1.1905  1.189  1.548  2.487  2.251  2.218  2.805  2.474  2.219  2.434  2.3824  2.5737  2.6303  -6.121  -7.081  -7.455  2.103  1.9688  1.942
1.1935  1.192  1.566  2.455  2.222  2.189  2.77  2.443  2.19  2.403  2.3333  2.5118  2.5618  -6.121  -7.081  -7.455  2.0883  1.937  1.916
1.1958  1.194  1.596  2.402  2.174  2.141  2.713  2.391  2.143  2.351  2.3254  2.5066  2.5589  -6.121  -7.081  -7.455  2.035  1.8946  1.8666
1.1963  1.195  1.606  2.384  2.158  2.126  2.693  2.374  2.127  2.333  2.3023  2.484  2.537  -6.121  -7.081  -7.455  2.041  1.897  1.87
1.1965  1.195  1.608  2.382  2.156  2.124  2.692  2.372  2.125  2.331  2.3105  2.491  2.543  -6.121  -7.081  -7.455  2.032  1.8739  1.8439
1.2014  1.2  1.639  2.343  2.117  2.084  2.653  2.333  2.086  2.292  2.3325  2.5219  2.5861  -6.331  -7.278  -7.711  1.8379  1.6287  1.59
1.2244  1.223  1.794  2.162  1.929  1.896  2.479  2.15  1.897  2.11  2.1203  2.281  2.3388  -6.362  -7.313  -7.752  1.321  0.966  0.912
1.241  1.24  1.931  2.024  1.783  1.747  2.35  2.01  1.749  1.97  2.2871  2.4629  2.531  -6.39  -7.345  -7.792  1.6642  1.296  1.2368
1.2461  1.245  1.98  1.979  1.734  1.698  2.308  1.964  1.699  1.924  2.3244  2.5055  2.5804  -6.405  -7.366  -7.823  1.719  1.37  1.305
1.2522  1.251  2.049  1.924  1.671  1.633  2.261  1.907  1.635  1.867  2.3436  2.5287  2.6153  -6.467  -7.44  -7.957  1.6945  1.3554  1.2978
1.261  1.26  2.175  1.843  1.57  1.528  2.2  1.821  1.53  1.781  2.312  2.4959  2.5843  -6.467  -7.44  -7.957  1.6406  1.272  1.2154
1.2695  1.268  2.317  1.799  1.484  1.435  2.195  1.766  1.438  1.727  2.2536  2.4279  2.5222  -6.496  -7.467  -7.97  1.2812  0.8564  0.7832
1.2753  1.274  2.432  1.8  1.437  1.38  2.242  1.753  1.382  1.717  2.2925  2.4691  2.5575  -6.496  -7.467  -7.97  1.5377  1.1137  1.0567
1.2783  1.277  2.509  1.807  1.411  1.348  2.282  1.75  1.351  1.716  2.2931  2.4684  2.5569  -6.496  -7.467  -7.97  1.4598  1.0892  1.0284
1.2798  1.279  2.562  1.795  1.384  1.319  2.284  1.733  1.322  1.7  2.2808  2.4545  2.5428  -6.496  -7.467  -7.97  1.4421  1.0544  0.9867
1.281  1.28  2.614  1.779  1.357  1.29  2.278  1.714  1.293  1.682  2.2865  2.4615  2.5496  -6.496  -7.467  -7.97  1.4294  1.0292  0.9681
1.2818  1.281  2.652  1.763  1.334  1.265  2.27  1.696  1.268  1.664  2.2954  2.472  2.5676  -6.517  -7.475  -7.97  1.3943  0.967  0.9041
1.2829  1.282  2.705  1.74  1.301  1.232  2.255  1.669  1.235  1.638  2.3005  2.4767  2.5729  -6.525  -7.488  -7.981  1.408  0.9717  0.9179
1.2841  1.283  2.769  1.71  1.261  1.19  2.235  1.636  1.193  1.606  2.3235  2.5014  2.6039  -6.525  -7.488  -7.981  1.4194  0.9957  0.9209
1.2855  1.284  2.856  1.662  1.205  1.133  2.195  1.586  1.135  1.556  2.3182  2.4954  2.5977  -6.525  -7.488  -7.981  1.4296  1.0313  0.9696
1.2857  1.285  2.863  1.657  1.199  1.126  2.191  1.58  1.129  1.551  2.3206  2.4979  2.6002  -6.525  -7.488  -7.981  1.4343  1.0683  0.9963
1.286  1.285  2.886  1.642  1.183  1.11  2.177  1.565  1.113  1.536  2.3204  2.4983  2.6006  -6.525  -7.488  -7.981  1.4466  1.0856  1.019
1.2885  1.288  3.067  1.532  1.065  0.99  2.076  1.452  0.993  1.424  2.348  2.5282  2.6268  -6.525  -7.488  -7.981  1.5784  1.2194  1.1456
1.2913  1.29  3.278  1.401  0.926  0.851  1.952  1.319  0.854  1.291  2.3403  2.5191  2.6111  -6.525  -7.488  -7.981  1.6649  1.3066  1.2509
1.2938  1.293  3.497  1.276  0.796  0.719  1.833  1.192  0.722  1.164  2.3552  2.538  2.6433  -6.525  -7.488  -8.004  1.6017  1.2444  1.185
1.2958  1.295  3.694  1.165  0.681  0.603  1.726  1.08  0.606  1.052  2.3631  2.5469  2.6526  -6.525  -7.488  -8.004  1.6071  1.2552  1.197
1.2965  1.295  3.767  1.126  0.64  0.563  1.689  1.04  0.565  1.013  2.3793  2.5643  2.6703  -6.525  -7.488  -8.004  1.625  1.265  1.209
1.2987  1.298  4.028  0.992  0.501  0.422  1.56  0.904  0.425  0.878  2.3836  2.5694  2.6778  -6.525  -7.488  -8.004  1.6278  1.2974  1.2374
1.3008  1.3  4.307  0.858  0.361  0.282  1.43  0.768  0.284  0.742  2.3569  2.54  2.6519  -6.546  -7.508  -8.004  1.5522  1.1652  1.0912
1.3026  1.301  4.603  0.725  0.224  0.143  1.304  0.634  0.146  0.608  2.3491  2.5316  2.6435  -6.546  -7.508  -8.004  1.5396  1.1137  1.0492
1.3041  1.303  4.913  0.596  0.09  0.008  1.18  0.503  0.011  0.478  2.3275  2.5085  2.6198  -6.546  -7.508  -8.004  1.512  1.0572  0.9743
1.3055  1.304  5.232  0.471  -0.041  -0.124  1.061  0.376  -0.121  0.351  2.2996  2.4785  2.5869  -6.546  -7.508  -8.004  1.3762  0.9744  0.9198
1.3068  1.306  5.587  0.342  -0.176  -0.26  0.938  0.245  -0.258  0.221  2.3066  2.4857  2.5963  -6.546  -7.508  -8.004  1.36  0.9825  0.9333
1.3079  1.307  5.938  0.222  -0.302  -0.387  0.824  0.123  -0.385  0.099  2.3032  2.4814  2.5883  -6.546  -7.508  -8.004  1.404  1.0132  0.948
1.3089  1.308  6.302  0.106  -0.424  -0.51  0.714  0.005  -0.508  -0.018  2.305  2.4842  2.5982  -6.546  -7.508  -8.025  1.3163  0.9382  0.863
1.3098  1.309  6.694  -0.01  -0.545  -0.634  0.604  -0.113  -0.631  -0.135  2.3304  2.5115  2.6262  -6.546  -7.508  -8.025  1.4206  1.0213  0.9551
1.3106  1.309  7.118  -0.128  -0.671  -0.76  0.492  -0.234  -0.757  -0.255  2.3305  2.5114  2.626  -6.546  -7.508  -8.025  1.4451  1.0317  0.9637
1.3113  1.31  7.535  -0.238  -0.786  -0.877  0.39  -0.346  -0.874  -0.367  2.3412  2.5225  2.6372  -6.546  -7.508  -8.025  1.4722  1.0424  0.9702
1.312  1.311  7.985  -0.349  -0.905  -0.997  0.285  -0.46  -0.994  -0.48  2.3382  2.5187  2.6332  -6.546  -7.508  -8.025  1.4202  1.0204  0.9548
1.3126  1.311  8.432  -0.454  -1.015  -1.109  0.187  -0.566  -1.106  -0.586  2.3405  2.5207  2.6356  -6.546  -7.508  -8.025  1.3842  0.9996  0.942
1.3132  1.312  8.905  -0.558  -1.126  -1.221  0.089  -0.673  -1.218  -0.692  2.2916  2.4668  2.5847  -6.546  -7.508  -8.025  1.178  0.6734  0.5865
1.3137  1.312  9.312  -0.643  -1.216  -1.313  0.01  -0.76  -1.31  -0.778  2.3021  2.479  2.6022  -6.546  -7.508  -8.025  1.2875  0.8849  0.8
1.3145  1.313  9.846  -0.747  -1.327  -1.425  -0.088  -0.866  -1.422  -0.884  2.2863  2.4614  2.5842  -6.546  -7.508  -8.025  1.2598  0.7885  0.713
1.3148  1.313  9.644  -0.709  -1.286  -1.384  -0.053  -0.828  -1.381  -0.845  2.2823  2.4572  2.5801  -6.546  -7.508  -8.025  1.2424  0.7843  0.713
1.3153  1.314  9.1  -0.603  -1.172  -1.268  0.044  -0.719  -1.265  -0.737  2.2726  2.4474  2.5701  -6.546  -7.508  -8.025  1.171  0.699  0.635
1.3153  1.314  9.071  -0.598  -1.166  -1.262  0.049  -0.713  -1.259  -0.732  2.2726  2.4474  2.5701  -6.546  -7.508  -8.025  1.171  0.699  0.635
1.3156  1.314  9.427  -0.67  -1.243  -1.339  -0.018  -0.787  -1.337  -0.805  2.2711  2.4455  2.5679  -6.546  -7.508  -8.025  1.1545  0.681  0.6055
1.3162  1.314  10.043  -0.79  -1.371  -1.47  -0.13  -0.91  -1.467  -0.927  2.2662  2.4406  2.5581  -6.546  -7.508  -8.025  1.0919  0.6131  0.5251
1.3167  1.315  10.721  -0.91  -1.5  -1.601  -0.242  -1.034  -1.598  -1.049  2.26  2.4338  2.5513  -6.546  -7.508  -8.025  1.0047  0.507  0.4258
1.3171  1.315  11.414  -1.029  -1.625  -1.728  -0.352  -1.155  -1.725  -1.17  2.2579  2.4317  2.5492  -6.546  -7.508  -8.025  1.0256  0.518  0.4324
1.3175  1.315  12.158  -1.147  -1.752  -1.857  -0.461  -1.276  -1.854  -1.29  2.2684  2.4432  2.5612  -6.546  -7.508  -8.025  1.0614  0.5732  0.4984
1.3179  1.316  12.95  -1.266  -1.879  -1.987  -0.572  -1.399  -1.984  -1.411  2.2667  2.4413  2.559  -6.546  -7.508  -8.025  1.0461  0.5524  0.4831
1.3183  1.316  13.799  -1.383  -2.005  -2.115  -0.68  -1.519  -2.112  -1.531  2.2608  2.4346  2.5543  -6.566  -7.526  -8.025  0.8932  0.3802  0.2922
1.3186  1.316  14.681  -1.5  -2.129  -2.242  -0.787  -1.639  -2.239  -1.649  2.2757  2.4508  2.5714  -6.566  -7.526  -8.025  0.9489  0.4742  0.386
1.3189  1.316  15.644  -1.617  -2.255  -2.37  -0.895  -1.759  -2.367  -1.769  2.2792  2.4529  2.5667  -6.566  -7.526  -8.025  1.1306  0.6452  0.5676
1.3192  1.317  16.652  -1.732  -2.379  -2.496  -1.0  -1.878  -2.493  -1.886  2.2737  2.4472  2.561  -6.566  -7.526  -8.025  1.0919  0.6147  0.5289
1.3195  1.317  17.711  -1.847  -2.502  -2.623  -1.106  -1.996  -2.62  -2.003  2.2717  2.445  2.5588  -6.566  -7.526  -8.025  1.0294  0.5368  0.4664
1.3197  1.317  18.861  -1.961  -2.626  -2.749  -1.21  -2.114  -2.746  -2.12  2.2766  2.4501  2.564  -6.566  -7.526  -8.025  1.0858  0.6064  0.5228
1.3199  1.317  20.084  -2.075  -2.745  -2.874  -1.313  -2.23  -2.87  -2.235  2.2804  2.4541  2.5679  -6.566  -7.526  -8.025  1.1306  0.6452  0.5676
1.3201  1.317  21.363  -2.184  -2.858  -2.993  -1.412  -2.341  -2.989  -2.345  2.2835  2.4574  2.5712  -6.566  -7.526  -8.025  1.1369  0.6913  0.6251
1.3203  1.317  22.733  -2.296  -2.974  -3.114  -1.513  -2.454  -3.11  -2.458  2.2819  2.4554  2.5692  -6.566  -7.526  -8.025  1.1305  0.6445  0.5672
1.3205  1.317  24.191  -2.406  -3.088  -3.235  -1.612  -2.566  -3.231  -2.569  2.2821  2.4556  2.5694  -6.566  -7.526  -8.025  1.1307  0.6459  0.5679
1.3206  1.317  25.713  -2.515  -3.202  -3.354  -1.71  -2.677  -3.35  -2.679  2.2821  2.4556  2.5694  -6.566  -7.526  -8.025  1.1307  0.6459  0.5679
1.3208  1.317  27.362  -2.625  -3.316  -3.475  -1.809  -2.789  -3.471  -2.79  2.2821  2.4557  2.5694  -6.566  -7.526  -8.025  1.1309  0.6473  0.5687
1.3209  1.317  29.084  -2.731  -3.427  -3.593  -1.903  -2.898  -3.588  -2.898  2.28  2.4531  2.5669  -6.566  -7.526  -8.025  1.1275  0.6335  0.5607
1.321  1.316  30.964  -2.841  -3.541  -3.714  -2.001  -3.009  -3.709  -3.009  2.2759  2.4489  2.5626  -6.566  -7.526  -8.025  1.1294  0.6368  0.5634
1.3211  1.316  32.889  -2.947  -3.652  -3.831  -2.094  -3.117  -3.826  -3.116  2.2759  2.4489  2.5626  -6.566  -7.526  -8.025  1.1294  0.6368  0.5634
1.3212  1.316  34.975  -3.054  -3.767  -3.952  -2.19  -3.228  -3.946  -3.225  2.278  2.4511  2.5648  -6.566  -7.526  -8.025  1.1292  0.6354  0.5627
1.3213  1.316  37.192  -3.164  -3.885  -4.075  -2.288  -3.342  -4.07  -3.337  2.2737  2.4465  2.5602  -6.566  -7.526  -8.025  1.0688  0.5825  0.5005
1.3214  1.316  39.478  -3.27  -4.0  -4.195  -2.382  -3.452  -4.189  -3.446  2.2737  2.4465  2.5602  -6.566  -7.526  -8.025  1.0707  0.5852  0.5028
1.3215  1.315  41.933  -3.376  -4.116  -4.316  -2.476  -3.563  -4.31  -3.554  2.2771  2.4501  2.5638  -6.566  -7.526  -8.025  1.1026  0.6246  0.539
1.3216  1.315  44.612  -3.485  -4.233  -4.438  -2.572  -3.675  -4.432  -3.665  2.2773  2.4503  2.564  -6.566  -7.526  -8.025  1.1011  0.6241  0.5377
1.3217  1.314  47.321  -3.589  -4.346  -4.556  -2.663  -3.784  -4.55  -3.772  2.2772  2.4502  2.5639  -6.566  -7.526  -8.025  1.1011  0.6241  0.5377
1.3217  1.314  50.229  -3.693  -4.459  -4.675  -2.754  -3.892  -4.669  -3.878  2.2772  2.4502  2.5639  -6.566  -7.526  -8.025  1.1011  0.6241  0.5377
1.3218  1.314  53.34  -3.799  -4.573  -4.795  -2.847  -4.003  -4.789  -3.986  2.2776  2.4505  2.5642  -6.566  -7.526  -8.025  1.1026  0.6246  0.539
1.3218  1.313  56.605  -3.901  -4.685  -4.912  -2.935  -4.109  -4.906  -4.091  2.2778  2.4508  2.5645  -6.566  -7.526  -8.025  1.1042  0.6252  0.5404
1.3219  1.312  59.973  -4.002  -4.795  -5.027  -3.022  -4.215  -5.021  -4.194  2.2771  2.4501  2.5638  -6.566  -7.526  -8.025  1.1073  0.6263  0.5431
1.322  1.312  63.717  -4.107  -4.907  -5.146  -3.11  -4.324  -5.139  -4.301  2.2801  2.4533  2.567  -6.566  -7.526  -8.025  1.1294  0.6368  0.5634
1.322  1.311  68.447  -4.232  -5.042  -5.288  -3.216  -4.454  -5.282  -4.429  2.2801  2.4533  2.567  -6.566  -7.526  -8.025  1.1294  0.6368  0.5634
1.3221  1.31  73.613  -4.358  -5.177  -5.431  -3.318  -4.584  -5.424  -4.557  2.2807  2.4539  2.5676  -6.566  -7.526  -8.025  1.1292  0.6354  0.5627
1.3221  1.309  79.023  -4.482  -5.311  -5.571  -3.418  -4.713  -5.564  -4.684  2.2807  2.4539  2.5676  -6.566  -7.526  -8.025  1.1292  0.6354  0.5627
1.3222  1.308  84.831  -4.604  -5.442  -5.71  -3.514  -4.84  -5.703  -4.809  2.2835  2.4567  2.5703  -6.566  -7.526  -8.025  1.1317  0.6531  0.5756
1.3222  1.306  90.961  -4.726  -5.573  -5.849  -3.605  -4.966  -5.841  -4.933  2.2802  2.453  2.5666  -6.566  -7.526  -8.025  1.1293  0.6361  0.563
1.3222  1.305  97.579  -4.846  -5.702  -5.986  -3.694  -5.091  -5.978  -5.056  2.2802  2.453  2.5666  -6.566  -7.526  -8.025  1.1293  0.6361  0.563
1.3223  1.303  104.557  -4.965  -5.828  -6.12  -3.772  -5.213  -6.112  -5.176  2.2805  2.4534  2.567  -6.566  -7.526  -8.025  1.1293  0.6361  0.563
1.3223  1.301  112.087  -5.086  -5.956  -6.257  -3.85  -5.337  -6.249  -5.299  2.2805  2.4534  2.567  -6.566  -7.526  -8.025  1.1293  0.6361  0.563
1.3223  1.299  120.02  -5.203  -6.08  -6.389  -3.915  -5.457  -6.38  -5.418  2.2806  2.4534  2.567  -6.566  -7.526  -8.025  1.1294  0.6368  0.5634
1.3224  1.297  128.575  -5.322  -6.204  -6.522  -3.977  -5.578  -6.513  -5.539  2.2806  2.4534  2.567  -6.566  -7.526  -8.025  1.1294  0.6368  0.5634
1.3224  1.294  137.422  -5.437  -6.323  -6.652  -4.02  -5.694  -6.642  -5.655  2.2803  2.4531  2.5667  -6.566  -7.526  -8.025  1.1293  0.6361  0.563
1.3224  1.291  146.405  -5.545  -6.436  -6.774  -4.052  -5.803  -6.764  -5.764  2.2817  2.4546  2.5683  -6.566  -7.526  -8.025  1.1294  0.6368  0.5634
1.3224  1.289  152.917  -5.619  -6.513  -6.858  -4.068  -5.877  -6.847  -5.839  2.2817  2.4546  2.5683  -6.566  -7.526  -8.025  1.1294  0.6368  0.5634
1.3227  1.29  11.173  -1.081  -1.632  -1.725  -0.446  -1.189  -1.723  -1.21  2.2668  2.4387  2.5524  -6.566  -7.526  -8.025  0.998  0.522  0.449
1.3231  1.29  11.24  -1.094  -1.646  -1.74  -0.458  -1.203  -1.737  -1.224  2.2686  2.4412  2.5549  -6.566  -7.526  -8.025  1.044  0.5618  0.4852
1.3234  1.29  11.242  -1.095  -1.646  -1.739  -0.459  -1.203  -1.737  -1.224  2.2737  2.4464  2.5602  -6.566  -7.526  -8.025  1.047  0.5632  0.486
1.3237  1.291  11.214  -1.091  -1.641  -1.734  -0.456  -1.199  -1.732  -1.22  2.2738  2.4466  2.5605  -6.566  -7.526  -8.025  0.9986  0.5328  0.464
1.3239  1.291  11.167  -1.087  -1.636  -1.729  -0.453  -1.194  -1.726  -1.216  2.2763  2.449  2.5627  -6.566  -7.526  -8.025  1.1042  0.6252  0.5404
1.3242  1.291  11.139  -1.082  -1.63  -1.723  -0.45  -1.189  -1.72  -1.211  2.2794  2.4524  2.5663  -6.566  -7.526  -8.025  1.1166  0.6296  0.5512
1.3245  1.292  11.111  -1.078  -1.625  -1.718  -0.447  -1.185  -1.715  -1.206  2.2881  2.4618  2.5759  -6.566  -7.526  -8.025  1.1296  0.6382  0.5641
1.3248  1.292  11.083  -1.074  -1.62  -1.713  -0.444  -1.181  -1.71  -1.202  2.2809  2.4542  2.5677  -6.566  -7.526  -8.025  1.1181  0.6301  0.5525
1.3251  1.292  11.05  -1.07  -1.615  -1.708  -0.441  -1.176  -1.705  -1.198  2.2651  2.4369  2.5547  -6.566  -7.526  -8.025  0.8639  0.3626  0.2867
1.3254  1.293  11.027  -1.067  -1.612  -1.704  -0.439  -1.173  -1.701  -1.195  2.2746  2.4477  2.5674  -6.566  -7.526  -8.043  0.8635  0.361  0.2855
1.3257  1.293  10.999  -1.065  -1.608  -1.7  -0.437  -1.171  -1.698  -1.192  2.2817  2.4558  2.5736  -6.566  -7.526  -8.043  1.053  0.5661  0.4875
1.326  1.293  10.989  -1.063  -1.606  -1.698  -0.436  -1.168  -1.695  -1.19  2.2801  2.4539  2.5715  -6.566  -7.526  -8.043  1.047  0.5632  0.486
1.3263  1.294  10.961  -1.062  -1.604  -1.695  -0.435  -1.167  -1.693  -1.189  2.2801  2.4538  2.5714  -6.566  -7.526  -8.043  1.0721  0.5744  0.4908
1.3266  1.294  10.951  -1.061  -1.602  -1.694  -0.435  -1.166  -1.691  -1.188  2.2741  2.4478  2.5656  -6.566  -7.526  -8.043  1.005  0.5429  0.4755
1.3268  1.294  10.951  -1.061  -1.602  -1.693  -0.435  -1.165  -1.691  -1.188  2.2732  2.4469  2.5648  -6.566  -7.526  -8.043  1.017  0.5487  0.4785
1.3268  1.294  10.946  -1.06  -1.601  -1.693  -0.435  -1.165  -1.69  -1.187  2.2718  2.4454  2.5635  -6.566  -7.526  -8.043  0.9978  0.5184  0.444
1.3271  1.295  10.936  -1.06  -1.6  -1.692  -0.435  -1.165  -1.689  -1.187  2.2747  2.4487  2.5669  -6.566  -7.526  -8.043  1.02  0.5501  0.4792
1.3275  1.295  10.943  -1.06  -1.6  -1.691  -0.436  -1.165  -1.689  -1.187  2.2668  2.4402  2.5582  -6.566  -7.526  -8.043  0.9975  0.513  0.4365
1.3278  1.295  10.938  -1.061  -1.6  -1.692  -0.437  -1.165  -1.689  -1.187  2.2633  2.4367  2.5544  -6.566  -7.526  -8.043  0.9989  0.5382  0.4715
1.3281  1.296  10.946  -1.062  -1.602  -1.693  -0.439  -1.166  -1.69  -1.189  2.251  2.4234  2.5394  -6.566  -7.526  -8.043  0.9234  0.4251  0.3438
1.3283  1.296  10.941  -1.064  -1.603  -1.694  -0.44  -1.168  -1.691  -1.19  2.2485  2.4204  2.5363  -6.566  -7.526  -8.043  0.8775  0.3777  0.3007
1.3283  1.296  10.941  -1.064  -1.603  -1.694  -0.44  -1.168  -1.691  -1.19  2.2486  2.4204  2.5364  -6.566  -7.526  -8.043  0.8775  0.3777  0.3007
1.3287  1.296  10.966  -1.067  -1.606  -1.697  -0.443  -1.171  -1.694  -1.193  2.2522  2.4245  2.5403  -6.566  -7.526  -8.043  0.9544  0.4573  0.3687
1.329  1.297  10.979  -1.071  -1.609  -1.701  -0.447  -1.174  -1.698  -1.197  2.2548  2.4273  2.5432  -6.566  -7.526  -8.043  0.9637  0.4843  0.4012
1.329  1.297  10.979  -1.071  -1.61  -1.701  -0.447  -1.175  -1.698  -1.197  2.2512  2.4234  2.5392  -6.566  -7.526  -8.043  0.9544  0.4614  0.3729
1.3293  1.297  11.009  -1.076  -1.615  -1.706  -0.452  -1.18  -1.704  -1.202  2.2452  2.4171  2.5329  -6.566  -7.526  -8.043  0.891  0.3925  0.3145
1.3297  1.297  11.04  -1.082  -1.622  -1.713  -0.458  -1.186  -1.711  -1.209  2.2494  2.4214  2.537  -6.566  -7.526  -8.043  0.9198  0.423  0.3426
1.33  1.298  11.088  -1.09  -1.63  -1.721  -0.465  -1.194  -1.719  -1.217  2.2526  2.4247  2.5402  -6.566  -7.526  -8.043  0.9468  0.4388  0.3516
1.3303  1.298  11.149  -1.1  -1.64  -1.732  -0.474  -1.204  -1.729  -1.227  2.2567  2.4291  2.5445  -6.566  -7.526  -8.043  0.9545  0.4655  0.3771
1.3306  1.299  11.222  -1.112  -1.654  -1.746  -0.485  -1.217  -1.743  -1.239  2.2609  2.4336  2.5489  -6.566  -7.526  -8.043  0.975  0.4848  0.408
1.3309  1.299  11.307  -1.126  -1.669  -1.761  -0.498  -1.231  -1.758  -1.253  2.2638  2.4365  2.5522  -6.566  -7.526  -8.043  0.975  0.4848  0.408
1.3313  1.299  11.412  -1.141  -1.686  -1.778  -0.512  -1.247  -1.776  -1.269  2.2851  2.4595  2.5772  -6.566  -7.526  -8.043  1.097  0.6188  0.5308
1.3316  1.3  11.531  -1.16  -1.706  -1.799  -0.529  -1.266  -1.796  -1.288  2.3092  2.4849  2.6069  -6.566  -7.526  -8.043  1.2181  0.7245  0.638
1.3319  1.3  11.699  -1.185  -1.733  -1.827  -0.552  -1.292  -1.824  -1.314  2.3122  2.4882  2.6101  -6.566  -7.526  -8.043  1.219  0.766  0.681
1.3322  1.3  11.922  -1.219  -1.771  -1.865  -0.582  -1.328  -1.863  -1.349  2.3164  2.4928  2.6147  -6.566  -7.526  -8.043  1.2382  0.7806  0.7096
1.3325  1.301  12.327  -1.28  -1.837  -1.933  -0.636  -1.39  -1.93  -1.411  2.3189  2.4949  2.6166  -6.566  -7.526  -8.043  1.2612  0.8003  0.734
1.3327  1.301  13.045  -1.38  -1.947  -2.046  -0.726  -1.494  -2.043  -1.513  2.3163  2.4921  2.6134  -6.566  -7.526  -8.043  1.2564  0.7987  0.734
1.3328  1.301  13.866  -1.488  -2.066  -2.167  -0.823  -1.606  -2.164  -1.624  2.2953  2.4693  2.5878  -6.566  -7.526  -8.043  1.2133  0.722  0.6377
1.3329  1.301  14.779  -1.602  -2.19  -2.294  -0.925  -1.724  -2.291  -1.741  2.2976  2.4721  2.5898  -6.566  -7.526  -8.043  1.1308  0.6925  0.6277
1.3329  1.301  15.651  -1.703  -2.301  -2.408  -1.016  -1.829  -2.405  -1.844  2.2976  2.4721  2.5898  -6.566  -7.526  -8.043  1.1308  0.6925  0.6277
1.3329  1.301  16.629  -1.81  -2.419  -2.529  -1.112  -1.94  -2.526  -1.954  2.2976  2.4721  2.5898  -6.566  -7.526  -8.043  1.1308  0.6925  0.6277
1.3329  1.301  17.667  -1.918  -2.537  -2.65  -1.209  -2.052  -2.647  -2.065  2.2976  2.4721  2.5898  -6.566  -7.526  -8.043  1.1308  0.6925  0.6277
1.3329  1.301  18.709  -2.02  -2.649  -2.765  -1.301  -2.158  -2.762  -2.169  2.2976  2.4721  2.5898  -6.566  -7.526  -8.043  1.1308  0.6925  0.6277
1.3329  1.301  18.822  -2.031  -2.661  -2.777  -1.31  -2.169  -2.774  -2.181  2.2975  2.4721  2.5897  -6.566  -7.526  -8.043  1.1308  0.6925  0.6277
1.3329  1.301  18.843  -2.032  -2.662  -2.779  -1.312  -2.171  -2.776  -2.182  2.2975  2.4721  2.5897  -6.566  -7.526  -8.043  1.1308  0.6925  0.6277
1.333  1.301  20.098  -2.145  -2.781  -2.903  -1.412  -2.286  -2.9  -2.296  2.2975  2.4721  2.5897  -6.566  -7.526  -8.043  1.1308  0.6925  0.6277
1.333  1.301  21.343  -2.25  -2.892  -3.019  -1.506  -2.393  -3.016  -2.403  2.2975  2.4721  2.5897  -6.566  -7.526  -8.043  1.1308  0.6925  0.6277
1.333  1.301  22.545  -2.347  -2.993  -3.126  -1.592  -2.492  -3.122  -2.501  2.2981  2.4728  2.5905  -6.566  -7.526  -8.043  1.1309  0.6958  0.6314
1.333  1.301  21.045  -2.227  -2.867  -2.993  -1.485  -2.369  -2.99  -2.379  2.2981  2.4728  2.5905  -6.566  -7.526  -8.043  1.1309  0.6958  0.6314
1.3331  1.301  19.937  -2.131  -2.767  -2.888  -1.4  -2.272  -2.884  -2.282  2.2957  2.4701  2.5878  -6.566  -7.526  -8.043  1.1295  0.6502  0.5802
1.3334  1.301  21.021  -2.224  -2.864  -2.99  -1.482  -2.366  -2.987  -2.376  2.2977  2.4724  2.5903  -6.566  -7.526  -8.043  1.1197  0.6307  0.559
1.3335  1.301  22.483  -2.341  -2.988  -3.12  -1.586  -2.486  -3.116  -2.495  2.2972  2.4719  2.5897  -6.566  -7.526  -8.043  1.1212  0.6312  0.5595
1.3336  1.3  23.991  -2.454  -3.107  -3.246  -1.687  -2.601  -3.242  -2.61  2.2969  2.4717  2.5895  -6.566  -7.526  -8.043  1.1181  0.6301  0.5585
1.3337  1.3  25.589  -2.566  -3.224  -3.37  -1.786  -2.715  -3.366  -2.723  2.2998  2.475  2.5929  -6.566  -7.526  -8.043  1.1305  0.6828  0.6168
1.3338  1.299  27.293  -2.676  -3.341  -3.493  -1.883  -2.829  -3.489  -2.835  2.3061  2.4817  2.5997  -6.566  -7.526  -8.043  1.1586  0.7054  0.6358
1.3339  1.299  29.077  -2.787  -3.457  -3.616  -1.981  -2.942  -3.612  -2.947  2.3067  2.4823  2.6004  -6.566  -7.526  -8.043  1.1621  0.7062  0.6359
1.334  1.298  31.014  -2.896  -3.573  -3.739  -2.077  -3.054  -3.734  -3.058  2.307  2.4826  2.6007  -6.566  -7.526  -8.043  1.1621  0.7062  0.6359
1.334  1.298  33.041  -3.004  -3.687  -3.86  -2.172  -3.165  -3.855  -3.167  2.307  2.4826  2.6007  -6.566  -7.526  -8.043  1.1621  0.7062  0.6359
1.3341  1.297  35.185  -3.114  -3.806  -3.984  -2.269  -3.278  -3.979  -3.28  2.307  2.4827  2.6008  -6.566  -7.526  -8.043  1.1586  0.7054  0.6358
1.3341  1.296  37.476  -3.224  -3.927  -4.111  -2.365  -3.393  -4.105  -3.393  2.307  2.4827  2.6008  -6.566  -7.526  -8.043  1.1586  0.7054  0.6358
1.3341  1.295  40.073  -3.334  -4.049  -4.24  -2.459  -3.509  -4.235  -3.506  2.3086  2.4845  2.6027  -6.566  -7.526  -8.043  1.1621  0.7062  0.6359
1.3342  1.294  42.506  -3.421  -4.153  -4.351  -2.527  -3.604  -4.345  -3.597  2.3086  2.4845  2.6027  -6.566  -7.526  -8.043  1.1621  0.7062  0.6359
1.3342  1.293  45.212  -3.529  -4.27  -4.474  -2.622  -3.716  -4.468  -3.708  2.3086  2.4845  2.6027  -6.566  -7.526  -8.043  1.1621  0.7062  0.6359
1.3342  1.292  48.19  -3.638  -4.389  -4.599  -2.717  -3.83  -4.593  -3.819  2.3085  2.4845  2.6026  -6.566  -7.526  -8.043  1.1689  0.7078  0.6361
1.3343  1.29  51.222  -3.745  -4.506  -4.722  -2.81  -3.942  -4.716  -3.929  2.3085  2.4845  2.6026  -6.566  -7.526  -8.043  1.1689  0.7078  0.6361
1.3343  1.289  54.532  -3.851  -4.623  -4.844  -2.902  -4.054  -4.838  -4.038  2.3085  2.4845  2.6026  -6.566  -7.526  -8.043  1.1689  0.7078  0.6361
1.3343  1.286  58.137  -3.961  -4.743  -4.97  -2.995  -4.168  -4.964  -4.151  2.3115  2.4879  2.6061  -6.566  -7.526  -8.043  1.2086  0.7195  0.6375
1.3344  1.284  62.353  -4.08  -4.873  -5.108  -3.096  -4.294  -5.102  -4.272  2.3115  2.4879  2.6061  -6.566  -7.526  -8.043  1.2086  0.7195  0.6375
1.3344  1.281  67.477  -4.216  -5.02  -5.264  -3.209  -4.435  -5.257  -4.411  2.3121  2.4886  2.6068  -6.566  -7.526  -8.043  1.2095  0.72  0.6375
1.3344  1.279  72.469  -4.338  -5.153  -5.403  -3.309  -4.562  -5.397  -4.536  2.3121  2.4886  2.6068  -6.566  -7.526  -8.043  1.2095  0.72  0.6375
1.3344  1.278  77.492  -4.453  -5.277  -5.535  -3.399  -4.682  -5.528  -4.654  2.3121  2.4886  2.6068  -6.566  -7.526  -8.043  1.2095  0.72  0.6375
1.3344  1.276  82.843  -4.567  -5.401  -5.666  -3.489  -4.801  -5.659  -4.771  2.3116  2.4881  2.6063  -6.566  -7.526  -8.043  1.2104  0.7205  0.6375
1.3344  1.274  88.523  -4.679  -5.521  -5.794  -3.571  -4.917  -5.787  -4.885  2.3116  2.4881  2.6063  -6.566  -7.526  -8.043  1.2104  0.7205  0.6375
1.3344  1.271  94.985  -4.798  -5.651  -5.932  -3.657  -5.042  -5.925  -5.007  2.3116  2.4881  2.6063  -6.566  -7.526  -8.043  1.2104  0.7205  0.6375
1.3344  1.268  100.706  -4.898  -5.758  -6.046  -3.722  -5.144  -6.039  -5.109  2.3116  2.4881  2.6063  -6.566  -7.526  -8.043  1.2104  0.7205  0.6375
1.3345  1.264  107.24  -5.002  -5.869  -6.166  -3.786  -5.252  -6.158  -5.215  2.3116  2.4881  2.6063  -6.566  -7.526  -8.043  1.2104  0.7205  0.6375
1.3345  1.262  111.367  -5.066  -5.938  -6.24  -3.825  -5.318  -6.231  -5.28  2.3116  2.4881  2.6063  -6.566  -7.526  -8.043  1.2104  0.7205  0.6375
1.3345  1.26  114.355  -5.111  -5.985  -6.29  -3.848  -5.364  -6.282  -5.325  2.3151  2.4922  2.6105  -6.566  -7.526  -8.043  1.219  0.7475  0.6699
1.3345  1.26  114.355  -5.111  -5.985  -6.291  -3.847  -5.364  -6.282  -5.325  2.3151  2.4922  2.6105  -6.566  -7.526  -8.043  1.219  0.7475  0.6699
1.3345  1.259  113.934  -5.104  -5.978  -6.283  -3.844  -5.357  -6.274  -5.318  2.3151  2.4922  2.6105  -6.566  -7.526  -8.043  1.219  0.7475  0.6699
1.3345  1.259  115.201  -5.124  -5.999  -6.305  -3.853  -5.377  -6.297  -5.339  2.3151  2.4922  2.6105  -6.566  -7.526  -8.043  1.219  0.7475  0.6699
1.3345  1.259  116.508  -5.143  -6.019  -6.327  -3.863  -5.397  -6.318  -5.358  2.3151  2.4922  2.6105  -6.566  -7.526  -8.043  1.219  0.7475  0.6699
1.3345  1.258  117.938  -5.163  -6.04  -6.35  -3.872  -5.417  -6.341  -5.378  2.3151  2.4922  2.6105  -6.566  -7.526  -8.043  1.219  0.7475  0.6699
1.3345  1.258  115.866  -5.133  -6.009  -6.316  -3.856  -5.387  -6.308  -5.348  2.3151  2.4922  2.6105  -6.566  -7.526  -8.043  1.219  0.7475  0.6699
1.3345  1.256  104.774  -4.962  -5.827  -6.121  -3.758  -5.211  -6.113  -5.174  2.3151  2.4922  2.6105  -6.566  -7.526  -8.043  1.219  0.7475  0.6699
1.3345  1.256  107.092  -5.0  -5.867  -6.164  -3.782  -5.25  -6.156  -5.213  2.3151  2.4922  2.6105  -6.566  -7.526  -8.043  1.219  0.7475  0.6699
1.3345  1.256  110.498  -5.052  -5.923  -6.225  -3.813  -5.304  -6.216  -5.266  2.3151  2.4922  2.6105  -6.566  -7.526  -8.043  1.219  0.7475  0.6699
1.3345  1.256  110.396  -5.051  -5.922  -6.223  -3.814  -5.303  -6.215  -5.265  2.3151  2.4922  2.6105  -6.566  -7.526  -8.043  1.219  0.7475  0.6699
1.3345  1.256  109.233  -5.032  -5.901  -6.201  -3.802  -5.283  -6.193  -5.245  2.3151  2.4922  2.6105  -6.566  -7.526  -8.043  1.219  0.7475  0.6699
1.3345  1.256  109.108  -5.032  -5.901  -6.201  -3.802  -5.283  -6.193  -5.245  2.3151  2.4922  2.6105  -6.566  -7.526  -8.043  1.219  0.7475  0.6699
1.3345  1.256  107.884  -5.01  -5.879  -6.177  -3.787  -5.261  -6.169  -5.223  2.3151  2.4922  2.6105  -6.566  -7.526  -8.043  1.219  0.7475  0.6699
1.3345  1.256  114.645  -5.115  -5.99  -6.296  -3.848  -5.369  -6.287  -5.33  2.3151  2.4922  2.6105  -6.566  -7.526  -8.043  1.219  0.7475  0.6699
1.3345  1.256  115.015  -5.12  -5.995  -6.302  -3.85  -5.374  -6.293  -5.335  2.3151  2.4922  2.6105  -6.566  -7.526  -8.043  1.219  0.7475  0.6699
1.3345  1.256  114.513  -5.113  -5.988  -6.294  -3.846  -5.366  -6.285  -5.328  2.3151  2.4922  2.6105  -6.566  -7.526  -8.043  1.219  0.7475  0.6699
1.3345  1.256  115.068  -5.121  -5.996  -6.303  -3.849  -5.374  -6.294  -5.336  2.3151  2.4922  2.6105  -6.566  -7.526  -8.043  1.219  0.7475  0.6699
1.3345  1.255  124.611  -5.256  -6.138  -6.455  -3.914  -5.512  -6.446  -5.473  2.3151  2.4922  2.6105  -6.566  -7.526  -8.043  1.219  0.7475  0.6699
1.3345  1.255  130.905  -5.339  -6.226  -6.551  -3.945  -5.597  -6.541  -5.557  2.3151  2.4922  2.6105  -6.566  -7.526  -8.043  1.219  0.7475  0.6699
1.3345  1.254  136.287  -5.407  -6.296  -6.627  -3.963  -5.664  -6.617  -5.626  2.3151  2.4922  2.6105  -6.566  -7.526  -8.043  1.219  0.7475  0.6699
1.3345  1.254  141.369  -5.469  -6.361  -6.698  -3.979  -5.728  -6.688  -5.688  2.3151  2.4922  2.6105  -6.566  -7.526  -8.043  1.219  0.7475  0.6699
1.3345  1.253  146.776  -5.532  -6.427  -6.77  -3.991  -5.791  -6.759  -5.752  2.3151  2.4922  2.6105  -6.566  -7.526  -8.043  1.219  0.7475  0.6699
1.3345  1.252  152.952  -5.6  -6.498  -6.848  -3.984  -5.859  -6.837  -5.821  2.3151  2.4922  2.6105  -6.566  -7.526  -8.043  1.219  0.7475  0.6699
1.3345  1.251  155.401  -5.625  -6.524  -6.877  -3.981  -5.884  -6.866  -5.846  2.3151  2.4922  2.6105  -6.566  -7.526  -8.043  1.219  0.7475  0.6699
1.3345  1.251  155.401  -5.625  -6.524  -6.877  -3.981  -5.884  -6.866  -5.846  2.3151  2.4922  2.6105  -6.566  -7.526  -8.043  1.219  0.7475  0.6699
1.3345  1.25  100.567  -4.889  -5.75  -6.04  -3.706  -5.136  -6.032  -5.1  2.3151  2.4922  2.6105  -6.566  -7.526  -8.043  1.219  0.7475  0.6699
1.3345  1.25  84.694  -4.603  -5.44  -5.709  -3.513  -4.838  -5.702  -4.807  2.3151  2.4922  2.6105  -6.566  -7.526  -8.043  1.219  0.7475  0.6699
1.3345  1.25  61.229  -4.067  -4.849  -5.08  -3.096  -4.275  -5.074  -4.257  2.3151  2.4922  2.6105  -6.566  -7.526  -8.043  1.219  0.7475  0.6699
1.3345  1.249  63.075  -4.115  -4.904  -5.138  -3.135  -4.326  -5.132  -4.306  2.3151  2.4922  2.6105  -6.566  -7.526  -8.043  1.219  0.7475  0.6699
1.3345  1.249  77.1  -4.444  -5.267  -5.525  -3.391  -4.672  -5.518  -4.645  2.3151  2.4922  2.6105  -6.566  -7.526  -8.043  1.219  0.7475  0.6699
1.3345  1.248  101.474  -4.901  -5.765  -6.057  -3.707  -5.15  -6.049  -5.113  2.3151  2.4922  2.6105  -6.566  -7.526  -8.043  1.219  0.7475  0.6699
1.3345  1.247  128.663  -5.302  -6.189  -6.513  -3.908  -5.56  -6.504  -5.52  2.3151  2.4922  2.6105  -6.566  -7.526  -8.043  1.219  0.7475  0.6699
1.3345  1.245  150.715  -5.568  -6.466  -6.815  -3.958  -5.827  -6.804  -5.789  2.3151  2.4922  2.6105  -6.566  -7.526  -8.043  1.219  0.7475  0.6699
1.3345  1.244  164.231  -5.711  -6.616  -6.979  -3.951  -5.97  -6.967  -5.934  2.3151  2.4922  2.6105  -6.566  -7.526  -8.043  1.219  0.7475  0.6699
1.3345  1.242  171.575  -5.784  -6.691  -7.06  -3.944  -6.04  -7.047  -6.007  2.3151  2.4922  2.6105  -6.566  -7.526  -8.043  1.219  0.7475  0.6699
1.3345  1.24  176.504  -5.829  -6.738  -7.113  -3.932  -6.084  -7.098  -6.053  2.3151  2.4922  2.6105  -6.566  -7.526  -8.043  1.219  0.7475  0.6699
1.3345  1.24  128.161  -5.287  -6.175  -6.5  -3.877  -5.544  -6.491  -5.505  2.3151  2.4922  2.6105  -6.566  -7.526  -8.043  1.219  0.7475  0.6699
1.3345  1.24  97.309  -4.819  -5.68  -5.969  -3.64  -5.066  -5.961  -5.03  2.3151  2.4922  2.6105  -6.566  -7.526  -8.043  1.219  0.7475  0.6699
1.3345  1.239  70.122  -4.275  -5.087  -5.337  -3.25  -4.498  -5.33  -4.473  2.3151  2.4922  2.6105  -6.566  -7.526  -8.043  1.219  0.7475  0.6699
1.3345  1.239  72.087  -4.319  -5.136  -5.388  -3.284  -4.544  -5.382  -4.518  2.3151  2.4922  2.6105  -6.566  -7.526  -8.043  1.219  0.7475  0.6699
1.3345  1.238  87.469  -4.64  -5.487  -5.763  -3.519  -4.881  -5.756  -4.847  2.3151  2.4922  2.6105  -6.566  -7.526  -8.043  1.219  0.7475  0.6699
1.3345  1.236  114.276  -5.088  -5.968  -6.278  -3.787  -5.343  -6.269  -5.304  2.3151  2.4922  2.6105  -6.566  -7.526  -8.043  1.219  0.7475  0.6699
1.3345  1.235  143.6  -5.475  -6.372  -6.716  -3.912  -5.734  -6.705  -5.696  2.3151  2.4922  2.6105  -6.566  -7.526  -8.043  1.219  0.7475  0.6699
1.3345  1.233  166.439  -5.724  -6.631  -6.998  -3.911  -5.982  -6.985  -5.947  2.3151  2.4922  2.6105  -6.566  -7.526  -8.043  1.219  0.7475  0.6699
1.3345  1.231  179.537  -5.852  -6.764  -7.142  -3.902  -6.107  -7.127  -6.077  2.3151  2.4922  2.6105  -6.566  -7.526  -8.043  1.219  0.7475  0.6699
1.3345  1.229  185.718  -5.907  -6.821  -7.205  -3.891  -6.161  -7.19  -6.132  2.3151  2.4922  2.6105  -6.566  -7.526  -8.043  1.219  0.7475  0.6699
1.3345  1.227  188.867  -5.935  -6.85  -7.236  -3.883  -6.187  -7.22  -6.161  2.3151  2.4922  2.6105  -6.566  -7.526  -8.043  1.219  0.7475  0.6699
1.3345  1.227  138.693  -5.413  -6.308  -6.648  -3.887  -5.672  -6.638  -5.633  2.3151  2.4922  2.6105  -6.566  -7.526  -8.043  1.219  0.7475  0.6699
1.3345  1.226  105.379  -4.946  -5.819  -6.119  -3.705  -5.199  -6.111  -5.16  2.3151  2.4922  2.6105  -6.566  -7.526  -8.043  1.219  0.7475  0.6699
1.3345  1.226  75.92  -4.399  -5.226  -5.486  -3.339  -4.63  -5.479  -4.601  2.3151  2.4922  2.6105  -6.566  -7.526  -8.043  1.219  0.7475  0.6699
1.3345  1.225  77.921  -4.443  -5.274  -5.537  -3.372  -4.676  -5.53  -4.646  2.3151  2.4922  2.6105  -6.566  -7.526  -8.043  1.219  0.7475  0.6699
1.3345  1.223  94.44  -4.761  -5.621  -5.907  -3.592  -5.007  -5.899  -4.972  2.3151  2.4922  2.6105  -6.566  -7.526  -8.043  1.219  0.7475  0.6699
1.3345  1.222  122.901  -5.205  -6.092  -6.414  -3.823  -5.463  -6.405  -5.423  2.3151  2.4922  2.6105  -6.566  -7.526  -8.043  1.219  0.7475  0.6699
1.3345  1.22  153.835  -5.584  -6.487  -6.845  -3.877  -5.843  -6.833  -5.806  2.3151  2.4922  2.6105  -6.566  -7.526  -8.043  1.219  0.7475  0.6699
1.3345  1.218  178.014  -5.829  -6.741  -7.12  -3.869  -6.083  -7.105  -6.054  2.3151  2.4922  2.6105  -6.566  -7.526  -8.043  1.219  0.7475  0.6699
1.3345  1.215  191.715  -5.954  -6.87  -7.26  -3.855  -6.205  -7.243  -6.18  2.3151  2.4922  2.6105  -6.566  -7.526  -8.043  1.219  0.7475  0.6699
1.3345  1.213  198.087  -6.007  -6.925  -7.32  -3.846  -6.256  -7.301  -6.234  2.3151  2.4922  2.6105  -6.566  -7.526  -8.043  1.219  0.7475  0.6699
1.3345  1.21  201.12  -6.032  -6.952  -7.349  -3.838  -6.28  -7.33  -6.259  2.3151  2.4922  2.6105  -6.566  -7.526  -8.043  1.219  0.7475  0.6699
1.3345  1.209  149.711  -5.535  -6.437  -6.792  -3.861  -5.795  -6.78  -5.757  2.3151  2.4922  2.6105  -6.566  -7.526  -8.043  1.219  0.7475  0.6699
1.3345  1.209  113.908  -5.072  -5.954  -6.266  -3.755  -5.328  -6.257  -5.289  2.3151  2.4922  2.6105  -6.566  -7.526  -8.043  1.219  0.7475  0.6699
1.3345  1.208  81.913  -4.522  -5.362  -5.632  -3.426  -4.759  -5.625  -4.727  2.3151  2.4922  2.6105  -6.566  -7.526  -8.043  1.219  0.7475  0.6699
1.3345  1.207  84.208  -4.567  -5.411  -5.684  -3.456  -4.806  -5.676  -4.773  2.3151  2.4922  2.6105  -6.566  -7.526  -8.043  1.219  0.7475  0.6699
1.3345  1.205  101.825  -4.882  -5.752  -6.05  -3.657  -5.133  -6.041  -5.095  2.3151  2.4922  2.6105  -6.566  -7.526  -8.043  1.219  0.7475  0.6699
1.3345  1.203  132.055  -5.321  -6.214  -6.549  -3.836  -5.58  -6.539  -5.541  2.3151  2.4922  2.6105  -6.566  -7.526  -8.043  1.219  0.7475  0.6699
1.3345  1.201  164.913  -5.694  -6.602  -6.971  -3.846  -5.95  -6.958  -5.918  2.3151  2.4922  2.6105  -6.566  -7.526  -8.043  1.219  0.7475  0.6699
1.3345  1.198  190.482  -5.935  -6.852  -7.242  -3.822  -6.185  -7.225  -6.161  2.3151  2.4922  2.6105  -6.566  -7.526  -8.043  1.219  0.7475  0.6699
1.3345  1.195  205.237  -6.058  -6.979  -7.381  -3.806  -6.304  -7.361  -6.285  2.3151  2.4922  2.6105  -6.566  -7.526  -8.043  1.219  0.7475  0.6699
1.3345  1.192  212.058  -6.111  -7.034  -7.44  -3.81  -6.354  -7.418  -6.339  2.3151  2.4922  2.6105  -6.566  -7.526  -8.043  1.219  0.7475  0.6699
1.3345  1.188  215.405  -6.138  -7.062  -7.469  -3.809  -6.38  -7.447  -6.366  2.3151  2.4922  2.6105  -6.566  -7.526  -8.043  1.219  0.7475  0.6699
1.3345  1.187  163.063  -5.672  -6.58  -6.949  -3.83  -5.929  -6.936  -5.896  2.3151  2.4922  2.6105  -6.566  -7.526  -8.043  1.219  0.7475  0.6699
1.3345  1.187  124.095  -5.213  -6.103  -6.429  -3.796  -5.472  -6.419  -5.432  2.3151  2.4922  2.6105  -6.566  -7.526  -8.043  1.219  0.7475  0.6699
1.3345  1.186  89.095  -4.659  -5.513  -5.793  -3.517  -4.903  -5.786  -4.868  2.3151  2.4922  2.6105  -6.566  -7.526  -8.043  1.219  0.7475  0.6699
1.3345  1.184  91.528  -4.703  -5.561  -5.845  -3.546  -4.949  -5.838  -4.913  2.3151  2.4922  2.6105  -6.566  -7.526  -8.043  1.219  0.7475  0.6699
1.3345  1.182  110.473  -5.016  -5.895  -6.205  -3.716  -5.271  -6.196  -5.232  2.3151  2.4922  2.6105  -6.566  -7.526  -8.043  1.219  0.7475  0.6699
1.3345  1.18  142.612  -5.444  -6.344  -6.694  -3.823  -5.704  -6.682  -5.666  2.3151  2.4922  2.6105  -6.566  -7.526  -8.043  1.219  0.7475  0.6699
1.3345  1.177  177.482  -5.808  -6.722  -7.105  -3.798  -6.061  -7.089  -6.033  2.3151  2.4922  2.6105  -6.566  -7.526  -8.043  1.219  0.7475  0.6699
1.3345  1.173  204.294  -6.042  -6.965  -7.367  -3.773  -6.288  -7.346  -6.27  2.3151  2.4922  2.6105  -6.566  -7.526  -8.043  1.219  0.7475  0.6699
1.3345  1.169  219.864  -6.161  -7.087  -7.498  -3.783  -6.4  -7.474  -6.39  2.3151  2.4922  2.6105  -6.566  -7.526  -8.043  1.219  0.7475  0.6699
1.3345  1.165  226.911  -6.212  -7.14  -7.556  -3.783  -6.448  -7.529  -6.441  2.3151  2.4922  2.6105  -6.566  -7.526  -8.043  1.219  0.7475  0.6699
1.3345  1.16  230.492  -6.238  -7.166  -7.584  -3.783  -6.472  -7.556  -6.467  2.3151  2.4922  2.6105  -6.566  -7.526  -8.043  1.219  0.7475  0.6699
1.3345  1.159  178.014  -5.808  -6.723  -7.108  -3.776  -6.061  -7.092  -6.034  2.3151  2.4922  2.6105  -6.566  -7.526  -8.043  1.219  0.7475  0.6699
1.3345  1.158  135.38  -5.354  -6.251  -6.593  -3.808  -5.614  -6.582  -5.575  2.3151  2.4922  2.6105  -6.566  -7.526  -8.043  1.219  0.7475  0.6699
1.3345  1.157  97.086  -4.797  -5.662  -5.955  -3.595  -5.046  -5.947  -5.009  2.3151  2.4922  2.6105  -6.566  -7.526  -8.043  1.219  0.7475  0.6699
1.3345  1.155  99.737  -4.841  -5.71  -6.007  -3.62  -5.092  -5.998  -5.054  2.3151  2.4922  2.6105  -6.566  -7.526  -8.043  1.219  0.7475  0.6699
1.3345  1.152  119.882  -5.148  -6.036  -6.359  -3.757  -5.406  -6.349  -5.366  2.3151  2.4922  2.6105  -6.566  -7.526  -8.043  1.219  0.7475  0.6699
1.3345  1.148  154.048  -5.564  -6.47  -6.834  -3.78  -5.822  -6.822  -5.787  2.3151  2.4922  2.6105  -6.566  -7.526  -8.043  1.219  0.7475  0.6699
1.3345  1.144  190.614  -5.916  -6.836  -7.232  -3.736  -6.165  -7.213  -6.143  2.3151  2.4922  2.6105  -6.566  -7.526  -8.043  1.219  0.7475  0.6699
1.3345  1.139  218.754  -6.142  -7.069  -7.482  -3.738  -6.379  -7.457  -6.371  2.3151  2.4922  2.6105  -6.566  -7.526  -8.043  1.219  0.7475  0.6699
1.3345  1.134  234.885  -6.256  -7.186  -7.606  -3.754  -6.485  -7.576  -6.486  2.3151  2.4922  2.6105  -6.566  -7.526  -8.043  1.219  0.7475  0.6699
1.3346  1.127  242.245  -6.304  -7.235  -7.659  -3.758  -6.528  -7.626  -6.534  2.3151  2.4922  2.6105  -6.566  -7.526  -8.043  1.219  0.7475  0.6699
1.3346  1.121  245.898  -6.327  -7.259  -7.684  -3.756  -6.549  -7.65  -6.557  2.3151  2.4922  2.6105  -6.566  -7.526  -8.043  1.219  0.7475  0.6699
1.3346  1.12  193.756  -5.936  -6.858  -7.258  -3.7  -6.183  -7.238  -6.164  2.3151  2.4922  2.6105  -6.566  -7.526  -8.043  1.219  0.7475  0.6699
1.3346  1.119  147.589  -5.486  -6.39  -6.75  -3.756  -5.745  -6.738  -5.709  2.3151  2.4922  2.6105  -6.566  -7.526  -8.043  1.219  0.7475  0.6699
1.3346  1.117  105.404  -4.928  -5.805  -6.111  -3.654  -5.182  -6.102  -5.143  2.3151  2.4922  2.6105  -6.566  -7.526  -8.043  1.219  0.7475  0.6699
1.3346  1.113  108.381  -4.973  -5.852  -6.163  -3.672  -5.228  -6.154  -5.189  2.3151  2.4922  2.6105  -6.566  -7.526  -8.043  1.219  0.7475  0.6699
1.3346  1.109  130.093  -5.275  -6.17  -6.509  -3.757  -5.534  -6.499  -5.495  2.3151  2.4922  2.6105  -6.566  -7.526  -8.043  1.219  0.7475  0.6699
1.3346  1.104  166.362  -5.68  -6.592  -6.971  -3.715  -5.934  -6.955  -5.905  2.3151  2.4922  2.6105  -6.566  -7.526  -8.043  1.219  0.7475  0.6699
1.3346  1.098  205.189  -6.022  -6.947  -7.355  -3.676  -6.262  -7.331  -6.25  2.3151  2.4922  2.6105  -6.566  -7.526  -8.043  1.219  0.7475  0.6699
1.3346  1.091  235.047  -6.241  -7.172  -7.595  -3.701  -6.465  -7.562  -6.471  2.3151  2.4922  2.6105  -6.566  -7.526  -8.043  1.219  0.7475  0.6699
1.3346  1.083  252.148  -6.352  -7.285  -7.715  -3.718  -6.566  -7.677  -6.583  2.3151  2.4922  2.6105  -6.566  -7.526  -8.043  1.219  0.7475  0.6699
1.3346  1.074  260.408  -6.398  -7.334  -7.768  -3.721  -6.608  -7.727  -6.63  2.3151  2.4922  2.6105  -6.566  -7.526  -8.043  1.219  0.7475  0.6699
1.3346  1.065  264.701  -6.421  -7.358  -7.795  -3.717  -6.628  -7.752  -6.653  2.3151  2.4922  2.6105  -6.566  -7.526  -8.043  1.219  0.7475  0.6699
1.3346  1.064  212.792  -6.071  -6.999  -7.414  -3.639  -6.306  -7.388  -6.3  2.3151  2.4922  2.6105  -6.566  -7.526  -8.043  1.219  0.7475  0.6699
1.3346  1.062  162.09  -5.627  -6.539  -6.917  -3.673  -5.881  -6.901  -5.852  2.3151  2.4922  2.6105  -6.566  -7.526  -8.043  1.219  0.7475  0.6699
1.3346  1.059  115.466  -5.069  -5.956  -6.279  -3.684  -5.327  -6.269  -5.287  2.3151  2.4922  2.6105  -6.566  -7.526  -8.043  1.219  0.7475  0.6699
1.3346  1.054  118.783  -5.114  -6.003  -6.331  -3.688  -5.372  -6.321  -5.333  2.3151  2.4922  2.6105  -6.566  -7.526  -8.043  1.219  0.7475  0.6699
1.3346  1.047  142.284  -5.408  -6.313  -6.672  -3.681  -5.667  -6.66  -5.631  2.3151  2.4922  2.6105  -6.566  -7.526  -8.043  1.219  0.7475  0.6699
1.3346  1.04  181.324  -5.802  -6.723  -7.12  -3.602  -6.05  -7.1  -6.029  2.3151  2.4922  2.6105  -6.566  -7.526  -8.043  1.219  0.7475  0.6699
1.3346  1.031  222.923  -6.134  -7.065  -7.486  -3.612  -6.36  -7.454  -6.364  2.3151  2.4922  2.6105  -6.566  -7.526  -8.043  1.219  0.7475  0.6699
1.3346  1.02  255.361  -6.344  -7.281  -7.715  -3.649  -6.551  -7.673  -6.576  2.3151  2.4922  2.6105  -6.566  -7.526  -8.043  1.219  0.7475  0.6699
1.3346  1.008  273.814  -6.447  -7.387  -7.831  -3.662  -6.642  -7.782  -6.68  2.3151  2.4922  2.6105  -6.566  -7.526  -8.043  1.219  0.7475  0.6699
1.3346  0.994  283.175  -6.491  -7.432  -7.881  -3.662  -6.678  -7.828  -6.724  2.3151  2.4922  2.6105  -6.566  -7.526  -8.043  1.219  0.7475  0.6699
1.3346  0.98  288.373  -6.51  -7.454  -7.907  -3.651  -6.693  -7.851  -6.744  2.3151  2.4922  2.6105  -6.566  -7.526  -8.043  1.219  0.7475  0.6699
1.3346  0.979  236.132  -6.207  -7.142  -7.57  -3.578  -6.422  -7.532  -6.438  2.3151  2.4922  2.6105  -6.566  -7.526  -8.043  1.219  0.7475  0.6699
1.3346  0.976  179.62  -5.769  -6.692  -7.092  -3.526  -6.016  -7.072  -5.997  2.3151  2.4922  2.6105  -6.566  -7.526  -8.043  1.219  0.7475  0.6699
1.3346  0.97  127.337  -5.211  -6.109  -6.454  -3.638  -5.471  -6.443  -5.432  2.3151  2.4922  2.6105  -6.566  -7.526  -8.043  1.219  0.7475  0.6699
1.3346  0.963  130.965  -5.255  -6.156  -6.506  -3.623  -5.515  -6.495  -5.477  2.3151  2.4922  2.6105  -6.566  -7.526  -8.043  1.219  0.7475  0.6699
1.3346  0.953  156.695  -5.544  -6.457  -6.838  -3.555  -5.798  -6.823  -5.769  2.3151  2.4922  2.6105  -6.566  -7.526  -8.043  1.219  0.7475  0.6699
1.3346  0.941  199.138  -5.925  -6.855  -7.27  -3.492  -6.161  -7.243  -6.155  2.3151  2.4922  2.6105  -6.566  -7.526  -8.043  1.219  0.7475  0.6699
1.3346  0.926  244.374  -6.244  -7.181  -7.616  -3.539  -6.45  -7.573  -6.476  2.3151  2.4922  2.6105  -6.566  -7.526  -8.043  1.219  0.7475  0.6699
1.3346  0.91  278.904  -6.437  -7.379  -7.832  -3.573  -6.618  -7.776  -6.67  2.3151  2.4922  2.6105  -6.566  -7.526  -8.043  1.219  0.7475  0.6699
1.3346  0.891  298.851  -6.523  -7.471  -7.937  -3.584  -6.692  -7.874  -6.758  2.3151  2.4922  2.6105  -6.566  -7.526  -8.043  1.219  0.7475  0.6699
1.3346  0.871  308.713  -6.549  -7.505  -7.982  -3.564  -6.713  -7.916  -6.786  2.3151  2.4922  2.6105  -6.566  -7.526  -8.043  1.219  0.7475  0.6699
1.3346  0.849  313.44  -6.558  -7.52  -8.005  -3.549  -6.721  -7.937  -6.797  2.3151  2.4922  2.6105  -6.566  -7.526  -8.043  1.219  0.7475  0.6699
