#Mini MPD Rad MJ_2M MH_2M MK_2M MZ087 MW146 MF213 MHw JH JKs HKs medianJ medianH medianKs sigmaJ sigmaH sigmaKs maxJ maxH maxKs minJ minH minKs medianJH medianJKs medianHKs sigmaJH sigmaJKs sigmaHKs maxJH maxJKs maxHKs minJH minJKs minHKs counts
0.003  0.003  0.104  37.358  34.544  54.256  99.0  37.391  99.0  36.491  2.814  -16.898  -19.712  37.358  34.544  54.256  0.3  0.3  0.3  999.0  999.0  999.0  -999.0  -999.0  -999.0  2.814  -16.898  -19.712  0.2  0.2  0.2  10.0  10.0  10.0  -10.0  -10.0  -10.0  0.0
0.004  0.004  0.104  35.127  33.108  51.086  99.0  35.16  99.0  34.557  2.019  -15.959  -17.978  35.127  33.108  51.086  0.3  0.3  0.3  999.0  999.0  999.0  -999.0  -999.0  -999.0  2.019  -15.959  -17.978  0.2  0.2  0.2  10.0  10.0  10.0  -10.0  -10.0  -10.0  0.0
0.005  0.005  0.103  33.228  31.766  48.236  99.0  33.261  99.0  32.842  1.462  -15.008  -16.47  33.228  31.766  48.236  0.3  0.3  0.3  999.0  999.0  999.0  -999.0  -999.0  -999.0  1.462  -15.008  -16.47  0.2  0.2  0.2  10.0  10.0  10.0  -10.0  -10.0  -10.0  0.0
0.006  0.006  0.102  31.448  30.472  45.506  99.0  31.481  99.0  31.205  0.976  -14.058  -15.034  31.448  30.472  45.506  0.3  0.3  0.3  999.0  999.0  999.0  -999.0  -999.0  -999.0  0.976  -14.058  -15.034  0.2  0.2  0.2  10.0  10.0  10.0  -10.0  -10.0  -10.0  0.0
0.007  0.007  0.102  29.815  29.276  42.986  99.0  29.848  99.0  29.689  0.539  -13.171  -13.71  29.815  29.276  42.986  0.3  0.3  0.3  999.0  999.0  999.0  -999.0  -999.0  -999.0  0.539  -13.171  -13.71  0.2  0.2  0.2  10.0  10.0  10.0  -10.0  -10.0  -10.0  0.0
0.008  0.008  0.101  28.31  28.147  40.636  99.0  28.343  99.0  28.274  0.163  -12.326  -12.489  28.31  28.147  40.636  0.3  0.3  0.3  999.0  999.0  999.0  -999.0  -999.0  -999.0  0.163  -12.326  -12.489  0.2  0.2  0.2  10.0  10.0  10.0  -10.0  -10.0  -10.0  0.0
0.009  0.009  0.1  26.971  27.124  38.526  99.0  27.004  99.0  27.003  -0.153  -11.555  -11.402  26.971  27.124  38.526  0.3  0.3  0.3  999.0  999.0  999.0  -999.0  -999.0  -999.0  -0.153  -11.555  -11.402  0.2  0.2  0.2  10.0  10.0  10.0  -10.0  -10.0  -10.0  0.0
0.01  0.01  0.099  25.729  26.18  36.566  99.0  25.762  99.0  25.82  -0.451  -10.837  -10.386  25.729  26.18  36.566  0.3  0.3  0.3  999.0  999.0  999.0  -999.0  -999.0  -999.0  -0.451  -10.837  -10.386  0.2  0.2  0.2  10.0  10.0  10.0  -10.0  -10.0  -10.0  0.0
0.012  0.012  0.098  23.498  24.425  33.036  99.0  23.531  99.0  23.671  -0.927  -9.538  -8.611  23.498  24.425  33.036  0.3  0.3  0.3  999.0  999.0  999.0  -999.0  -999.0  -999.0  -0.927  -9.538  -8.611  0.2  0.2  0.2  10.0  10.0  10.0  -10.0  -10.0  -10.0  0.0
0.015  0.015  0.096  22.228  23.149  30.436  99.0  22.261  99.0  22.401  -0.921  -8.208  -7.287  22.228  23.149  30.436  0.3  0.3  0.3  999.0  999.0  999.0  -999.0  -999.0  -999.0  -0.921  -8.208  -7.287  0.2  0.2  0.2  10.0  10.0  10.0  -10.0  -10.0  -10.0  0.0
0.02  0.02  0.093  20.922  21.596  26.996  99.0  20.955  99.0  21.054  -0.674  -6.074  -5.4  20.922  21.596  26.996  0.3  0.3  0.3  999.0  999.0  999.0  -999.0  -999.0  -999.0  -0.674  -6.074  -5.4  0.2  0.2  0.2  10.0  10.0  10.0  -10.0  -10.0  -10.0  0.0
0.03  0.03  0.088  19.522  19.608  22.566  99.0  19.555  99.0  19.54  -0.086  -3.044  -2.958  19.522  19.608  22.566  0.3  0.3  0.3  999.0  999.0  999.0  -999.0  -999.0  -999.0  -0.086  -3.044  -2.958  0.2  0.2  0.2  10.0  10.0  10.0  -10.0  -10.0  -10.0  0.0
0.04  0.04  0.083  18.2  18.291  19.966  99.0  18.233  99.0  18.219  -0.091  -1.766  -1.675  18.2  18.291  19.966  0.3  0.3  0.3  999.0  999.0  999.0  -999.0  -999.0  -999.0  -0.091  -1.766  -1.675  0.2  0.2  0.2  10.0  10.0  10.0  -10.0  -10.0  -10.0  0.0
0.05  0.05  0.079  17.009  17.161  18.046  99.0  17.042  99.0  17.041  -0.152  -1.037  -0.885  17.009  17.161  18.046  0.3  0.3  0.3  999.0  999.0  999.0  -999.0  -999.0  -999.0  -0.152  -1.037  -0.885  0.2  0.2  0.2  10.0  10.0  10.0  -10.0  -10.0  -10.0  0.0
0.06  0.06  0.076  15.974  16.174  16.526  99.0  16.007  99.0  16.016  -0.2  -0.552  -0.352  15.974  16.174  16.526  0.3  0.3  0.3  999.0  999.0  999.0  -999.0  -999.0  -999.0  -0.2  -0.552  -0.352  0.2  0.2  0.2  10.0  10.0  10.0  -10.0  -10.0  -10.0  0.0
0.07  0.07  0.078  14.334  14.436  14.336  99.0  14.367  99.0  14.356  -0.102  -0.002  0.1  14.334  14.436  14.336  0.3  0.3  0.3  999.0  999.0  999.0  -999.0  -999.0  -999.0  -0.102  -0.002  0.1  0.2  0.2  0.2  10.0  10.0  10.0  -10.0  -10.0  -10.0  0.0
0.072  0.072  0.081  13.407  13.415  13.336  99.0  13.44  99.0  13.409  -0.008  0.071  0.079  13.407  13.415  13.336  0.3  0.3  0.3  999.0  999.0  999.0  -999.0  -999.0  -999.0  -0.008  0.071  0.079  0.2  0.2  0.2  10.0  10.0  10.0  -10.0  -10.0  -10.0  0.0
0.075  0.075  0.089  12.217  11.958  11.786  99.0  12.25  99.0  12.159  0.259  0.431  0.172  12.217  11.958  11.786  0.3  0.3  0.3  999.0  999.0  999.0  -999.0  -999.0  -999.0  0.259  0.431  0.172  0.2  0.2  0.2  10.0  10.0  10.0  -10.0  -10.0  -10.0  0.0
0.08  0.08  0.099  11.427  11.07  10.796  99.0  11.46  99.0  11.345  0.357  0.631  0.274  11.427  11.07  10.796  0.3  0.3  0.3  999.0  999.0  999.0  -999.0  -999.0  -999.0  0.357  0.631  0.274  0.2  0.2  0.2  10.0  10.0  10.0  -10.0  -10.0  -10.0  0.0
0.09  0.09  0.119  11.111  10.529  10.282  12.866  11.144  10.359  10.974  0.582  0.829  0.247  10.756  10.413  10.255  0.162  0.069  0.073  11.175  10.571  10.473  10.679  10.356  10.226  0.364  0.519  0.155  0.122  0.185  0.064  0.604  0.865  0.261  0.197  0.258  0.061  162.0
0.1  0.1  0.131  10.634  10.053  9.802  12.39  10.667  9.879  10.497  0.581  0.832  0.251  10.244  9.792  9.628  0.234  0.177  0.126  10.717  10.114  9.85  10.005  9.586  9.465  0.463  0.615  0.163  0.06  0.11  0.051  0.603  0.867  0.265  0.418  0.539  0.12  129.0
0.12  0.12  0.152  10.014  9.428  9.167  11.598  10.016  9.236  9.876  0.586  0.847  0.261  9.584  9.061  8.888  0.245  0.208  0.162  10.07  9.469  9.198  9.353  8.882  8.741  0.514  0.696  0.173  0.038  0.084  0.047  0.602  0.872  0.271  0.471  0.612  0.141  113.0
0.127  0.127  0.159  9.863  9.276  9.014  11.388  9.856  9.08  9.724  0.587  0.849  0.262  9.863  9.276  9.014  0.3  0.3  0.3  999.0  999.0  999.0  -999.0  -999.0  -999.0  0.587  0.849  0.262  0.2  0.2  0.2  10.0  10.0  10.0  -10.0  -10.0  -10.0  0.0
0.14  0.14  0.171  9.61  9.02  8.757  11.037  9.586  8.819  9.471  0.59  0.853  0.263  9.182  8.642  8.46  0.243  0.213  0.171  9.662  9.06  8.788  8.972  8.461  8.3  0.533  0.722  0.182  0.03  0.072  0.042  0.602  0.874  0.272  0.511  0.671  0.16  112.0
0.16  0.16  0.19  9.289  8.697  8.436  10.616  9.249  8.493  9.149  0.592  0.853  0.261  8.869  8.322  8.134  0.242  0.216  0.178  9.342  8.74  8.469  8.647  8.126  7.958  0.543  0.734  0.188  0.027  0.065  0.038  0.602  0.873  0.271  0.521  0.688  0.167  112.0
0.2  0.2  0.224  8.789  8.195  7.941  9.993  8.73  7.991  8.649  0.594  0.848  0.254  8.369  7.815  7.62  0.244  0.221  0.188  8.842  8.239  7.976  8.134  7.606  7.433  0.552  0.749  0.194  0.024  0.056  0.033  0.603  0.866  0.264  0.527  0.7  0.172  112.0
0.25  0.25  0.266  8.305  7.709  7.462  9.427  8.233  7.507  8.164  0.596  0.843  0.247  7.892  7.332  7.135  0.242  0.219  0.19  8.356  7.752  7.497  7.657  7.128  6.957  0.559  0.757  0.198  0.023  0.052  0.029  0.604  0.859  0.255  0.529  0.7  0.171  112.0
0.3  0.3  0.306  7.918  7.319  7.078  8.991  7.838  7.12  7.776  0.599  0.84  0.241  7.517  6.955  6.758  0.235  0.211  0.183  7.97  7.364  7.116  7.292  6.765  6.599  0.562  0.759  0.198  0.025  0.052  0.028  0.606  0.854  0.248  0.527  0.693  0.166  113.0
0.341  0.341  0.341  7.629  7.027  6.79  8.67  7.543  6.83  7.487  0.602  0.839  0.237  7.629  7.027  6.79  0.3  0.3  0.3  999.0  999.0  999.0  -999.0  -999.0  -999.0  0.602  0.839  0.237  0.2  0.2  0.2  10.0  10.0  10.0  -10.0  -10.0  -10.0  0.0
0.35  0.35  0.349  7.569  6.966  6.73  8.604  7.481  6.769  7.426  0.603  0.839  0.236  7.214  6.65  6.455  0.214  0.188  0.16  7.617  7.007  6.765  6.996  6.473  6.313  0.564  0.759  0.195  0.027  0.055  0.028  0.61  0.852  0.243  0.523  0.682  0.159  113.0
0.4  0.4  0.393  7.23  6.62  6.39  8.222  7.132  6.426  7.086  0.61  0.84  0.23  6.873  6.305  6.119  0.201  0.171  0.142  7.283  6.667  6.431  6.703  6.187  6.036  0.568  0.754  0.186  0.031  0.061  0.03  0.616  0.852  0.236  0.516  0.667  0.151  113.0
0.45  0.45  0.443  6.875  6.257  6.033  7.821  6.766  6.065  6.728  0.618  0.842  0.224  6.485  5.91  5.746  0.21  0.175  0.141  6.939  6.314  6.085  6.353  5.856  5.717  0.575  0.739  0.164  0.041  0.075  0.035  0.625  0.855  0.23  0.497  0.633  0.136  115.0
0.5  0.5  0.496  6.508  5.879  5.662  7.398  6.384  5.688  6.359  0.629  0.846  0.217  6.061  5.519  5.392  0.221  0.174  0.134  6.582  5.947  5.725  5.977  5.477  5.35  0.567  0.695  0.128  0.059  0.096  0.042  0.636  0.858  0.223  0.466  0.585  0.119  113.0
0.519  0.519  0.517  6.356  5.721  5.51  7.22  6.226  5.533  6.205  0.635  0.846  0.211  6.356  5.721  5.51  0.3  0.3  0.3  999.0  999.0  999.0  -999.0  -999.0  -999.0  0.635  0.846  0.211  0.2  0.2  0.2  10.0  10.0  10.0  -10.0  -10.0  -10.0  0.0
0.55  0.55  0.553  6.114  5.467  5.269  6.941  5.973  5.288  5.96  0.647  0.845  0.198  5.635  5.145  5.042  0.24  0.166  0.123  6.203  5.553  5.344  5.555  5.092  4.988  0.512  0.614  0.105  0.083  0.124  0.044  0.65  0.859  0.209  0.426  0.53  0.101  113.0
0.6  0.6  0.601  5.734  5.066  4.907  6.502  5.579  4.92  5.575  0.668  0.827  0.159  5.242  4.824  4.735  0.233  0.126  0.093  5.834  5.163  4.985  5.146  4.77  4.683  0.427  0.515  0.089  0.113  0.144  0.033  0.671  0.849  0.178  0.373  0.46  0.086  130.0
0.618  0.618  0.615  5.594  4.927  4.785  6.34  5.439  4.796  5.435  0.667  0.809  0.142  5.205  4.721  4.636  0.189  0.118  0.092  5.707  5.064  4.899  5.025  4.661  4.58  0.488  0.573  0.085  0.079  0.102  0.027  0.643  0.808  0.165  0.359  0.44  0.081  25.0
0.65  0.65  0.64  5.358  4.709  4.595  6.062  5.209  4.602  5.203  0.649  0.763  0.114  4.886  4.525  4.452  0.293  0.155  0.123  5.599  4.917  4.756  4.751  4.418  4.352  0.371  0.443  0.073  0.142  0.173  0.032  0.682  0.843  0.16  0.333  0.399  0.066  155.0
0.7  0.7  0.679  5.013  4.448  4.358  5.636  4.897  4.363  4.88  0.565  0.655  0.09  4.532  4.209  4.155  0.302  0.17  0.146  5.256  4.597  4.475  4.331  4.029  3.985  0.325  0.38  0.056  0.134  0.159  0.025  0.659  0.781  0.122  0.302  0.346  0.044  163.0
0.713  0.713  0.69  4.929  4.389  4.302  5.53  4.822  4.307  4.802  0.54  0.627  0.087  4.498  4.159  4.105  0.186  0.118  0.105  4.92  4.389  4.304  4.218  3.924  3.884  0.347  0.406  0.059  0.073  0.087  0.014  0.531  0.616  0.085  0.294  0.334  0.04  37.0
0.729  0.729  0.705  4.818  4.307  4.225  5.395  4.722  4.229  4.699  0.511  0.593  0.082  4.406  4.081  4.026  0.246  0.165  0.15  4.902  4.35  4.261  4.082  3.799  3.763  0.326  0.378  0.052  0.085  0.101  0.016  0.552  0.641  0.09  0.283  0.319  0.036  16.0
0.745  0.745  0.72  4.716  4.23  4.153  5.268  4.628  4.157  4.603  0.486  0.563  0.077  4.276  3.968  3.918  0.245  0.169  0.154  4.802  4.28  4.194  3.961  3.686  3.653  0.318  0.368  0.05  0.08  0.095  0.016  0.523  0.608  0.085  0.275  0.308  0.033  19.0
0.75  0.75  0.725  4.683  4.206  4.13  5.229  4.599  4.134  4.572  0.477  0.553  0.076  4.16  3.872  3.834  0.339  0.234  0.213  4.924  4.354  4.258  3.841  3.574  3.544  0.291  0.332  0.041  0.108  0.13  0.022  0.57  0.666  0.096  0.267  0.297  0.03  165.0
0.756  0.755  0.731  4.647  4.178  4.103  5.186  4.566  4.107  4.538  0.469  0.544  0.075  4.097  3.811  3.778  0.303  0.213  0.195  4.768  4.254  4.17  3.872  3.597  3.563  0.283  0.32  0.037  0.093  0.113  0.02  0.514  0.598  0.084  0.273  0.306  0.033  20.0
0.776  0.775  0.756  4.516  4.074  4.003  5.029  4.443  4.007  4.414  0.442  0.513  0.071  4.005  3.718  3.679  0.283  0.222  0.207  4.554  4.091  4.016  3.675  3.425  3.399  0.296  0.338  0.042  0.066  0.081  0.015  0.463  0.538  0.074  0.25  0.276  0.026  25.0
0.795  0.794  0.78  4.393  3.976  3.909  4.884  4.329  3.912  4.297  0.417  0.484  0.067  3.846  3.578  3.546  0.298  0.246  0.234  4.307  3.92  3.859  3.275  3.049  3.026  0.275  0.31  0.035  0.058  0.072  0.014  0.391  0.455  0.063  0.226  0.249  0.023  27.0
0.799  0.798  0.785  4.368  3.955  3.889  4.854  4.305  3.892  4.273  0.413  0.479  0.066  3.878  3.597  3.561  0.41  0.332  0.314  4.52  4.064  3.99  3.191  2.963  2.939  0.281  0.318  0.038  0.083  0.103  0.02  0.456  0.531  0.075  0.228  0.252  0.023  22.0
0.811  0.811  0.803  4.285  3.887  3.823  4.758  4.227  3.826  4.193  0.398  0.462  0.064  3.815  3.545  3.511  0.423  0.362  0.348  4.284  3.902  3.84  2.983  2.772  2.75  0.27  0.304  0.034  0.067  0.083  0.016  0.383  0.444  0.062  0.211  0.233  0.022  31.0
0.827  0.826  0.827  4.184  3.802  3.74  4.64  4.13  3.743  4.096  0.382  0.444  0.062  3.347  3.107  3.084  0.505  0.453  0.442  4.171  3.79  3.729  2.449  2.227  2.203  0.234  0.257  0.025  0.062  0.077  0.014  0.38  0.442  0.061  0.2  0.222  0.021  33.0
0.841  0.84  0.851  4.088  3.721  3.662  4.531  4.039  3.665  4.004  0.367  0.426  0.059  2.507  2.282  2.258  1.315  1.372  1.387  3.971  3.633  3.581  -0.675  -1.106  -1.182  0.273  0.307  0.034  0.077  0.097  0.02  0.42  0.495  0.075  0.191  0.212  0.021  57.0
0.847  0.846  0.862  4.048  3.686  3.629  4.485  4.0  3.632  3.965  0.362  0.419  0.057  1.428  1.06  0.996  2.209  2.275  2.289  3.775  3.494  3.455  -5.032  -5.695  -5.801  0.28  0.319  0.039  0.098  0.119  0.021  0.484  0.57  0.086  0.186  0.206  0.02  141.0
0.856  0.855  0.878  3.991  3.637  3.581  4.421  3.946  3.584  3.91  0.354  0.41  0.056  -1.868  -2.323  -2.398  2.484  2.61  2.633  3.088  2.879  2.858  -5.298  -5.968  -6.076  0.479  0.562  0.082  0.14  0.165  0.025  0.66  0.764  0.105  0.179  0.2  0.02  259.0
0.871  0.87  0.909  3.887  3.545  3.492  4.305  3.846  3.495  3.809  0.342  0.395  0.053  -0.835  -1.217  -1.276  2.28  2.391  2.411  3.194  2.959  2.933  -5.087  -5.797  -5.915  0.387  0.45  0.065  0.133  0.157  0.025  0.622  0.718  0.096  0.167  0.187  0.02  220.0
0.885  0.883  0.939  3.789  3.458  3.407  4.196  3.75  3.409  3.714  0.331  0.382  0.051  -0.931  -1.324  -1.384  2.146  2.251  2.27  2.83  2.628  2.608  -5.208  -5.868  -5.973  0.412  0.48  0.07  0.117  0.138  0.021  0.633  0.732  0.1  0.157  0.177  0.02  330.0
0.896  0.895  0.967  3.707  3.384  3.335  4.106  3.671  3.337  3.634  0.323  0.372  0.049  -0.877  -1.24  -1.296  1.794  1.872  1.887  3.156  2.878  2.842  -3.84  -4.427  -4.536  0.398  0.463  0.063  0.103  0.122  0.019  0.561  0.647  0.089  0.147  0.167  0.02  288.0
0.903  0.902  0.986  3.655  3.337  3.288  4.051  3.621  3.291  3.583  0.318  0.367  0.049  -1.469  -1.918  -2.003  2.069  2.2  2.228  2.381  2.151  2.127  -5.319  -6.215  -6.44  0.451  0.527  0.074  0.152  0.185  0.035  0.763  0.912  0.149  0.161  0.182  0.021  385.0
0.92  0.919  1.038  3.517  3.21  3.163  3.902  3.486  3.166  3.447  0.307  0.354  0.047  -2.001  -2.473  -2.556  2.189  2.319  2.348  2.161  1.882  1.826  -5.399  -6.321  -6.582  0.494  0.576  0.083  0.145  0.183  0.039  0.78  0.943  0.17  0.178  0.2  0.022  421.0
0.937  0.936  1.097  3.381  3.082  3.037  3.758  3.351  3.039  3.313  0.299  0.344  0.045  -0.963  -1.378  -1.444  1.957  2.085  2.116  2.456  2.167  2.127  -5.31  -6.2  -6.421  0.425  0.495  0.069  0.151  0.188  0.038  0.807  0.977  0.169  0.243  0.273  0.03  290.0
0.944  0.943  1.121  3.323  3.027  2.983  3.697  3.295  2.986  3.256  0.296  0.34  0.044  -0.98  -1.394  -1.459  2.248  2.4  2.443  2.512  2.261  2.229  -5.309  -6.198  -6.418  0.447  0.515  0.069  0.174  0.224  0.052  0.857  1.079  0.222  0.241  0.27  0.029  276.0
0.956  0.955  1.171  3.223  2.931  2.888  3.594  3.196  2.89  3.157  0.292  0.335  0.043  -1.596  -2.141  -2.232  2.227  2.387  2.444  2.888  2.609  2.569  -5.371  -6.28  -6.577  0.58  0.668  0.088  0.169  0.233  0.067  0.895  1.166  0.27  0.235  0.263  0.028  228.0
0.967  0.966  1.223  3.123  2.834  2.792  3.491  3.097  2.794  3.058  0.289  0.331  0.042  -2.107  -2.706  -2.799  2.126  2.295  2.358  1.927  1.492  1.425  -5.405  -6.326  -6.633  0.59  0.682  0.093  0.179  0.249  0.072  0.902  1.171  0.271  0.256  0.291  0.035  247.0
0.97  0.969  1.24  3.09  2.802  2.76  3.457  3.064  2.762  3.025  0.288  0.33  0.042  -2.287  -2.871  -2.954  2.322  2.484  2.536  2.502  2.248  2.214  -5.493  -6.423  -6.722  0.59  0.682  0.092  0.17  0.229  0.062  0.882  1.126  0.242  0.249  0.281  0.032  237.0
0.976  0.975  1.271  3.034  2.746  2.704  3.4  3.007  2.706  2.969  0.288  0.33  0.042  -1.08  -1.532  -1.608  2.24  2.405  2.46  2.466  2.19  2.157  -5.492  -6.421  -6.719  0.516  0.593  0.077  0.176  0.237  0.064  0.868  1.106  0.24  0.246  0.277  0.031  190.0
0.985  0.984  1.33  2.934  2.647  2.605  3.3  2.908  2.607  2.869  0.287  0.329  0.042  -1.5  -2.078  -2.166  2.361  2.531  2.6  2.786  2.511  2.472  -5.466  -6.409  -6.73  0.586  0.674  0.089  0.175  0.251  0.079  0.925  1.219  0.295  0.263  0.299  0.036  146.0
0.993  0.992  1.393  2.839  2.55  2.508  3.206  2.812  2.51  2.774  0.289  0.331  0.042  -2.173  -2.815  -2.926  2.294  2.462  2.548  2.588  2.322  2.284  -5.713  -6.648  -7.043  0.638  0.753  0.113  0.172  0.264  0.097  0.926  1.287  0.361  0.26  0.297  0.037  216.0
0.995  0.994  1.41  2.813  2.524  2.482  3.181  2.787  2.484  2.748  0.289  0.331  0.042  -1.019  -1.505  -1.584  2.264  2.432  2.499  2.187  1.785  1.723  -5.609  -6.53  -6.878  0.534  0.618  0.084  0.178  0.25  0.075  0.898  1.166  0.28  0.252  0.286  0.034  174.0
1.002  1.001  1.473  2.725  2.433  2.39  3.096  2.697  2.392  2.659  0.292  0.335  0.043  -0.976  -1.501  -1.576  2.416  2.592  2.66  2.676  2.372  2.327  -5.607  -6.527  -6.875  0.534  0.621  0.086  0.181  0.254  0.077  0.898  1.166  0.282  0.253  0.288  0.035  151.0
1.004  1.003  1.495  2.698  2.404  2.361  3.071  2.67  2.363  2.631  0.294  0.337  0.043  -1.014  -1.522  -1.597  2.097  2.25  2.313  2.48  2.214  2.176  -5.505  -6.45  -6.773  0.547  0.633  0.086  0.162  0.23  0.071  0.919  1.205  0.286  0.263  0.3  0.037  179.0
1.012  1.01  1.595  2.582  2.279  2.233  2.965  2.552  2.235  2.513  0.303  0.349  0.046  -2.275  -2.921  -3.045  2.195  2.365  2.459  1.718  1.245  1.173  -5.797  -6.737  -7.141  0.641  0.767  0.122  0.176  0.276  0.103  0.936  1.291  0.363  0.276  0.315  0.039  207.0
1.019  1.018  1.73  2.456  2.13  2.08  2.86  2.419  2.082  2.382  0.326  0.376  0.05  -1.016  -1.522  -1.61  2.239  2.399  2.47  2.607  2.328  2.287  -5.601  -6.52  -6.864  0.576  0.663  0.088  0.169  0.245  0.08  0.897  1.196  0.3  0.27  0.309  0.039  102.0
1.024  1.022  1.833  2.389  2.038  1.983  2.818  2.345  1.985  2.309  0.351  0.406  0.055  -1.456  -2.04  -2.136  2.603  2.789  2.892  2.47  2.11  2.058  -5.851  -6.794  -7.202  0.603  0.702  0.1  0.192  0.302  0.113  0.935  1.323  0.388  0.263  0.3  0.037  150.0
1.026  1.024  1.916  2.352  1.975  1.916  2.807  2.301  1.918  2.266  0.377  0.436  0.059  -2.967  -3.641  -3.785  2.5  2.678  2.761  2.529  2.188  2.135  -5.668  -6.619  -6.963  0.703  0.866  0.159  0.182  0.27  0.09  0.944  1.267  0.325  0.268  0.306  0.038  163.0
1.028  1.027  2.016  2.313  1.905  1.84  2.797  2.252  1.843  2.219  0.408  0.473  0.065  -0.942  -1.474  -1.559  2.341  2.495  2.552  2.86  2.532  2.478  -5.475  -6.399  -6.69  0.541  0.628  0.087  0.16  0.22  0.063  0.889  1.147  0.258  0.274  0.314  0.04  106.0
1.03  1.029  2.15  2.24  1.801  1.732  2.754  2.169  1.735  2.138  0.439  0.508  0.069  -1.88  -2.501  -2.612  2.575  2.76  2.867  2.412  2.051  2.003  -5.873  -6.816  -7.225  0.627  0.738  0.113  0.19  0.302  0.116  0.937  1.329  0.392  0.286  0.328  0.042  164.0
1.032  1.03  2.31  2.132  1.671  1.598  2.667  2.054  1.601  2.025  0.461  0.534  0.073  -1.979  -2.631  -2.743  2.183  2.335  2.417  2.27  1.879  1.818  -5.714  -6.625  -7.024  0.654  0.775  0.122  0.158  0.245  0.091  0.9  1.237  0.334  0.288  0.331  0.043  158.0
1.033  1.031  2.385  2.08  1.612  1.538  2.622  1.999  1.541  1.971  0.468  0.542  0.074  -2.978  -3.715  -3.896  2.19  2.35  2.435  1.765  1.265  1.187  -5.714  -6.647  -7.024  0.724  0.904  0.176  0.164  0.253  0.092  0.931  1.269  0.337  0.271  0.31  0.039  210.0
1.034  1.032  2.49  2.0  1.525  1.45  2.547  1.917  1.453  1.89  0.475  0.55  0.075  -2.29  -2.914  -3.024  2.469  2.649  2.741  2.346  1.995  1.941  -5.714  -6.647  -7.024  0.624  0.734  0.11  0.184  0.28  0.1  0.934  1.272  0.339  0.265  0.303  0.038  194.0
1.035  1.033  2.657  1.875  1.393  1.317  2.43  1.79  1.32  1.763  0.482  0.558  0.076  -0.89  -1.452  -1.543  1.285  1.352  1.365  2.643  2.37  2.33  -2.069  -2.724  -2.835  0.553  0.65  0.088  0.077  0.091  0.014  0.62  0.715  0.103  0.265  0.303  0.038  99.0
1.036  1.034  2.815  1.762  1.274  1.197  2.323  1.675  1.2  1.648  0.488  0.565  0.077  -3.944  -4.747  -4.943  2.278  2.441  2.559  1.363  0.851  0.768  -6.044  -6.989  -7.45  0.805  1.03  0.222  0.166  0.288  0.127  0.939  1.377  0.441  0.273  0.312  0.039  305.0
1.037  1.035  3.024  1.62  1.127  1.049  2.186  1.531  1.052  1.505  0.493  0.571  0.078  -4.174  -5.0  -5.226  2.513  2.69  2.808  2.307  1.902  1.84  -6.044  -6.989  -7.45  0.83  1.075  0.242  0.18  0.303  0.129  0.939  1.379  0.442  0.283  0.325  0.042  290.0
1.038  1.036  3.182  1.515  1.017  0.939  2.084  1.424  0.942  1.399  0.498  0.576  0.078  -1.027  -1.652  -1.753  2.222  2.375  2.456  2.723  2.427  2.38  -5.712  -6.623  -7.02  0.621  0.725  0.104  0.159  0.245  0.091  0.889  1.233  0.344  0.283  0.325  0.042  117.0
1.039  1.037  3.362  1.405  0.904  0.825  1.978  1.313  0.828  1.288  0.501  0.58  0.079  -1.816  -2.494  -2.622  2.218  2.376  2.462  2.242  1.852  1.791  -5.712  -6.623  -7.02  0.677  0.806  0.129  0.163  0.254  0.094  0.901  1.243  0.342  0.285  0.328  0.043  142.0
1.04  1.038  3.549  1.295  0.79  0.711  1.872  1.202  0.714  1.177  0.505  0.584  0.079  -0.995  -1.534  -1.625  2.253  2.411  2.5  2.199  1.772  1.696  -5.712  -6.623  -7.02  0.56  0.657  0.098  0.165  0.259  0.097  0.901  1.244  0.342  0.285  0.328  0.043  141.0
1.04  1.038  3.741  1.189  0.681  0.601  1.769  1.095  0.604  1.07  0.508  0.588  0.08  -1.752  -2.336  -2.426  2.356  2.531  2.614  2.26  1.878  1.822  -5.722  -6.675  -7.024  0.587  0.682  0.1  0.18  0.268  0.09  0.941  1.261  0.323  0.28  0.321  0.041  190.0
1.041  1.039  3.943  1.082  0.57  0.489  1.666  0.986  0.492  0.962  0.512  0.593  0.081  -1.022  -1.551  -1.645  2.301  2.47  2.548  2.236  1.87  1.814  -5.722  -6.675  -7.024  0.563  0.657  0.098  0.174  0.257  0.085  0.944  1.263  0.319  0.268  0.307  0.039  171.0
1.042  1.039  4.163  0.972  0.457  0.375  1.56  0.876  0.378  0.852  0.515  0.597  0.082  -3.442  -4.179  -4.37  2.379  2.553  2.672  1.436  0.939  0.86  -6.056  -7.001  -7.462  0.748  0.942  0.193  0.178  0.302  0.129  0.941  1.376  0.44  0.268  0.307  0.039  274.0
1.042  1.04  4.229  0.941  0.425  0.343  1.53  0.844  0.345  0.82  0.516  0.598  0.082  -3.483  -4.263  -4.494  2.374  2.548  2.667  1.442  0.941  0.861  -6.056  -7.001  -7.462  0.761  0.956  0.199  0.177  0.301  0.129  0.941  1.377  0.44  0.268  0.307  0.039  271.0
1.042  1.04  4.291  0.911  0.393  0.311  1.501  0.813  0.314  0.79  0.518  0.6  0.082  -3.482  -4.242  -4.444  2.382  2.556  2.675  1.44  0.94  0.861  -6.056  -7.001  -7.462  0.757  0.951  0.196  0.177  0.301  0.129  0.941  1.376  0.44  0.268  0.307  0.039  272.0
1.042  1.04  4.52  0.807  0.285  0.202  1.401  0.708  0.205  0.685  0.522  0.605  0.083  -4.039  -4.84  -5.045  2.354  2.525  2.646  1.3  0.818  0.744  -6.056  -7.001  -7.462  0.809  1.028  0.22  0.174  0.299  0.13  0.943  1.378  0.441  0.268  0.307  0.039  249.0
1.043  1.041  4.777  0.697  0.171  0.087  1.296  0.597  0.09  0.574  0.526  0.61  0.084  -3.892  -4.699  -4.938  2.405  2.576  2.7  2.016  1.544  1.466  -6.056  -7.001  -7.462  0.81  1.051  0.24  0.174  0.302  0.132  0.939  1.376  0.44  0.269  0.308  0.039  276.0
1.043  1.041  5.116  0.56  0.028  -0.057  1.165  0.457  -0.054  0.435  0.532  0.617  0.085  -4.094  -4.923  -5.178  2.476  2.653  2.777  2.293  1.886  1.825  -6.056  -7.001  -7.462  0.83  1.078  0.249  0.179  0.307  0.133  0.939  1.377  0.44  0.269  0.308  0.039  268.0
1.044  1.041  5.478  0.425  -0.113  -0.199  1.036  0.32  -0.196  0.299  0.538  0.624  0.086  -2.73  -3.403  -3.568  2.371  2.54  2.635  2.441  2.145  2.1  -5.903  -6.846  -7.257  0.701  0.862  0.159  0.172  0.271  0.104  0.935  1.322  0.386  0.269  0.308  0.039  195.0
1.044  1.042  5.859  0.293  -0.251  -0.338  0.911  0.187  -0.336  0.165  0.544  0.631  0.087  -3.244  -3.99  -4.18  2.377  2.545  2.641  2.334  2.027  1.98  -5.903  -6.846  -7.257  0.742  0.929  0.185  0.17  0.27  0.105  0.934  1.316  0.389  0.269  0.308  0.039  220.0
1.045  1.042  6.287  0.158  -0.393  -0.482  0.783  0.049  -0.479  0.029  0.551  0.64  0.089  -3.597  -4.364  -4.576  2.413  2.583  2.681  2.241  1.885  1.816  -5.903  -6.846  -7.257  0.776  0.982  0.206  0.172  0.274  0.107  0.935  1.32  0.391  0.28  0.322  0.041  200.0
1.045  1.042  6.72  0.028  -0.53  -0.621  0.66  -0.084  -0.618  -0.103  0.558  0.649  0.091  -2.194  -2.854  -2.97  2.292  2.449  2.528  2.406  2.043  1.993  -5.71  -6.621  -7.017  0.68  0.816  0.136  0.161  0.244  0.088  0.9  1.218  0.334  0.28  0.322  0.041  137.0
1.045  1.043  7.189  -0.101  -0.667  -0.759  0.538  -0.216  -0.756  -0.234  0.566  0.658  0.092  -2.38  -3.064  -3.211  2.227  2.376  2.454  2.215  1.762  1.688  -5.71  -6.621  -7.017  0.684  0.824  0.14  0.153  0.236  0.086  0.899  1.216  0.333  0.293  0.338  0.045  140.0
1.046  1.043  7.678  -0.23  -0.803  -0.897  0.417  -0.347  -0.894  -0.365  0.573  0.667  0.094  -2.618  -3.319  -3.478  2.255  2.411  2.491  2.225  1.826  1.765  -5.71  -6.621  -7.017  0.695  0.847  0.151  0.16  0.244  0.088  0.899  1.215  0.331  0.283  0.325  0.042  144.0
1.046  1.043  8.208  -0.356  -0.937  -1.033  0.298  -0.477  -1.03  -0.493  0.581  0.677  0.096  -1.298  -1.929  -2.035  2.452  2.624  2.713  2.322  1.987  1.934  -5.71  -6.621  -7.017  0.631  0.737  0.106  0.177  0.269  0.096  0.907  1.24  0.338  0.273  0.313  0.04  153.0
1.046  1.043  8.775  -0.482  -1.07  -1.168  0.18  -0.605  -1.165  -0.621  0.588  0.686  0.098  -0.99  -1.513  -1.601  2.31  2.47  2.544  2.438  2.112  2.056  -5.592  -6.51  -6.85  0.557  0.654  0.097  0.167  0.244  0.079  0.905  1.196  0.289  0.273  0.313  0.04  131.0
1.046  1.043  9.344  -0.602  -1.198  -1.298  0.068  -0.728  -1.295  -0.743  0.596  0.696  0.1  -0.978  -1.494  -1.574  2.175  2.324  2.39  2.499  2.172  2.132  -5.592  -6.51  -6.85  0.554  0.65  0.097  0.155  0.226  0.074  0.887  1.174  0.287  0.273  0.313  0.04  126.0
1.047  1.043  9.962  -0.723  -1.327  -1.428  -0.046  -0.852  -1.425  -0.866  0.604  0.705  0.101  -0.984  -1.495  -1.575  2.149  2.297  2.363  2.497  2.167  2.127  -5.592  -6.51  -6.85  0.554  0.65  0.096  0.155  0.226  0.074  0.886  1.174  0.287  0.273  0.313  0.04  127.0
1.047  1.043  10.073  -0.746  -1.35  -1.452  -0.067  -0.875  -1.449  -0.889  0.604  0.706  0.102  -0.972  -1.494  -1.572  2.147  2.293  2.359  2.494  2.157  2.116  -5.592  -6.51  -6.85  0.553  0.65  0.096  0.153  0.224  0.073  0.886  1.173  0.287  0.273  0.313  0.04  129.0
1.047  1.043  9.695  -0.676  -1.276  -1.376  -0.003  -0.804  -1.373  -0.818  0.6  0.7  0.1  -0.974  -1.494  -1.572  2.15  2.298  2.364  2.55  2.194  2.148  -5.592  -6.51  -6.85  0.553  0.65  0.095  0.154  0.226  0.074  0.887  1.174  0.287  0.273  0.313  0.04  126.0
1.047  1.043  9.144  -0.566  -1.157  -1.255  0.098  -0.69  -1.252  -0.706  0.591  0.689  0.098  -0.972  -1.494  -1.571  2.128  2.274  2.341  2.553  2.195  2.15  -5.592  -6.51  -6.85  0.553  0.65  0.094  0.154  0.225  0.074  0.887  1.174  0.287  0.273  0.313  0.04  125.0
1.047  1.043  9.069  -0.552  -1.141  -1.239  0.112  -0.676  -1.236  -0.691  0.589  0.687  0.098  -0.972  -1.494  -1.571  2.128  2.274  2.341  2.553  2.195  2.15  -5.592  -6.51  -6.85  0.553  0.65  0.094  0.154  0.225  0.074  0.887  1.174  0.287  0.273  0.313  0.04  125.0
1.047  1.043  9.17  -0.572  -1.163  -1.261  0.093  -0.696  -1.258  -0.712  0.591  0.689  0.098  -0.98  -1.494  -1.572  2.119  2.265  2.331  2.55  2.194  2.148  -5.592  -6.51  -6.85  0.549  0.642  0.091  0.153  0.225  0.074  0.887  1.174  0.287  0.273  0.313  0.04  126.0
1.047  1.043  9.774  -0.693  -1.292  -1.392  -0.02  -0.82  -1.389  -0.835  0.599  0.699  0.1  -0.988  -1.497  -1.576  2.037  2.176  2.239  2.514  2.182  2.12  -5.592  -6.51  -6.85  0.553  0.65  0.096  0.147  0.215  0.071  0.884  1.169  0.285  0.273  0.313  0.04  139.0
1.047  1.043  10.429  -0.815  -1.422  -1.524  -0.134  -0.946  -1.521  -0.959  0.607  0.709  0.102  -0.988  -1.497  -1.576  2.047  2.186  2.248  2.506  2.176  2.113  -5.592  -6.51  -6.85  0.549  0.642  0.092  0.146  0.214  0.07  0.883  1.168  0.285  0.273  0.313  0.04  142.0
1.048  1.043  11.134  -0.94  -1.555  -1.659  -0.25  -1.073  -1.656  -1.086  0.615  0.719  0.104  -2.143  -2.802  -2.948  2.585  2.773  2.906  2.199  1.807  1.745  -6.068  -7.013  -7.475  0.659  0.804  0.146  0.192  0.33  0.141  0.937  1.379  0.442  0.273  0.313  0.04  224.0
1.048  1.043  11.9  -1.064  -1.687  -1.794  -0.365  -1.201  -1.791  -1.212  0.623  0.73  0.107  -2.067  -2.721  -2.862  2.51  2.693  2.829  2.125  1.645  1.567  -6.068  -7.013  -7.475  0.654  0.795  0.141  0.187  0.328  0.144  0.938  1.381  0.443  0.296  0.34  0.044  205.0
1.048  1.043  12.696  -1.184  -1.816  -1.925  -0.477  -1.324  -1.922  -1.334  0.632  0.741  0.109  -2.101  -2.758  -2.901  2.497  2.678  2.814  2.036  1.547  1.468  -6.068  -7.013  -7.475  0.657  0.8  0.143  0.186  0.327  0.144  0.938  1.381  0.443  0.296  0.34  0.044  198.0
1.048  1.043  13.566  -1.307  -1.948  -2.06  -0.59  -1.451  -2.057  -1.459  0.641  0.753  0.112  -2.067  -2.721  -2.837  2.412  2.588  2.723  1.528  1.036  0.959  -6.068  -7.013  -7.475  0.643  0.771  0.128  0.181  0.321  0.143  0.938  1.38  0.443  0.303  0.352  0.049  207.0
1.048  1.043  14.473  -1.427  -2.077  -2.192  -0.701  -1.575  -2.188  -1.582  0.65  0.765  0.115  -2.07  -2.724  -2.85  2.443  2.622  2.757  1.896  1.411  1.333  -6.068  -7.013  -7.475  0.64  0.765  0.125  0.183  0.323  0.143  0.938  1.38  0.443  0.303  0.352  0.049  208.0
1.048  1.043  15.423  -1.546  -2.205  -2.322  -0.811  -1.698  -2.319  -1.703  0.659  0.776  0.117  -2.13  -2.773  -2.877  2.422  2.599  2.733  1.879  1.394  1.317  -6.068  -7.013  -7.475  0.639  0.759  0.123  0.181  0.321  0.142  0.938  1.38  0.443  0.303  0.352  0.049  209.0
1.048  1.043  16.461  -1.666  -2.334  -2.454  -0.92  -1.821  -2.45  -1.825  0.668  0.788  0.12  -2.165  -2.816  -2.948  2.419  2.593  2.725  2.063  1.598  1.523  -6.068  -7.013  -7.475  0.646  0.776  0.131  0.18  0.318  0.141  0.937  1.38  0.442  0.307  0.355  0.048  214.0
1.048  1.043  17.549  -1.782  -2.456  -2.58  -1.026  -1.939  -2.577  -1.943  0.674  0.798  0.124  -2.234  -2.886  -3.014  2.392  2.565  2.695  2.022  1.535  1.456  -6.068  -7.013  -7.475  0.654  0.79  0.136  0.178  0.314  0.139  0.937  1.379  0.442  0.307  0.355  0.048  220.0
1.049  1.042  18.718  -1.899  -2.577  -2.707  -1.132  -2.058  -2.703  -2.061  0.678  0.808  0.13  -3.484  -4.244  -4.444  2.329  2.502  2.621  1.418  0.921  0.842  -6.068  -7.013  -7.475  0.755  0.95  0.196  0.177  0.302  0.129  0.941  1.374  0.438  0.307  0.355  0.048  268.0
1.049  1.042  19.932  -2.012  -2.695  -2.83  -1.235  -2.173  -2.827  -2.175  0.683  0.818  0.135  -3.536  -4.3  -4.502  2.341  2.515  2.633  1.43  0.936  0.858  -6.068  -7.013  -7.475  0.76  0.958  0.198  0.177  0.301  0.129  0.941  1.374  0.438  0.307  0.355  0.048  266.0
1.049  1.042  21.235  -2.126  -2.813  -2.954  -1.337  -2.288  -2.95  -2.29  0.687  0.828  0.141  -3.484  -4.244  -4.444  2.365  2.539  2.658  1.526  1.042  0.967  -6.068  -7.013  -7.475  0.755  0.95  0.196  0.179  0.303  0.13  0.941  1.374  0.438  0.305  0.354  0.048  268.0
1.049  1.041  22.623  -2.239  -2.93  -3.078  -1.439  -2.403  -3.073  -2.404  0.691  0.839  0.148  -3.486  -4.262  -4.491  2.375  2.549  2.668  1.785  1.291  1.213  -6.068  -7.013  -7.475  0.759  0.955  0.198  0.178  0.302  0.129  0.941  1.374  0.438  0.305  0.354  0.048  267.0
1.049  1.041  24.074  -2.35  -3.046  -3.2  -1.538  -2.516  -3.195  -2.517  0.696  0.85  0.154  -3.596  -4.386  -4.623  2.36  2.534  2.652  1.848  1.352  1.272  -6.068  -7.013  -7.475  0.774  0.978  0.201  0.178  0.302  0.129  0.941  1.374  0.438  0.305  0.354  0.048  263.0
1.049  1.041  25.648  -2.462  -3.163  -3.323  -1.639  -2.63  -3.318  -2.63  0.701  0.861  0.16  -3.596  -4.386  -4.623  2.359  2.532  2.65  1.848  1.352  1.272  -6.068  -7.013  -7.475  0.774  0.978  0.201  0.177  0.301  0.129  0.941  1.374  0.438  0.305  0.354  0.048  263.0
1.049  1.04  27.274  -2.57  -3.275  -3.442  -1.735  -2.74  -3.437  -2.739  0.705  0.872  0.167  -2.872  -3.533  -3.696  2.792  2.994  3.112  2.808  2.508  2.46  -6.068  -7.013  -7.475  0.684  0.846  0.16  0.205  0.33  0.132  0.94  1.372  0.437  0.278  0.319  0.041  291.0
1.049  1.04  29.024  -2.679  -3.39  -3.563  -1.831  -2.852  -3.558  -2.85  0.711  0.884  0.173  -2.84  -3.521  -3.684  2.805  3.008  3.127  2.827  2.517  2.47  -6.068  -7.013  -7.475  0.684  0.845  0.16  0.206  0.331  0.132  0.94  1.372  0.437  0.278  0.319  0.041  292.0
1.049  1.039  30.9  -2.79  -3.507  -3.687  -1.93  -2.966  -3.681  -2.962  0.717  0.897  0.18  -2.807  -3.509  -3.672  2.801  3.003  3.122  2.826  2.517  2.47  -6.068  -7.013  -7.475  0.683  0.845  0.159  0.206  0.331  0.132  0.94  1.372  0.437  0.278  0.319  0.041  293.0
1.049  1.039  32.859  -2.899  -3.625  -3.809  -2.027  -3.079  -3.804  -3.074  0.726  0.91  0.184  -2.872  -3.533  -3.696  2.807  3.01  3.129  2.828  2.518  2.47  -6.068  -7.013  -7.475  0.684  0.846  0.16  0.206  0.331  0.132  0.94  1.372  0.437  0.278  0.319  0.041  291.0
1.049  1.038  34.959  -3.008  -3.743  -3.933  -2.125  -3.193  -3.927  -3.185  0.735  0.925  0.19  -2.84  -3.521  -3.684  2.803  3.005  3.124  2.827  2.517  2.47  -6.068  -7.013  -7.475  0.685  0.845  0.16  0.206  0.331  0.132  0.94  1.372  0.437  0.278  0.319  0.041  292.0
1.049  1.037  37.133  -3.116  -3.86  -4.055  -2.22  -3.305  -4.049  -3.295  0.744  0.939  0.195  -2.84  -3.521  -3.684  2.81  3.013  3.131  2.827  2.517  2.47  -6.068  -7.013  -7.475  0.685  0.845  0.16  0.206  0.331  0.132  0.94  1.372  0.437  0.278  0.319  0.041  292.0
1.049  1.036  39.46  -3.223  -3.976  -4.176  -2.315  -3.416  -4.17  -3.405  0.753  0.953  0.2  -2.807  -3.509  -3.672  2.819  3.021  3.139  2.826  2.517  2.47  -6.068  -7.013  -7.475  0.686  0.845  0.159  0.206  0.331  0.132  0.94  1.372  0.437  0.278  0.319  0.041  293.0
1.049  1.036  41.933  -3.329  -4.091  -4.296  -2.409  -3.527  -4.291  -3.513  0.762  0.967  0.205  -2.84  -3.521  -3.684  2.809  3.011  3.13  2.827  2.517  2.47  -6.068  -7.013  -7.475  0.688  0.845  0.16  0.205  0.33  0.132  0.94  1.372  0.437  0.278  0.319  0.041  292.0
1.049  1.035  44.51  -3.434  -4.205  -4.415  -2.501  -3.636  -4.409  -3.621  0.771  0.981  0.21  -2.872  -3.533  -3.696  2.809  3.011  3.13  2.828  2.518  2.47  -6.068  -7.013  -7.475  0.69  0.846  0.16  0.206  0.331  0.132  0.94  1.372  0.437  0.278  0.319  0.041  291.0
1.049  1.034  47.267  -3.538  -4.318  -4.533  -2.591  -3.744  -4.528  -3.727  0.78  0.995  0.215  -3.141  -3.874  -4.039  2.867  3.072  3.193  2.837  2.521  2.471  -6.068  -7.013  -7.475  0.712  0.899  0.176  0.209  0.335  0.133  0.94  1.373  0.438  0.278  0.319  0.041  281.0
1.049  1.033  50.114  -3.641  -4.43  -4.651  -2.682  -3.852  -4.645  -3.832  0.789  1.01  0.221  -3.193  -3.887  -4.078  2.875  3.08  3.2  2.838  2.524  2.474  -6.068  -7.013  -7.475  0.722  0.905  0.182  0.209  0.335  0.133  0.94  1.373  0.438  0.278  0.319  0.041  279.0
1.049  1.031  53.156  -3.743  -4.541  -4.768  -2.77  -3.958  -4.762  -3.937  0.798  1.025  0.227  -3.193  -3.887  -4.078  2.858  3.062  3.182  2.821  2.518  2.474  -6.068  -7.013  -7.475  0.722  0.905  0.182  0.208  0.334  0.133  0.94  1.373  0.438  0.278  0.319  0.041  279.0
1.049  1.03  57.142  -3.868  -4.677  -4.91  -2.876  -4.089  -4.904  -4.065  0.809  1.042  0.233  -3.193  -3.887  -4.078  2.871  3.076  3.196  2.821  2.518  2.474  -6.068  -7.013  -7.475  0.722  0.905  0.182  0.209  0.335  0.133  0.94  1.373  0.438  0.278  0.319  0.041  279.0
1.049  1.028  61.356  -3.992  -4.811  -5.051  -2.98  -4.218  -5.045  -4.191  0.819  1.059  0.24  -3.222  -3.942  -4.124  2.874  3.08  3.2  2.822  2.52  2.475  -6.068  -7.013  -7.475  0.727  0.908  0.182  0.209  0.335  0.134  0.94  1.373  0.438  0.278  0.319  0.041  278.0
1.049  1.026  65.88  -4.116  -4.944  -5.192  -3.083  -4.347  -5.186  -4.318  0.828  1.076  0.248  -3.193  -3.887  -4.078  2.87  3.075  3.195  2.821  2.518  2.474  -6.068  -7.013  -7.475  0.722  0.905  0.182  0.209  0.335  0.133  0.94  1.373  0.438  0.278  0.319  0.041  279.0
1.049  1.024  70.657  -4.239  -5.076  -5.331  -3.182  -4.474  -5.324  -4.443  0.837  1.092  0.255  -3.222  -3.942  -4.124  2.874  3.079  3.199  2.822  2.52  2.475  -6.068  -7.013  -7.475  0.727  0.908  0.182  0.209  0.335  0.133  0.94  1.373  0.438  0.278  0.319  0.041  278.0
1.049  1.022  75.78  -4.36  -5.206  -5.468  -3.28  -4.6  -5.461  -4.567  0.846  1.108  0.262  -3.193  -3.887  -4.078  2.87  3.075  3.195  2.821  2.518  2.474  -6.068  -7.013  -7.475  0.722  0.905  0.182  0.209  0.335  0.133  0.94  1.373  0.438  0.278  0.319  0.041  279.0
1.049  1.02  81.256  -4.479  -5.334  -5.604  -3.37  -4.724  -5.597  -4.688  0.855  1.125  0.27  -2.95  -3.642  -3.81  2.815  3.017  3.136  2.811  2.51  2.464  -6.068  -7.013  -7.475  0.702  0.872  0.168  0.205  0.33  0.132  0.94  1.372  0.437  0.278  0.319  0.041  288.0
1.049  1.017  86.927  -4.595  -5.459  -5.737  -3.457  -4.844  -5.729  -4.807  0.864  1.142  0.278  -2.95  -3.642  -3.81  2.807  3.008  3.127  2.811  2.51  2.464  -6.068  -7.013  -7.475  0.702  0.872  0.168  0.205  0.33  0.132  0.94  1.372  0.437  0.278  0.319  0.041  288.0
1.049  1.014  92.951  -4.71  -5.582  -5.867  -3.536  -4.962  -5.86  -4.924  0.872  1.157  0.285  -2.95  -3.642  -3.81  2.807  3.008  3.127  2.811  2.51  2.464  -6.068  -7.013  -7.475  0.702  0.872  0.168  0.205  0.33  0.132  0.94  1.372  0.437  0.278  0.319  0.041  288.0
1.049  1.011  99.324  -4.826  -5.704  -5.998  -3.613  -5.081  -5.99  -5.042  0.878  1.172  0.294  -2.981  -3.653  -3.824  2.812  3.014  3.133  2.812  2.51  2.465  -6.068  -7.013  -7.475  0.702  0.873  0.168  0.205  0.331  0.132  0.94  1.372  0.437  0.278  0.319  0.041  287.0
1.049  1.007  106.012  -4.939  -5.824  -6.126  -3.682  -5.197  -6.117  -5.156  0.885  1.187  0.302  -2.981  -3.653  -3.824  2.81  3.012  3.131  2.812  2.51  2.465  -6.068  -7.013  -7.475  0.706  0.874  0.171  0.205  0.33  0.132  0.94  1.372  0.437  0.278  0.319  0.041  287.0
1.049  1.003  113.385  -5.053  -5.944  -6.254  -3.743  -5.314  -6.245  -5.272  0.891  1.201  0.31  -2.981  -3.653  -3.824  2.796  2.997  3.115  2.812  2.51  2.465  -6.068  -7.013  -7.475  0.706  0.874  0.171  0.204  0.329  0.132  0.94  1.372  0.437  0.278  0.319  0.041  287.0
1.05  0.999  120.936  -5.164  -6.06  -6.379  -3.798  -5.426  -6.37  -5.384  0.896  1.215  0.319  -2.981  -3.653  -3.824  2.798  2.998  3.117  2.812  2.51  2.465  -6.068  -7.013  -7.475  0.706  0.874  0.168  0.204  0.329  0.132  0.94  1.372  0.437  0.278  0.319  0.041  287.0
1.05  0.994  128.841  -5.273  -6.173  -6.501  -3.834  -5.536  -6.491  -5.495  0.9  1.228  0.328  -3.059  -3.762  -3.934  2.809  3.01  3.129  2.815  2.512  2.468  -6.068  -7.013  -7.475  0.711  0.888  0.169  0.205  0.33  0.133  0.94  1.373  0.438  0.278  0.319  0.041  284.0
1.05  0.989  137.327  -5.381  -6.285  -6.624  -3.868  -5.645  -6.613  -5.604  0.904  1.243  0.339  -3.087  -3.77  -3.951  2.79  2.99  3.109  2.816  2.513  2.469  -6.068  -7.013  -7.475  0.712  0.898  0.176  0.204  0.329  0.132  0.94  1.373  0.438  0.278  0.319  0.041  283.0
1.05  0.983  146.068  -5.485  -6.393  -6.741  -3.873  -5.748  -6.73  -5.709  0.908  1.256  0.348  -3.087  -3.77  -3.951  2.79  2.99  3.109  2.816  2.513  2.469  -6.068  -7.013  -7.475  0.712  0.898  0.176  0.204  0.329  0.132  0.94  1.373  0.438  0.278  0.319  0.041  283.0
1.05  0.976  155.008  -5.586  -6.498  -6.856  -3.877  -5.849  -6.844  -5.811  0.912  1.27  0.358  -3.114  -3.822  -3.995  2.795  2.996  3.115  2.817  2.513  2.47  -6.068  -7.013  -7.475  0.714  0.899  0.173  0.205  0.33  0.133  0.94  1.373  0.438  0.278  0.319  0.041  282.0
1.05  0.972  160.124  -5.64  -6.553  -6.916  -3.879  -5.902  -6.903  -5.865  0.913  1.276  0.363  -3.114  -3.822  -3.995  2.795  2.996  3.115  2.817  2.513  2.47  -6.068  -7.013  -7.475  0.714  0.899  0.173  0.205  0.33  0.133  0.94  1.373  0.438  0.278  0.319  0.041  282.0
1.05  0.973  10.712  -0.983  -1.538  -1.63  -0.347  -1.093  -1.628  -1.113  0.555  0.647  0.092  -2.83  -3.525  -3.692  2.807  3.009  3.128  2.819  2.516  2.472  -6.068  -7.013  -7.475  0.708  0.872  0.165  0.205  0.331  0.133  0.94  1.373  0.438  0.278  0.319  0.041  280.0
1.05  0.973  10.771  -0.993  -1.548  -1.641  -0.357  -1.103  -1.639  -1.123  0.555  0.648  0.093  -1.755  -2.367  -2.471  2.6  2.784  2.856  2.908  2.613  2.572  -5.749  -6.703  -7.055  0.621  0.731  0.109  0.188  0.265  0.081  0.935  1.243  0.306  0.278  0.319  0.041  201.0
1.05  0.973  10.761  -0.993  -1.548  -1.641  -0.357  -1.103  -1.638  -1.123  0.555  0.648  0.093  -1.943  -2.574  -2.7  2.591  2.774  2.846  2.895  2.602  2.553  -5.749  -6.703  -7.055  0.632  0.749  0.115  0.187  0.264  0.081  0.931  1.23  0.299  0.278  0.319  0.041  216.0
1.05  0.973  10.717  -0.988  -1.541  -1.634  -0.353  -1.098  -1.631  -1.118  0.553  0.646  0.093  -2.821  -3.525  -3.686  2.688  2.882  2.977  2.819  2.516  2.472  -5.918  -6.862  -7.273  0.7  0.863  0.163  0.198  0.298  0.105  0.939  1.306  0.372  0.278  0.319  0.041  280.0
1.05  0.973  10.672  -0.981  -1.533  -1.625  -0.347  -1.09  -1.622  -1.111  0.552  0.644  0.092  -2.973  -3.657  -3.832  2.714  2.909  3.006  2.814  2.507  2.459  -5.918  -6.862  -7.273  0.711  0.882  0.169  0.198  0.3  0.107  0.938  1.304  0.374  0.278  0.319  0.041  292.0
1.05  0.974  10.611  -0.973  -1.523  -1.615  -0.341  -1.081  -1.613  -1.102  0.55  0.642  0.092  -3.208  -3.943  -4.126  2.761  2.959  3.058  2.818  2.513  2.47  -5.918  -6.862  -7.273  0.734  0.92  0.184  0.2  0.304  0.108  0.939  1.306  0.379  0.278  0.319  0.041  282.0
1.05  0.974  10.557  -0.965  -1.514  -1.605  -0.335  -1.073  -1.603  -1.094  0.549  0.64  0.091  -3.208  -3.943  -4.126  2.744  2.94  3.038  2.809  2.502  2.45  -5.918  -6.862  -7.273  0.734  0.92  0.184  0.199  0.302  0.108  0.939  1.306  0.379  0.278  0.319  0.041  282.0
1.05  0.974  10.497  -0.956  -1.504  -1.595  -0.328  -1.064  -1.592  -1.085  0.548  0.639  0.091  -3.298  -4.018  -4.206  2.762  2.959  3.058  2.811  2.504  2.453  -5.918  -6.862  -7.273  0.744  0.932  0.189  0.2  0.303  0.108  0.939  1.306  0.379  0.278  0.319  0.041  278.0
1.05  0.974  10.453  -0.95  -1.496  -1.587  -0.323  -1.057  -1.584  -1.078  0.546  0.637  0.091  -3.368  -4.12  -4.314  2.765  2.963  3.063  2.828  2.527  2.481  -5.918  -6.862  -7.273  0.751  0.946  0.194  0.201  0.305  0.109  0.939  1.307  0.379  0.278  0.319  0.041  274.0
1.051  0.974  10.405  -0.944  -1.488  -1.579  -0.318  -1.05  -1.576  -1.072  0.544  0.635  0.091  -3.259  -4.006  -4.206  2.801  3.003  3.105  2.859  2.562  2.517  -5.918  -6.862  -7.273  0.753  0.958  0.201  0.204  0.309  0.11  0.94  1.308  0.38  0.278  0.319  0.041  266.0
1.051  0.974  10.374  -0.939  -1.482  -1.572  -0.314  -1.044  -1.57  -1.066  0.543  0.633  0.09  -2.085  -2.719  -2.844  2.858  3.06  3.166  2.89  2.6  2.558  -5.918  -6.862  -7.273  0.66  0.788  0.129  0.205  0.315  0.114  0.933  1.311  0.386  0.278  0.319  0.041  223.0
1.051  0.974  10.336  -0.934  -1.476  -1.567  -0.311  -1.04  -1.564  -1.061  0.542  0.633  0.091  -2.09  -2.724  -2.849  2.856  3.058  3.164  2.878  2.598  2.547  -5.918  -6.862  -7.273  0.663  0.799  0.13  0.205  0.314  0.114  0.933  1.311  0.386  0.278  0.319  0.041  221.0
1.051  0.974  10.31  -0.93  -1.472  -1.562  -0.308  -1.035  -1.559  -1.057  0.542  0.632  0.09  -2.09  -2.724  -2.849  2.854  3.056  3.162  2.878  2.598  2.547  -5.918  -6.862  -7.273  0.66  0.799  0.13  0.205  0.314  0.114  0.933  1.311  0.386  0.278  0.319  0.041  221.0
1.051  0.975  10.3  -0.929  -1.47  -1.56  -0.307  -1.034  -1.557  -1.056  0.541  0.631  0.09  -2.081  -2.714  -2.838  2.865  3.069  3.174  2.886  2.594  2.543  -5.918  -6.862  -7.273  0.645  0.775  0.128  0.206  0.315  0.114  0.933  1.311  0.386  0.278  0.319  0.041  225.0
1.051  0.975  10.284  -0.927  -1.468  -1.558  -0.306  -1.032  -1.555  -1.054  0.541  0.631  0.09  -2.083  -2.716  -2.841  2.87  3.074  3.18  2.886  2.595  2.544  -5.918  -6.862  -7.273  0.642  0.769  0.126  0.206  0.316  0.114  0.933  1.311  0.386  0.278  0.319  0.041  224.0
1.051  0.975  10.274  -0.925  -1.465  -1.555  -0.304  -1.03  -1.552  -1.052  0.54  0.63  0.09  -2.765  -3.466  -3.644  2.433  2.605  2.708  2.342  1.953  1.888  -5.918  -6.862  -7.273  0.708  0.882  0.174  0.175  0.282  0.112  0.935  1.321  0.39  0.278  0.319  0.041  192.0
1.051  0.975  10.253  -0.923  -1.463  -1.552  -0.303  -1.028  -1.549  -1.05  0.54  0.629  0.089  -2.765  -3.466  -3.644  2.419  2.59  2.694  2.342  1.953  1.888  -5.918  -6.862  -7.273  0.708  0.882  0.174  0.174  0.282  0.112  0.935  1.321  0.39  0.278  0.319  0.041  192.0
1.051  0.975  10.244  -0.923  -1.461  -1.551  -0.303  -1.027  -1.548  -1.049  0.538  0.628  0.09  -2.742  -3.415  -3.587  2.415  2.586  2.69  2.3  1.923  1.873  -5.918  -6.862  -7.273  0.706  0.878  0.173  0.173  0.281  0.112  0.935  1.321  0.39  0.278  0.319  0.041  193.0
1.051  0.975  10.251  -0.923  -1.462  -1.551  -0.304  -1.027  -1.548  -1.049  0.539  0.628  0.089  -2.742  -3.415  -3.587  2.394  2.563  2.667  2.284  1.839  1.773  -5.918  -6.862  -7.273  0.706  0.878  0.173  0.172  0.28  0.111  0.935  1.321  0.39  0.278  0.319  0.041  193.0
1.052  0.975  10.251  -0.925  -1.463  -1.552  -0.305  -1.029  -1.55  -1.051  0.538  0.627  0.089  -3.096  -3.826  -4.018  2.483  2.657  2.763  2.3  1.878  1.825  -5.918  -6.862  -7.273  0.734  0.931  0.195  0.177  0.286  0.113  0.936  1.322  0.391  0.278  0.319  0.041  180.0
1.052  0.975  10.263  -0.928  -1.466  -1.555  -0.308  -1.032  -1.553  -1.054  0.538  0.627  0.089  -3.096  -3.826  -4.018  2.528  2.705  2.811  2.382  2.003  1.958  -5.918  -6.862  -7.273  0.734  0.931  0.195  0.179  0.29  0.114  0.936  1.322  0.391  0.278  0.319  0.041  180.0
1.052  0.975  10.274  -0.929  -1.467  -1.557  -0.309  -1.033  -1.554  -1.055  0.538  0.628  0.09  -3.096  -3.826  -4.018  2.539  2.717  2.823  2.382  2.003  1.958  -5.918  -6.862  -7.273  0.734  0.926  0.19  0.18  0.291  0.115  0.936  1.322  0.391  0.278  0.319  0.041  180.0
1.052  0.975  10.291  -0.931  -1.47  -1.559  -0.311  -1.035  -1.556  -1.057  0.539  0.628  0.089  -3.075  -3.78  -3.958  2.557  2.736  2.843  2.381  2.0  1.956  -5.918  -6.862  -7.273  0.73  0.915  0.185  0.181  0.292  0.115  0.936  1.322  0.391  0.278  0.319  0.041  181.0
1.052  0.976  10.319  -0.937  -1.476  -1.565  -0.317  -1.041  -1.562  -1.063  0.539  0.628  0.089  -2.708  -3.391  -3.53  2.643  2.827  2.937  2.386  2.024  1.97  -5.918  -6.862  -7.273  0.683  0.822  0.139  0.187  0.301  0.118  0.936  1.324  0.392  0.278  0.319  0.041  174.0
1.052  0.976  10.353  -0.944  -1.483  -1.573  -0.323  -1.048  -1.57  -1.07  0.539  0.629  0.09  -1.989  -2.639  -2.746  2.719  2.909  3.022  2.435  2.1  2.045  -5.918  -6.862  -7.273  0.66  0.776  0.116  0.193  0.31  0.122  0.937  1.328  0.393  0.278  0.319  0.041  163.0
1.052  0.976  10.415  -0.954  -1.494  -1.584  -0.332  -1.058  -1.581  -1.081  0.54  0.63  0.09  -0.937  -1.502  -1.6  2.181  2.321  2.389  2.652  2.328  2.275  -5.708  -6.618  -7.014  0.576  0.671  0.098  0.145  0.218  0.08  0.89  1.238  0.349  0.278  0.319  0.041  106.0
1.052  0.976  10.482  -0.966  -1.507  -1.597  -0.343  -1.071  -1.595  -1.093  0.541  0.631  0.09  -0.923  -1.483  -1.581  1.857  1.971  2.0  2.673  2.347  2.293  -3.914  -4.703  -4.896  0.57  0.67  0.098  0.119  0.15  0.032  0.741  0.91  0.169  0.278  0.319  0.041  98.0
1.052  0.976  10.567  -0.98  -1.523  -1.613  -0.355  -1.085  -1.611  -1.107  0.543  0.633  0.09  -0.937  -1.5  -1.6  1.968  2.092  2.127  2.661  2.334  2.279  -4.356  -5.186  -5.403  0.57  0.671  0.098  0.129  0.165  0.038  0.776  0.962  0.185  0.278  0.319  0.041  104.0
1.052  0.976  10.67  -0.996  -1.541  -1.632  -0.37  -1.102  -1.629  -1.124  0.545  0.636  0.091  -0.95  -1.526  -1.626  2.136  2.275  2.32  2.623  2.311  2.261  -5.099  -5.993  -6.256  0.588  0.684  0.098  0.143  0.191  0.05  0.845  1.071  0.226  0.278  0.319  0.041  113.0
1.053  0.976  10.773  -1.015  -1.561  -1.653  -0.386  -1.122  -1.65  -1.143  0.546  0.638  0.092  -1.03  -1.616  -1.716  2.253  2.401  2.454  2.603  2.298  2.251  -5.467  -6.389  -6.677  0.604  0.7  0.099  0.152  0.207  0.058  0.881  1.131  0.25  0.278  0.319  0.041  118.0
1.053  0.976  10.926  -1.038  -1.587  -1.679  -0.408  -1.146  -1.677  -1.167  0.549  0.641  0.092  -1.237  -1.85  -1.948  2.246  2.393  2.446  2.549  2.203  2.155  -5.467  -6.389  -6.677  0.611  0.709  0.1  0.151  0.207  0.058  0.88  1.13  0.249  0.279  0.32  0.041  120.0
1.053  0.977  11.027  -1.055  -1.606  -1.698  -0.423  -1.164  -1.695  -1.184  0.551  0.643  0.092  -1.247  -1.872  -1.978  2.244  2.386  2.44  2.509  2.148  2.092  -5.467  -6.389  -6.677  0.616  0.715  0.1  0.147  0.203  0.059  0.876  1.124  0.247  0.279  0.32  0.041  128.0
1.053  0.977  10.956  -1.044  -1.593  -1.685  -0.413  -1.152  -1.683  -1.173  0.549  0.641  0.092  -1.534  -2.168  -2.272  2.224  2.368  2.424  2.481  2.112  2.067  -5.467  -6.389  -6.677  0.634  0.737  0.103  0.148  0.207  0.061  0.876  1.124  0.254  0.279  0.32  0.041  128.0
1.053  0.977  11.26  -1.092  -1.647  -1.74  -0.456  -1.202  -1.737  -1.222  0.555  0.648  0.093  -1.708  -2.356  -2.462  2.321  2.473  2.538  2.505  2.124  2.08  -5.467  -6.389  -6.677  0.646  0.752  0.108  0.157  0.225  0.071  0.895  1.176  0.28  0.279  0.32  0.041  138.0
1.053  0.977  11.908  -1.19  -1.755  -1.85  -0.543  -1.304  -1.847  -1.323  0.565  0.66  0.095  -1.756  -2.395  -2.495  2.357  2.514  2.581  2.511  2.165  2.101  -5.59  -6.507  -6.846  0.648  0.757  0.109  0.161  0.232  0.074  0.902  1.191  0.288  0.279  0.32  0.041  141.0
1.053  0.977  12.655  -1.298  -1.873  -1.971  -0.639  -1.415  -1.969  -1.434  0.575  0.673  0.098  -1.774  -2.438  -2.554  2.339  2.495  2.562  2.515  2.168  2.106  -5.59  -6.507  -6.846  0.65  0.758  0.11  0.16  0.231  0.074  0.902  1.192  0.288  0.28  0.322  0.042  139.0
1.053  0.977  13.457  -1.406  -1.993  -2.094  -0.737  -1.528  -2.092  -1.545  0.587  0.688  0.101  -1.765  -2.416  -2.524  2.333  2.489  2.556  2.513  2.167  2.103  -5.59  -6.507  -6.846  0.649  0.758  0.11  0.16  0.231  0.074  0.902  1.191  0.288  0.28  0.322  0.042  140.0
1.053  0.977  14.317  -1.514  -2.112  -2.216  -0.833  -1.64  -2.213  -1.655  0.598  0.702  0.104  -1.765  -2.416  -2.524  2.333  2.489  2.556  2.513  2.167  2.103  -5.59  -6.507  -6.846  0.649  0.758  0.11  0.16  0.231  0.074  0.902  1.191  0.288  0.28  0.322  0.042  140.0
1.053  0.977  15.2  -1.619  -2.228  -2.335  -0.927  -1.75  -2.332  -1.763  0.609  0.716  0.107  -1.765  -2.416  -2.524  2.333  2.489  2.556  2.513  2.167  2.103  -5.59  -6.507  -6.846  0.649  0.758  0.11  0.16  0.231  0.074  0.902  1.191  0.288  0.28  0.322  0.042  140.0
1.053  0.977  16.157  -1.727  -2.347  -2.457  -1.023  -1.862  -2.454  -1.874  0.62  0.73  0.11  -1.765  -2.416  -2.524  2.333  2.489  2.556  2.513  2.167  2.103  -5.59  -6.507  -6.846  0.649  0.758  0.11  0.16  0.231  0.074  0.902  1.191  0.288  0.28  0.322  0.042  140.0
1.053  0.977  17.181  -1.835  -2.462  -2.577  -1.118  -1.972  -2.574  -1.984  0.627  0.742  0.115  -1.774  -2.438  -2.554  2.341  2.496  2.564  2.515  2.168  2.106  -5.59  -6.507  -6.846  0.65  0.758  0.11  0.16  0.231  0.074  0.902  1.192  0.288  0.28  0.322  0.042  139.0
1.053  0.977  18.233  -1.937  -2.571  -2.691  -1.209  -2.077  -2.688  -2.088  0.634  0.754  0.12  -1.774  -2.438  -2.554  2.341  2.496  2.564  2.515  2.168  2.106  -5.59  -6.507  -6.846  0.65  0.758  0.11  0.16  0.231  0.074  0.902  1.192  0.288  0.28  0.322  0.042  139.0
1.053  0.977  18.254  -1.939  -2.573  -2.693  -1.211  -2.079  -2.69  -2.09  0.634  0.754  0.12  -1.774  -2.438  -2.554  2.341  2.496  2.564  2.515  2.168  2.106  -5.59  -6.507  -6.846  0.65  0.758  0.11  0.16  0.231  0.074  0.902  1.192  0.288  0.28  0.322  0.042  139.0
1.053  0.977  18.804  -1.992  -2.629  -2.752  -1.257  -2.133  -2.748  -2.143  0.637  0.76  0.123  -1.774  -2.438  -2.554  2.341  2.496  2.564  2.515  2.168  2.106  -5.59  -6.507  -6.846  0.65  0.758  0.11  0.16  0.231  0.074  0.902  1.192  0.288  0.28  0.322  0.042  139.0
1.053  0.977  19.969  -2.095  -2.738  -2.866  -1.349  -2.238  -2.862  -2.248  0.643  0.771  0.128  -1.774  -2.438  -2.554  2.341  2.496  2.564  2.515  2.168  2.106  -5.59  -6.507  -6.846  0.65  0.758  0.11  0.16  0.231  0.074  0.902  1.192  0.288  0.28  0.322  0.042  139.0
1.053  0.977  20.671  -2.155  -2.801  -2.933  -1.402  -2.3  -2.929  -2.309  0.646  0.778  0.132  -1.765  -2.416  -2.524  2.333  2.489  2.556  2.513  2.167  2.103  -5.59  -6.507  -6.846  0.649  0.758  0.11  0.16  0.231  0.074  0.902  1.191  0.288  0.28  0.322  0.042  140.0
1.053  0.977  20.538  -2.146  -2.791  -2.922  -1.393  -2.29  -2.919  -2.299  0.645  0.776  0.131  -1.765  -2.416  -2.524  2.333  2.489  2.556  2.513  2.167  2.103  -5.59  -6.507  -6.846  0.649  0.758  0.11  0.16  0.231  0.074  0.902  1.191  0.288  0.28  0.322  0.042  140.0
1.053  0.977  19.699  -2.072  -2.714  -2.841  -1.329  -2.215  -2.837  -2.225  0.642  0.769  0.127  -1.765  -2.416  -2.524  2.333  2.489  2.556  2.513  2.167  2.103  -5.59  -6.507  -6.846  0.649  0.758  0.11  0.16  0.231  0.074  0.902  1.191  0.288  0.28  0.322  0.042  140.0
1.053  0.976  19.668  -2.07  -2.711  -2.838  -1.327  -2.213  -2.835  -2.222  0.641  0.768  0.127  -1.716  -2.377  -2.492  2.334  2.49  2.557  2.513  2.167  2.103  -5.59  -6.507  -6.846  0.649  0.758  0.11  0.16  0.231  0.074  0.902  1.191  0.288  0.28  0.322  0.042  140.0
1.053  0.975  20.92  -2.175  -2.823  -2.956  -1.42  -2.321  -2.952  -2.329  0.648  0.781  0.133  -1.774  -2.438  -2.554  2.342  2.498  2.565  2.515  2.168  2.106  -5.59  -6.507  -6.846  0.65  0.758  0.11  0.161  0.232  0.074  0.902  1.192  0.288  0.28  0.322  0.042  139.0
1.053  0.975  22.139  -2.274  -2.927  -3.066  -1.506  -2.421  -3.062  -2.43  0.653  0.792  0.139  -1.601  -2.254  -2.365  2.36  2.517  2.584  2.513  2.167  2.103  -5.59  -6.507  -6.846  0.649  0.758  0.11  0.162  0.233  0.074  0.902  1.191  0.288  0.28  0.322  0.042  140.0
1.053  0.974  23.635  -2.386  -3.046  -3.191  -1.604  -2.536  -3.187  -2.543  0.66  0.805  0.145  -1.424  -2.062  -2.171  2.362  2.518  2.586  2.51  2.159  2.096  -5.59  -6.507  -6.846  0.638  0.747  0.107  0.161  0.232  0.074  0.902  1.19  0.287  0.28  0.322  0.042  143.0
1.053  0.972  25.384  -2.508  -3.176  -3.329  -1.712  -2.662  -3.324  -2.667  0.668  0.821  0.153  -1.37  -1.999  -2.106  2.375  2.532  2.599  2.51  2.156  2.093  -5.59  -6.507  -6.846  0.634  0.741  0.108  0.162  0.233  0.074  0.902  1.19  0.287  0.28  0.322  0.042  144.0
1.053  0.971  27.099  -2.62  -3.294  -3.454  -1.809  -2.776  -3.449  -2.781  0.674  0.834  0.16  -1.482  -2.107  -2.218  2.34  2.494  2.56  2.508  2.137  2.078  -5.59  -6.507  -6.846  0.628  0.74  0.11  0.159  0.229  0.073  0.901  1.188  0.285  0.28  0.322  0.042  150.0
1.053  0.97  28.917  -2.73  -3.411  -3.578  -1.906  -2.889  -3.573  -2.893  0.681  0.848  0.167  -1.641  -2.268  -2.386  2.303  2.455  2.52  2.506  2.122  2.065  -5.59  -6.507  -6.846  0.638  0.758  0.113  0.156  0.226  0.072  0.901  1.187  0.284  0.28  0.322  0.042  155.0
1.053  0.968  30.822  -2.841  -3.533  -3.705  -2.004  -3.005  -3.7  -3.007  0.692  0.864  0.172  -1.592  -2.23  -2.344  2.297  2.448  2.513  2.506  2.118  2.063  -5.59  -6.507  -6.846  0.638  0.753  0.112  0.156  0.225  0.072  0.901  1.187  0.283  0.28  0.322  0.042  156.0
1.053  0.966  32.851  -2.952  -3.653  -3.831  -2.101  -3.12  -3.826  -3.12  0.701  0.879  0.178  -1.641  -2.268  -2.386  2.275  2.425  2.49  2.505  2.115  2.06  -5.59  -6.507  -6.846  0.638  0.758  0.113  0.155  0.224  0.071  0.9  1.186  0.283  0.28  0.322  0.042  157.0
1.053  0.965  35.015  -3.061  -3.773  -3.956  -2.197  -3.234  -3.951  -3.232  0.712  0.895  0.183  -1.659  -2.316  -2.429  2.267  2.418  2.483  2.506  2.122  2.065  -5.59  -6.507  -6.846  0.642  0.759  0.114  0.156  0.225  0.072  0.901  1.187  0.284  0.28  0.322  0.042  155.0
1.053  0.962  37.261  -3.169  -3.892  -4.081  -2.292  -3.348  -4.076  -3.343  0.723  0.912  0.189  -1.659  -2.316  -2.429  2.267  2.418  2.483  2.506  2.122  2.065  -5.59  -6.507  -6.846  0.642  0.759  0.114  0.156  0.225  0.072  0.901  1.187  0.284  0.28  0.322  0.042  155.0
1.053  0.96  39.816  -3.279  -4.015  -4.211  -2.385  -3.464  -4.205  -3.456  0.736  0.932  0.196  -1.65  -2.292  -2.407  2.274  2.426  2.491  2.506  2.125  2.068  -5.59  -6.507  -6.846  0.64  0.759  0.115  0.156  0.225  0.072  0.901  1.187  0.284  0.28  0.322  0.042  154.0
1.054  0.957  42.949  -3.393  -4.148  -4.353  -2.476  -3.587  -4.347  -3.575  0.755  0.96  0.205  -1.659  -2.316  -2.429  2.267  2.418  2.483  2.506  2.122  2.065  -5.59  -6.507  -6.846  0.642  0.759  0.116  0.156  0.225  0.072  0.901  1.187  0.284  0.28  0.322  0.042  155.0
1.054  0.954  46.042  -3.503  -4.273  -4.486  -2.567  -3.704  -4.48  -3.689  0.77  0.983  0.213  -1.659  -2.316  -2.429  2.267  2.418  2.483  2.506  2.122  2.065  -5.59  -6.507  -6.846  0.642  0.759  0.116  0.156  0.225  0.072  0.901  1.187  0.284  0.28  0.322  0.042  155.0
1.054  0.95  49.086  -3.612  -4.394  -4.613  -2.66  -3.819  -4.607  -3.802  0.782  1.001  0.219  -1.659  -2.316  -2.429  2.267  2.418  2.483  2.506  2.122  2.065  -5.59  -6.507  -6.846  0.642  0.759  0.116  0.156  0.225  0.072  0.901  1.187  0.284  0.28  0.322  0.042  155.0
1.054  0.946  52.331  -3.722  -4.514  -4.74  -2.753  -3.935  -4.734  -3.914  0.792  1.018  0.226  -1.746  -2.383  -2.505  2.267  2.418  2.483  2.506  2.122  2.065  -5.59  -6.507  -6.846  0.646  0.77  0.116  0.156  0.225  0.072  0.901  1.187  0.284  0.28  0.322  0.042  155.0
1.054  0.941  55.841  -3.831  -4.633  -4.866  -2.844  -4.048  -4.86  -4.026  0.802  1.035  0.233  -1.746  -2.383  -2.505  2.267  2.418  2.483  2.506  2.122  2.065  -5.59  -6.507  -6.846  0.646  0.77  0.116  0.156  0.225  0.072  0.901  1.187  0.284  0.28  0.322  0.042  155.0
1.054  0.935  59.711  -3.946  -4.759  -4.999  -2.939  -4.169  -4.993  -4.144  0.813  1.053  0.24  -1.746  -2.383  -2.505  2.267  2.418  2.483  2.506  2.122  2.065  -5.59  -6.507  -6.846  0.646  0.77  0.116  0.156  0.225  0.072  0.901  1.187  0.284  0.28  0.322  0.042  155.0
1.054  0.929  64.055  -4.063  -4.888  -5.135  -3.035  -4.292  -5.129  -4.264  0.825  1.072  0.247  -1.746  -2.383  -2.505  2.267  2.418  2.483  2.506  2.122  2.065  -5.59  -6.507  -6.846  0.646  0.77  0.118  0.156  0.225  0.072  0.901  1.187  0.284  0.28  0.322  0.042  155.0
1.054  0.925  68.447  -4.176  -5.009  -5.264  -3.124  -4.409  -5.257  -4.379  0.833  1.088  0.255  -1.746  -2.383  -2.505  2.267  2.418  2.483  2.506  2.122  2.065  -5.59  -6.507  -6.846  0.646  0.77  0.118  0.156  0.225  0.072  0.901  1.187  0.284  0.28  0.322  0.042  155.0
1.054  0.921  73.174  -4.288  -5.132  -5.394  -3.212  -4.527  -5.387  -4.494  0.844  1.106  0.262  -1.746  -2.383  -2.505  2.267  2.418  2.483  2.506  2.122  2.065  -5.59  -6.507  -6.846  0.646  0.77  0.118  0.156  0.225  0.072  0.901  1.187  0.284  0.28  0.322  0.042  155.0
1.054  0.916  78.335  -4.403  -5.257  -5.527  -3.295  -4.647  -5.52  -4.612  0.854  1.124  0.27  -1.746  -2.383  -2.505  2.267  2.418  2.483  2.506  2.122  2.065  -5.59  -6.507  -6.846  0.646  0.77  0.118  0.156  0.225  0.072  0.901  1.187  0.284  0.28  0.322  0.042  155.0
1.054  0.91  83.86  -4.517  -5.381  -5.659  -3.376  -4.766  -5.652  -4.729  0.864  1.142  0.278  -1.746  -2.383  -2.505  2.267  2.418  2.483  2.506  2.122  2.065  -5.59  -6.507  -6.846  0.646  0.77  0.118  0.156  0.225  0.072  0.901  1.187  0.284  0.28  0.322  0.042  155.0
1.054  0.904  89.383  -4.623  -5.494  -5.781  -3.444  -4.875  -5.773  -4.837  0.871  1.158  0.287  -1.746  -2.383  -2.505  2.267  2.418  2.483  2.506  2.122  2.065  -5.59  -6.507  -6.846  0.646  0.77  0.118  0.156  0.225  0.072  0.901  1.187  0.284  0.28  0.322  0.042  155.0
1.054  0.897  95.908  -4.741  -5.622  -5.918  -3.516  -4.998  -5.91  -4.957  0.881  1.177  0.296  -1.746  -2.383  -2.505  2.267  2.418  2.483  2.506  2.122  2.065  -5.59  -6.507  -6.846  0.646  0.77  0.118  0.156  0.225  0.072  0.901  1.187  0.284  0.28  0.322  0.042  155.0
1.054  0.887  102.791  -4.855  -5.743  -6.05  -3.573  -5.115  -6.04  -5.073  0.888  1.195  0.307  -1.746  -2.383  -2.505  2.267  2.418  2.483  2.506  2.122  2.065  -5.59  -6.507  -6.846  0.646  0.77  0.118  0.156  0.225  0.072  0.901  1.187  0.284  0.28  0.322  0.042  155.0
1.054  0.874  109.965  -4.967  -5.861  -6.178  -3.621  -5.229  -6.168  -5.187  0.894  1.211  0.317  -1.746  -2.383  -2.505  2.267  2.418  2.483  2.506  2.122  2.065  -5.59  -6.507  -6.846  0.646  0.77  0.118  0.156  0.225  0.072  0.901  1.187  0.284  0.28  0.322  0.042  155.0
1.054  0.859  117.046  -5.067  -5.968  -6.295  -3.64  -5.331  -6.285  -5.289  0.901  1.228  0.327  -1.76  -2.41  -2.529  2.26  2.411  2.476  2.506  2.118  2.063  -5.59  -6.507  -6.846  0.647  0.77  0.119  0.156  0.224  0.071  0.901  1.187  0.283  0.28  0.322  0.042  156.0
1.054  0.855  121.634  -5.13  -6.034  -6.367  -3.653  -5.394  -6.357  -5.353  0.904  1.237  0.333  -1.76  -2.41  -2.529  2.26  2.411  2.476  2.506  2.118  2.063  -5.59  -6.507  -6.846  0.647  0.77  0.119  0.156  0.224  0.071  0.901  1.187  0.283  0.28  0.322  0.042  156.0
1.054  0.852  113.699  -5.017  -5.915  -6.239  -3.617  -5.28  -6.229  -5.238  0.898  1.222  0.324  -1.76  -2.41  -2.529  2.26  2.411  2.476  2.506  2.118  2.063  -5.59  -6.507  -6.846  0.647  0.77  0.119  0.156  0.224  0.071  0.901  1.187  0.283  0.28  0.322  0.042  156.0
1.054  0.851  115.28  -5.039  -5.939  -6.265  -3.624  -5.302  -6.254  -5.261  0.9  1.226  0.326  -1.76  -2.41  -2.529  2.26  2.411  2.476  2.506  2.118  2.063  -5.59  -6.507  -6.846  0.647  0.77  0.119  0.156  0.224  0.071  0.901  1.187  0.283  0.28  0.322  0.042  156.0
1.054  0.85  116.374  -5.055  -5.956  -6.283  -3.627  -5.319  -6.273  -5.277  0.901  1.228  0.327  -1.76  -2.41  -2.529  2.26  2.411  2.476  2.506  2.118  2.063  -5.59  -6.507  -6.846  0.647  0.77  0.119  0.156  0.224  0.071  0.901  1.187  0.283  0.28  0.322  0.042  156.0
1.054  0.849  118.674  -5.087  -5.989  -6.32  -3.635  -5.351  -6.309  -5.309  0.902  1.233  0.331  -1.76  -2.41  -2.529  2.26  2.411  2.476  2.506  2.118  2.063  -5.59  -6.507  -6.846  0.647  0.77  0.119  0.156  0.224  0.071  0.901  1.187  0.283  0.28  0.322  0.042  156.0
1.054  0.848  120.88  -5.117  -6.02  -6.354  -3.641  -5.381  -6.343  -5.339  0.903  1.237  0.334  -1.76  -2.41  -2.529  2.26  2.411  2.476  2.506  2.118  2.063  -5.59  -6.507  -6.846  0.647  0.77  0.119  0.156  0.224  0.071  0.901  1.187  0.283  0.28  0.322  0.042  156.0
1.054  0.847  123.326  -5.149  -6.055  -6.391  -3.647  -5.413  -6.381  -5.372  0.906  1.242  0.336  -1.76  -2.41  -2.529  2.26  2.411  2.476  2.506  2.118  2.063  -5.59  -6.507  -6.846  0.647  0.77  0.119  0.156  0.224  0.071  0.901  1.187  0.283  0.28  0.322  0.042  156.0
1.054  0.845  128.367  -5.216  -6.124  -6.467  -3.647  -5.48  -6.456  -5.44  0.908  1.251  0.343  -1.76  -2.41  -2.529  2.26  2.411  2.476  2.506  2.118  2.063  -5.59  -6.507  -6.846  0.647  0.77  0.119  0.156  0.224  0.071  0.901  1.187  0.283  0.28  0.322  0.042  156.0
1.054  0.843  138.661  -5.343  -6.256  -6.613  -3.64  -5.606  -6.6  -5.568  0.913  1.27  0.357  -1.76  -2.41  -2.529  2.26  2.411  2.476  2.506  2.118  2.063  -5.59  -6.507  -6.846  0.647  0.77  0.119  0.156  0.224  0.071  0.901  1.187  0.283  0.28  0.322  0.042  156.0
1.054  0.839  150.472  -5.477  -6.395  -6.765  -3.626  -5.737  -6.751  -5.704  0.918  1.288  0.37  -1.76  -2.41  -2.529  2.26  2.411  2.476  2.506  2.118  2.063  -5.59  -6.507  -6.846  0.647  0.77  0.119  0.156  0.224  0.071  0.901  1.187  0.283  0.28  0.322  0.042  156.0
1.054  0.834  160.863  -5.585  -6.507  -6.888  -3.603  -5.843  -6.872  -5.813  0.922  1.303  0.381  -1.76  -2.41  -2.529  2.26  2.411  2.476  2.506  2.118  2.063  -5.59  -6.507  -6.846  0.647  0.77  0.119  0.156  0.224  0.071  0.901  1.187  0.283  0.28  0.322  0.042  156.0
1.054  0.826  172.645  -5.7  -6.626  -7.018  -3.574  -5.952  -6.999  -5.929  0.926  1.318  0.392  -1.76  -2.41  -2.529  2.26  2.411  2.476  2.506  2.118  2.063  -5.59  -6.507  -6.846  0.647  0.77  0.119  0.156  0.224  0.071  0.901  1.187  0.283  0.28  0.322  0.042  156.0
1.054  0.817  179.91  -5.764  -6.693  -7.092  -3.552  -6.013  -7.071  -5.994  0.929  1.328  0.399  -1.76  -2.41  -2.529  2.26  2.411  2.476  2.506  2.118  2.063  -5.59  -6.507  -6.846  0.647  0.77  0.119  0.156  0.224  0.071  0.901  1.187  0.283  0.28  0.322  0.042  156.0
1.054  0.815  66.72  -4.119  -4.952  -5.208  -3.065  -4.352  -5.202  -4.322  0.833  1.089  0.256  -1.76  -2.41  -2.529  2.26  2.411  2.476  2.506  2.118  2.063  -5.59  -6.507  -6.846  0.647  0.77  0.119  0.156  0.224  0.071  0.901  1.187  0.283  0.28  0.322  0.042  156.0
1.054  0.814  69.479  -4.185  -5.025  -5.286  -3.113  -4.422  -5.28  -4.39  0.84  1.101  0.261  -1.76  -2.41  -2.529  2.26  2.411  2.476  2.506  2.118  2.063  -5.59  -6.507  -6.846  0.647  0.77  0.119  0.156  0.224  0.071  0.901  1.187  0.283  0.28  0.322  0.042  156.0
1.054  0.812  87.087  -4.55  -5.426  -5.717  -3.348  -4.804  -5.709  -4.765  0.876  1.167  0.291  -1.76  -2.41  -2.529  2.26  2.411  2.476  2.506  2.118  2.063  -5.59  -6.507  -6.846  0.647  0.77  0.119  0.156  0.224  0.071  0.901  1.187  0.283  0.28  0.322  0.042  156.0
1.054  0.81  115.946  -5.021  -5.926  -6.26  -3.534  -5.285  -6.25  -5.244  0.905  1.239  0.334  -1.76  -2.41  -2.529  2.26  2.411  2.476  2.506  2.118  2.063  -5.59  -6.507  -6.846  0.647  0.77  0.119  0.156  0.224  0.071  0.901  1.187  0.283  0.28  0.322  0.042  156.0
1.054  0.807  146.405  -5.406  -6.326  -6.698  -3.516  -5.665  -6.683  -5.633  0.92  1.292  0.372  -1.76  -2.41  -2.529  2.26  2.411  2.476  2.506  2.118  2.063  -5.59  -6.507  -6.846  0.647  0.77  0.119  0.156  0.224  0.071  0.901  1.187  0.283  0.28  0.322  0.042  156.0
1.054  0.805  169.533  -5.647  -6.576  -6.97  -3.483  -5.899  -6.949  -5.877  0.929  1.323  0.394  -1.76  -2.41  -2.529  2.26  2.411  2.476  2.506  2.118  2.063  -5.59  -6.507  -6.846  0.647  0.77  0.119  0.156  0.224  0.071  0.901  1.187  0.283  0.28  0.322  0.042  156.0
1.054  0.801  182.413  -5.765  -6.697  -7.1  -3.484  -6.01  -7.076  -5.995  0.932  1.335  0.403  -1.76  -2.41  -2.529  2.26  2.411  2.476  2.506  2.118  2.063  -5.59  -6.507  -6.846  0.647  0.77  0.119  0.156  0.224  0.071  0.901  1.187  0.283  0.28  0.322  0.042  156.0
1.054  0.798  187.653  -5.811  -6.745  -7.152  -3.483  -6.053  -7.126  -6.042  0.934  1.341  0.407  -1.76  -2.41  -2.529  2.26  2.411  2.476  2.506  2.118  2.063  -5.59  -6.507  -6.846  0.647  0.77  0.119  0.156  0.224  0.071  0.901  1.187  0.283  0.28  0.322  0.042  156.0
1.054  0.794  189.913  -5.83  -6.764  -7.172  -3.48  -6.07  -7.146  -6.061  0.934  1.342  0.408  -1.76  -2.41  -2.529  2.26  2.411  2.476  2.506  2.118  2.063  -5.59  -6.507  -6.846  0.647  0.77  0.119  0.156  0.224  0.071  0.901  1.187  0.283  0.28  0.322  0.042  156.0
1.054  0.793  94.179  -4.672  -5.559  -5.864  -3.401  -4.931  -5.854  -4.89  0.887  1.192  0.305  -1.76  -2.41  -2.529  2.26  2.411  2.476  2.506  2.118  2.063  -5.59  -6.507  -6.846  0.647  0.77  0.119  0.156  0.224  0.071  0.901  1.187  0.283  0.28  0.322  0.042  156.0
1.054  0.79  72.703  -4.249  -5.1  -5.368  -3.149  -4.491  -5.361  -4.457  0.851  1.119  0.268  -1.76  -2.41  -2.529  2.26  2.411  2.476  2.506  2.118  2.063  -5.59  -6.507  -6.846  0.647  0.77  0.119  0.156  0.224  0.071  0.901  1.187  0.283  0.28  0.322  0.042  156.0
1.054  0.788  90.94  -4.614  -5.498  -5.797  -3.372  -4.872  -5.788  -4.831  0.884  1.183  0.299  -1.76  -2.41  -2.529  2.26  2.411  2.476  2.506  2.118  2.063  -5.59  -6.507  -6.846  0.647  0.77  0.119  0.156  0.224  0.071  0.901  1.187  0.283  0.28  0.322  0.042  156.0
1.054  0.786  120.88  -5.083  -5.992  -6.335  -3.508  -5.347  -6.323  -5.307  0.909  1.252  0.343  -1.76  -2.41  -2.529  2.26  2.411  2.476  2.506  2.118  2.063  -5.59  -6.507  -6.846  0.647  0.77  0.119  0.156  0.224  0.071  0.901  1.187  0.283  0.28  0.322  0.042  156.0
1.054  0.783  152.39  -5.464  -6.388  -6.768  -3.475  -5.722  -6.751  -5.692  0.924  1.304  0.38  -1.76  -2.41  -2.529  2.26  2.411  2.476  2.506  2.118  2.063  -5.59  -6.507  -6.846  0.647  0.77  0.119  0.156  0.224  0.071  0.901  1.187  0.283  0.28  0.322  0.042  156.0
1.054  0.779  176.382  -5.703  -6.635  -7.035  -3.454  -5.95  -7.012  -5.933  0.932  1.332  0.4  -1.76  -2.41  -2.529  2.26  2.411  2.476  2.506  2.118  2.063  -5.59  -6.507  -6.846  0.647  0.77  0.119  0.156  0.224  0.071  0.901  1.187  0.283  0.28  0.322  0.042  156.0
1.054  0.775  189.476  -5.82  -6.755  -7.165  -3.46  -6.06  -7.138  -6.051  0.935  1.345  0.41  -1.76  -2.41  -2.529  2.26  2.411  2.476  2.506  2.118  2.063  -5.59  -6.507  -6.846  0.647  0.77  0.119  0.156  0.224  0.071  0.901  1.187  0.283  0.28  0.322  0.042  156.0
1.054  0.771  194.919  -5.866  -6.801  -7.215  -3.463  -6.103  -7.186  -6.097  0.935  1.349  0.414  -1.76  -2.41  -2.529  2.26  2.411  2.476  2.506  2.118  2.063  -5.59  -6.507  -6.846  0.647  0.77  0.119  0.156  0.224  0.071  0.901  1.187  0.283  0.28  0.322  0.042  156.0
1.054  0.766  197.267  -5.883  -6.819  -7.234  -3.463  -6.119  -7.204  -6.115  0.936  1.351  0.415  -1.76  -2.41  -2.529  2.26  2.411  2.476  2.506  2.118  2.063  -5.59  -6.507  -6.846  0.647  0.77  0.119  0.156  0.224  0.071  0.901  1.187  0.283  0.28  0.322  0.042  156.0
1.054  0.765  98.482  -4.74  -5.633  -5.945  -3.421  -5.002  -5.935  -4.96  0.893  1.205  0.312  -1.76  -2.41  -2.529  2.26  2.411  2.476  2.506  2.118  2.063  -5.59  -6.507  -6.846  0.647  0.77  0.119  0.156  0.224  0.071  0.901  1.187  0.283  0.28  0.322  0.042  156.0
1.054  0.761  75.832  -4.314  -5.173  -5.449  -3.187  -4.56  -5.441  -4.524  0.859  1.135  0.276  -1.76  -2.41  -2.529  2.26  2.411  2.476  2.506  2.118  2.063  -5.59  -6.507  -6.846  0.647  0.77  0.119  0.156  0.224  0.071  0.901  1.187  0.283  0.28  0.322  0.042  156.0
1.054  0.759  94.854  -4.678  -5.567  -5.874  -3.392  -4.938  -5.864  -4.897  0.889  1.196  0.307  -1.76  -2.41  -2.529  2.26  2.411  2.476  2.506  2.118  2.063  -5.59  -6.507  -6.846  0.647  0.77  0.119  0.156  0.224  0.071  0.901  1.187  0.283  0.28  0.322  0.042  156.0
1.054  0.756  125.735  -5.143  -6.055  -6.407  -3.483  -5.407  -6.395  -5.368  0.912  1.264  0.352  -1.76  -2.41  -2.529  2.26  2.411  2.476  2.506  2.118  2.063  -5.59  -6.507  -6.846  0.647  0.77  0.119  0.156  0.224  0.071  0.901  1.187  0.283  0.28  0.322  0.042  156.0
1.054  0.752  158.254  -5.521  -6.447  -6.835  -3.443  -5.775  -6.816  -5.75  0.926  1.314  0.388  -1.76  -2.41  -2.529  2.26  2.411  2.476  2.506  2.118  2.063  -5.59  -6.507  -6.846  0.647  0.77  0.119  0.156  0.224  0.071  0.901  1.187  0.283  0.28  0.322  0.042  156.0
1.054  0.748  182.875  -5.757  -6.69  -7.097  -3.437  -6.0  -7.072  -5.988  0.933  1.34  0.407  -1.76  -2.41  -2.529  2.26  2.411  2.476  2.506  2.118  2.063  -5.59  -6.507  -6.846  0.647  0.77  0.119  0.156  0.224  0.071  0.901  1.187  0.283  0.28  0.322  0.042  156.0
1.054  0.743  196.361  -5.871  -6.808  -7.224  -3.448  -6.107  -7.194  -6.103  0.937  1.353  0.416  -1.76  -2.41  -2.529  2.26  2.411  2.476  2.506  2.118  2.063  -5.59  -6.507  -6.846  0.647  0.77  0.119  0.156  0.224  0.071  0.901  1.187  0.283  0.28  0.322  0.042  156.0
1.054  0.738  201.816  -5.915  -6.852  -7.272  -3.454  -6.146  -7.239  -6.147  0.937  1.357  0.42  -1.76  -2.41  -2.529  2.26  2.411  2.476  2.506  2.118  2.063  -5.59  -6.507  -6.846  0.647  0.77  0.119  0.156  0.224  0.071  0.901  1.187  0.283  0.28  0.322  0.042  156.0
1.054  0.732  203.824  -5.931  -6.869  -7.29  -3.455  -6.161  -7.257  -6.163  0.938  1.359  0.421  -1.76  -2.41  -2.529  2.26  2.411  2.476  2.506  2.118  2.063  -5.59  -6.507  -6.846  0.647  0.77  0.119  0.156  0.224  0.071  0.901  1.187  0.283  0.28  0.322  0.042  156.0
1.054  0.731  102.389  -4.806  -5.701  -6.021  -3.446  -5.068  -6.011  -5.026  0.895  1.215  0.32  -1.76  -2.41  -2.529  2.26  2.411  2.476  2.506  2.118  2.063  -5.59  -6.507  -6.846  0.647  0.77  0.119  0.156  0.224  0.071  0.901  1.187  0.283  0.28  0.322  0.042  156.0
1.054  0.729  75.728  -4.312  -5.169  -5.445  -3.187  -4.557  -5.438  -4.522  0.857  1.133  0.276  -1.76  -2.41  -2.529  2.26  2.411  2.476  2.506  2.118  2.063  -5.59  -6.507  -6.846  0.647  0.77  0.119  0.156  0.224  0.071  0.901  1.187  0.283  0.28  0.322  0.042  156.0
1.054  0.727  78.823  -4.377  -5.241  -5.522  -3.231  -4.626  -5.515  -4.589  0.864  1.145  0.281  -1.76  -2.41  -2.529  2.26  2.411  2.476  2.506  2.118  2.063  -5.59  -6.507  -6.846  0.647  0.77  0.119  0.156  0.224  0.071  0.901  1.187  0.283  0.28  0.322  0.042  156.0
1.054  0.724  98.323  -4.739  -5.631  -5.945  -3.42  -5.001  -5.935  -4.958  0.892  1.206  0.314  -1.76  -2.41  -2.529  2.26  2.411  2.476  2.506  2.118  2.063  -5.59  -6.507  -6.846  0.647  0.77  0.119  0.156  0.224  0.071  0.901  1.187  0.283  0.28  0.322  0.042  156.0
1.054  0.721  130.183  -5.2  -6.114  -6.473  -3.477  -5.463  -6.461  -5.425  0.914  1.273  0.359  -1.76  -2.41  -2.529  2.26  2.411  2.476  2.506  2.118  2.063  -5.59  -6.507  -6.846  0.647  0.77  0.119  0.156  0.224  0.071  0.901  1.187  0.283  0.28  0.322  0.042  156.0
1.054  0.716  163.589  -5.574  -6.502  -6.897  -3.427  -5.827  -6.877  -5.803  0.928  1.323  0.395  -1.76  -2.41  -2.529  2.26  2.411  2.476  2.506  2.118  2.063  -5.59  -6.507  -6.846  0.647  0.77  0.119  0.156  0.224  0.071  0.901  1.187  0.283  0.28  0.322  0.042  156.0
1.054  0.712  188.823  -5.806  -6.742  -7.156  -3.429  -6.047  -7.129  -6.038  0.936  1.35  0.414  -1.76  -2.41  -2.529  2.26  2.411  2.476  2.506  2.118  2.063  -5.59  -6.507  -6.846  0.647  0.77  0.119  0.156  0.224  0.071  0.901  1.187  0.283  0.28  0.322  0.042  156.0
1.054  0.706  202.561  -5.918  -6.857  -7.279  -3.447  -6.15  -7.247  -6.15  0.939  1.361  0.422  -1.76  -2.41  -2.529  2.26  2.411  2.476  2.506  2.118  2.063  -5.59  -6.507  -6.846  0.647  0.77  0.119  0.156  0.224  0.071  0.901  1.187  0.283  0.28  0.322  0.042  156.0
1.054  0.7  208.092  -5.962  -6.901  -7.327  -3.454  -6.19  -7.293  -6.194  0.939  1.365  0.426  -1.76  -2.41  -2.529  2.26  2.411  2.476  2.506  2.118  2.063  -5.59  -6.507  -6.846  0.647  0.77  0.119  0.156  0.224  0.071  0.901  1.187  0.283  0.28  0.322  0.042  156.0
1.054  0.694  209.969  -5.977  -6.917  -7.345  -3.457  -6.205  -7.311  -6.21  0.94  1.368  0.428  -1.76  -2.41  -2.529  2.26  2.411  2.476  2.506  2.118  2.063  -5.59  -6.507  -6.846  0.647  0.77  0.119  0.156  0.224  0.071  0.901  1.187  0.283  0.28  0.322  0.042  156.0
