#Mini MPD Rad MJ_2M MH_2M MK_2M MZ087 MW146 MF213 MHw sigmaJ sigmaH sigmaKs minJ minH minKs maxJ maxH maxKs
0.003  0.003  0.104  37.358  34.544  54.256  99.0  37.391  99.0  36.491  0.2  0.2  0.2  -999.0  -999.0  -999.0  999.0  999.0  999.0
0.004  0.004  0.104  35.127  33.108  51.086  99.0  35.16  99.0  34.557  0.2  0.2  0.2  -999.0  -999.0  -999.0  999.0  999.0  999.0
0.005  0.005  0.103  33.228  31.766  48.236  99.0  33.261  99.0  32.842  0.2  0.2  0.2  -999.0  -999.0  -999.0  999.0  999.0  999.0
0.006  0.006  0.102  31.448  30.472  45.506  99.0  31.481  99.0  31.205  0.2  0.2  0.2  -999.0  -999.0  -999.0  999.0  999.0  999.0
0.007  0.007  0.102  29.815  29.276  42.986  99.0  29.848  99.0  29.689  0.2  0.2  0.2  -999.0  -999.0  -999.0  999.0  999.0  999.0
0.008  0.008  0.101  28.31  28.147  40.636  99.0  28.343  99.0  28.274  0.2  0.2  0.2  -999.0  -999.0  -999.0  999.0  999.0  999.0
0.009  0.009  0.1  26.971  27.124  38.526  99.0  27.004  99.0  27.003  0.2  0.2  0.2  -999.0  -999.0  -999.0  999.0  999.0  999.0
0.01  0.01  0.099  25.729  26.18  36.566  99.0  25.762  99.0  25.82  0.2  0.2  0.2  -999.0  -999.0  -999.0  999.0  999.0  999.0
0.012  0.012  0.098  23.498  24.425  33.036  99.0  23.531  99.0  23.671  0.2  0.2  0.2  -999.0  -999.0  -999.0  999.0  999.0  999.0
0.015  0.015  0.096  22.228  23.149  30.436  99.0  22.261  99.0  22.401  0.2  0.2  0.2  -999.0  -999.0  -999.0  999.0  999.0  999.0
0.02  0.02  0.093  20.922  21.596  26.996  99.0  20.955  99.0  21.054  0.2  0.2  0.2  -999.0  -999.0  -999.0  999.0  999.0  999.0
0.03  0.03  0.088  19.522  19.608  22.566  99.0  19.555  99.0  19.54  0.2  0.2  0.2  -999.0  -999.0  -999.0  999.0  999.0  999.0
0.04  0.04  0.083  18.2  18.291  19.966  99.0  18.233  99.0  18.219  0.2  0.2  0.2  -999.0  -999.0  -999.0  999.0  999.0  999.0
0.05  0.05  0.079  17.009  17.161  18.046  99.0  17.042  99.0  17.041  0.2  0.2  0.2  -999.0  -999.0  -999.0  999.0  999.0  999.0
0.06  0.06  0.076  15.974  16.174  16.526  99.0  16.007  99.0  16.016  0.2  0.2  0.2  -999.0  -999.0  -999.0  999.0  999.0  999.0
0.07  0.07  0.078  14.334  14.436  14.336  99.0  14.367  99.0  14.356  0.2  0.2  0.2  -999.0  -999.0  -999.0  999.0  999.0  999.0
0.072  0.072  0.081  13.407  13.415  13.336  99.0  13.44  99.0  13.409  0.2  0.2  0.2  -999.0  -999.0  -999.0  999.0  999.0  999.0
0.075  0.075  0.089  12.217  11.958  11.786  99.0  12.25  99.0  12.159  0.2  0.2  0.2  -999.0  -999.0  -999.0  999.0  999.0  999.0
0.08  0.08  0.099  11.427  11.07  10.796  99.0  11.46  99.0  11.345  0.2  0.2  0.2  -999.0  -999.0  -999.0  999.0  999.0  999.0
0.09  0.09  0.119  11.111  10.529  10.282  12.866  11.144  10.359  10.974  0.1595  0.0694  0.0752  10.652  10.312  10.179  11.175  10.571  10.4722
0.1  0.1  0.131  10.634  10.053  9.802  12.39  10.667  9.879  10.497  0.2209  0.1694  0.1208  9.994  9.586  9.465  10.717  10.114  9.849
0.12  0.12  0.152  10.014  9.428  9.167  11.598  10.016  9.236  9.876  0.239  0.2062  0.1608  9.353  8.882  8.741  10.07  9.469  9.198
0.1271  0.127  0.159  9.863  9.276  9.014  11.388  9.856  9.08  9.724  0.1665  0.161  0.1275  9.287  8.777  8.62  9.6033  9.0829  8.8622
0.14  0.14  0.171  9.61  9.02  8.757  11.037  9.586  8.819  9.471  0.2304  0.2054  0.1657  8.972  8.461  8.3  9.662  9.06  8.7874
0.16  0.16  0.19  9.289  8.697  8.436  10.616  9.249  8.493  9.149  0.233  0.2099  0.1737  8.621  8.114  7.954  9.342  8.74  8.469
0.2  0.2  0.224  8.789  8.195  7.941  9.993  8.73  7.991  8.649  0.2333  0.2128  0.1824  8.134  7.606  7.433  8.8416  8.239  7.9756
0.25  0.25  0.266  8.305  7.709  7.462  9.427  8.233  7.507  8.164  0.2553  0.2348  0.2028  7.657  7.128  6.957  8.4016  7.8156  7.5466
0.3  0.3  0.306  7.918  7.319  7.078  8.991  7.838  7.12  7.776  0.2453  0.2186  0.1898  7.223  6.717  6.558  7.9706  7.3646  7.1166
0.3409  0.341  0.341  7.629  7.027  6.79  8.67  7.543  6.83  7.487  0.2673  0.2421  0.2069  7.052  6.528  6.367  7.744  7.1505  6.897
0.35  0.35  0.349  7.569  6.966  6.73  8.604  7.481  6.769  7.426  0.247  0.217  0.1844  6.931  6.433  6.279  7.6616  7.0666  6.815
0.4  0.4  0.393  7.23  6.62  6.39  8.222  7.132  6.426  7.086  0.2254  0.1912  0.1589  6.651  6.163  6.016  7.3326  6.7286  6.4856
0.45  0.45  0.443  6.875  6.257  6.033  7.821  6.766  6.065  6.728  0.2345  0.1932  0.1572  6.319  5.85  5.716  7.0017  6.3847  6.1497
0.5  0.5  0.496  6.508  5.879  5.662  7.398  6.384  5.688  6.359  0.2482  0.1955  0.1539  5.958  5.477  5.35  6.6616  6.0296  5.8022
0.5188  0.519  0.517  6.356  5.721  5.51  7.22  6.226  5.533  6.205  0.1792  0.1495  0.1223  5.86  5.347  5.233  6.5398  5.9006  5.6768
0.55  0.55  0.553  6.114  5.467  5.269  6.941  5.973  5.288  5.96  0.2636  0.1883  0.144  5.543  5.092  4.988  6.2955  5.6445  5.4275
0.6  0.6  0.601  5.734  5.066  4.907  6.502  5.579  4.92  5.575  0.2618  0.1562  0.1189  5.125  4.745  4.66  5.9414  5.2684  5.0723
0.6179  0.618  0.615  5.594  4.927  4.785  6.34  5.439  4.796  5.435  0.1556  0.0932  0.0741  4.982  4.628  4.55  5.2561  4.771  4.685
0.65  0.65  0.64  5.358  4.709  4.595  6.062  5.209  4.602  5.203  0.2498  0.1313  0.105  4.734  4.402  4.338  5.5884  4.9061  4.746
0.7  0.7  0.679  5.013  4.448  4.358  5.636  4.897  4.363  4.88  0.2572  0.1473  0.1278  4.311  4.011  3.968  5.2262  4.5702  4.4502
0.7127  0.713  0.69  4.929  4.389  4.302  5.53  4.822  4.307  4.802  0.2215  0.1372  0.1225  4.197  3.906  3.866  5.0193  4.4316  4.3366
0.7292  0.729  0.705  4.818  4.307  4.225  5.395  4.722  4.229  4.699  0.2477  0.1649  0.1491  3.994  3.717  3.683  4.9208  4.3609  4.2708
0.745  0.745  0.72  4.716  4.23  4.153  5.268  4.628  4.157  4.603  0.2898  0.2034  0.1856  3.841  3.574  3.544  4.8896  4.3282  4.2358
0.75  0.75  0.725  4.683  4.206  4.13  5.229  4.599  4.134  4.572  0.2969  0.2098  0.1916  3.757  3.496  3.468  4.8925  4.3275  4.2325
0.7555  0.755  0.731  4.647  4.178  4.103  5.186  4.566  4.107  4.538  0.3012  0.2152  0.1972  3.737  3.479  3.452  4.8726  4.3132  4.223
0.7758  0.775  0.756  4.516  4.074  4.003  5.029  4.443  4.007  4.414  0.308  0.2401  0.2244  3.438  3.2  3.176  4.6443  4.1606  4.0819
0.7947  0.794  0.78  4.393  3.976  3.909  4.884  4.329  3.912  4.297  0.381  0.3082  0.2912  3.116  2.896  2.873  4.5784  4.0904  4.012
0.7986  0.798  0.785  4.368  3.955  3.889  4.854  4.305  3.892  4.273  0.3876  0.3146  0.2976  3.098  2.882  2.86  4.576  4.084  4.0009
0.811  0.811  0.803  4.285  3.887  3.823  4.758  4.227  3.826  4.193  0.3931  0.3354  0.3221  2.803  2.594  2.572  4.3963  3.9616  3.8901
0.8266  0.826  0.827  4.184  3.802  3.74  4.64  4.13  3.743  4.096  0.5461  0.4984  0.488  1.756  1.433  1.387  4.3143  3.8964  3.8284
0.841  0.84  0.851  4.088  3.721  3.662  4.531  4.039  3.665  4.004  2.7425  2.8483  2.8692  -5.415  -6.132  -6.254  3.9912  3.6488  3.5956
0.8472  0.846  0.862  4.048  3.686  3.629  4.485  4.0  3.632  3.965  2.8096  2.9266  2.9487  -5.557  -6.33  -6.47  3.9197  3.5878  3.5395
0.8556  0.855  0.878  3.991  3.637  3.581  4.421  3.946  3.584  3.91  2.6815  2.8051  2.8277  -5.563  -6.337  -6.477  3.618  3.333  3.2955
0.8707  0.87  0.909  3.887  3.545  3.492  4.305  3.846  3.495  3.809  2.3823  2.5085  2.5313  -5.562  -6.336  -6.476  3.0355  2.8146  2.7911
0.8845  0.883  0.939  3.789  3.458  3.407  4.196  3.75  3.409  3.714  2.2916  2.418  2.4413  -5.543  -6.314  -6.453  2.8662  2.6488  2.6246
0.8959  0.895  0.967  3.707  3.384  3.335  4.106  3.671  3.337  3.634  2.3816  2.5103  2.5348  -5.53  -6.299  -6.442  3.0757  2.8204  2.7818
0.9027  0.902  0.986  3.655  3.337  3.288  4.051  3.621  3.291  3.583  2.3793  2.5122  2.5385  -5.523  -6.291  -6.442  3.0574  2.8034  2.7667
0.9204  0.919  1.038  3.517  3.21  3.163  3.902  3.486  3.166  3.447  2.2132  2.3455  2.3747  -5.547  -6.321  -6.582  2.4372  2.1958  2.1644
0.9374  0.936  1.097  3.381  3.082  3.037  3.758  3.351  3.039  3.313  2.1535  2.2842  2.3151  -5.573  -6.347  -6.576  2.3708  2.0908  2.048
0.9445  0.943  1.121  3.323  3.027  2.983  3.697  3.295  2.986  3.256  2.2628  2.3974  2.4303  -5.586  -6.43  -6.731  2.8301  2.5802  2.5375
0.9562  0.955  1.171  3.223  2.931  2.888  3.594  3.196  2.89  3.157  2.3316  2.4839  2.5284  -5.586  -6.43  -6.731  2.9582  2.6816  2.6456
0.9669  0.966  1.223  3.123  2.834  2.792  3.491  3.097  2.794  3.058  2.2768  2.4393  2.4928  -5.497  -6.428  -6.728  2.6522  2.3792  2.3446
0.9703  0.969  1.24  3.09  2.802  2.76  3.457  3.064  2.762  3.025  2.2944  2.4578  2.5124  -5.495  -6.426  -6.725  2.6396  2.3729  2.3377
0.9759  0.975  1.271  3.034  2.746  2.704  3.4  3.007  2.706  2.969  2.3221  2.489  2.5468  -5.493  -6.423  -6.73  2.6913  2.4049  2.3628
0.985  0.984  1.33  2.934  2.647  2.605  3.3  2.908  2.607  2.869  2.3386  2.5073  2.5716  -5.713  -6.648  -7.043  2.627  2.363  2.327
0.9931  0.992  1.393  2.839  2.55  2.508  3.206  2.812  2.51  2.774  2.4151  2.59  2.6602  -5.741  -6.678  -7.076  2.8789  2.5952  2.5474
0.9952  0.994  1.41  2.813  2.524  2.482  3.181  2.787  2.484  2.748  2.4166  2.5927  2.666  -5.769  -6.708  -7.109  2.8547  2.5615  2.5217
1.002  1.001  1.473  2.725  2.433  2.39  3.096  2.697  2.392  2.659  2.42  2.5974  2.6751  -5.797  -6.737  -7.141  2.8238  2.5281  2.4846
1.0039  1.003  1.495  2.698  2.404  2.361  3.071  2.67  2.363  2.631  2.4114  2.5877  2.6634  -5.797  -6.737  -7.141  2.8189  2.521  2.4795
1.0116  1.01  1.595  2.582  2.279  2.233  2.965  2.552  2.235  2.513  2.3477  2.5202  2.5984  -5.824  -6.766  -7.172  2.6006  2.2963  2.2587
1.0194  1.018  1.73  2.456  2.13  2.08  2.86  2.419  2.082  2.382  2.4016  2.5753  2.6552  -5.851  -6.794  -7.202  2.534  2.2164  2.1712
1.0236  1.022  1.833  2.389  2.038  1.983  2.818  2.345  1.985  2.309  2.4254  2.5996  2.6832  -5.873  -6.816  -7.225  2.4817  2.1262  2.0687
1.0262  1.024  1.916  2.352  1.975  1.916  2.807  2.301  1.918  2.266  2.3977  2.5685  2.6515  -5.873  -6.816  -7.225  2.4858  2.139  2.081
1.0284  1.027  2.016  2.313  1.905  1.84  2.797  2.252  1.843  2.219  2.483  2.6604  2.754  -6.044  -6.989  -7.45  2.473  2.1374  2.0794
1.0304  1.029  2.15  2.24  1.801  1.732  2.754  2.169  1.735  2.138  2.4656  2.6412  2.7359  -6.044  -6.989  -7.45  2.453  2.0808  2.0316
1.0323  1.03  2.31  2.132  1.671  1.598  2.667  2.054  1.601  2.025  2.4682  2.6445  2.7451  -6.046  -6.99  -7.45  2.3474  1.9668  1.9078
1.033  1.031  2.385  2.08  1.612  1.538  2.622  1.999  1.541  1.971  2.4824  2.6594  2.7625  -6.056  -7.001  -7.462  2.3884  2.0079  1.9409
1.0339  1.032  2.49  2.0  1.525  1.45  2.547  1.917  1.453  1.89  2.4982  2.6768  2.7815  -6.056  -7.001  -7.462  2.3928  2.0182  1.9569
1.0351  1.033  2.657  1.875  1.393  1.317  2.43  1.79  1.32  1.763  2.4628  2.6382  2.7406  -6.056  -7.001  -7.462  2.3656  1.9878  1.9304
1.0362  1.034  2.815  1.762  1.274  1.197  2.323  1.675  1.2  1.648  2.4714  2.6469  2.7499  -6.056  -7.001  -7.462  2.4096  2.0371  1.9802
1.0374  1.035  3.024  1.62  1.127  1.049  2.186  1.531  1.052  1.505  2.4615  2.6367  2.7398  -6.056  -7.001  -7.462  2.3848  2.0201  1.9658
1.0382  1.036  3.182  1.515  1.017  0.939  2.084  1.424  0.942  1.399  2.4358  2.6093  2.7116  -6.056  -7.001  -7.462  2.3579  1.9728  1.9184
1.039  1.037  3.362  1.405  0.904  0.825  1.978  1.313  0.828  1.288  2.4499  2.6251  2.7325  -6.068  -7.013  -7.475  2.2946  1.9283  1.8787
1.0397  1.038  3.549  1.295  0.79  0.711  1.872  1.202  0.714  1.177  2.5058  2.6852  2.7923  -6.068  -7.013  -7.475  2.4632  2.1288  2.0618
1.0404  1.038  3.741  1.189  0.681  0.601  1.769  1.095  0.604  1.07  2.4948  2.6733  2.7801  -6.068  -7.013  -7.475  2.4591  2.1174  2.06
1.041  1.039  3.943  1.082  0.57  0.489  1.666  0.986  0.492  0.962  2.4877  2.6656  2.7725  -6.068  -7.013  -7.475  2.4406  2.0905  2.04
1.0416  1.039  4.163  0.972  0.457  0.375  1.56  0.876  0.378  0.852  2.4955  2.6741  2.7809  -6.068  -7.013  -7.475  2.4524  2.1197  2.0569
1.0417  1.04  4.229  0.941  0.425  0.343  1.53  0.844  0.345  0.82  2.4947  2.6731  2.7799  -6.068  -7.013  -7.475  2.4505  2.1192  2.056
1.0419  1.04  4.291  0.911  0.393  0.311  1.501  0.813  0.314  0.79  2.4906  2.6687  2.7755  -6.068  -7.013  -7.475  2.442  2.1107  2.0516
1.0424  1.04  4.52  0.807  0.285  0.202  1.401  0.708  0.205  0.685  2.4814  2.6587  2.7653  -6.068  -7.013  -7.475  2.43  2.0695  2.004
1.0428  1.041  4.777  0.697  0.171  0.087  1.296  0.597  0.09  0.574  2.4856  2.6631  2.7694  -6.068  -7.013  -7.475  2.4391  2.0935  2.0462
1.0434  1.041  5.116  0.56  0.028  -0.057  1.165  0.457  -0.054  0.435  2.4981  2.6761  2.7823  -6.068  -7.013  -7.475  2.4496  2.1086  2.0514
1.0439  1.041  5.478  0.425  -0.113  -0.199  1.036  0.32  -0.196  0.299  2.5118  2.6911  2.7977  -6.068  -7.013  -7.475  2.491  2.138  2.076
1.0443  1.042  5.859  0.293  -0.251  -0.338  0.911  0.187  -0.336  0.165  2.4984  2.6763  2.7828  -6.068  -7.013  -7.475  2.505  2.1428  2.098
1.0447  1.042  6.287  0.158  -0.393  -0.482  0.783  0.049  -0.479  0.029  2.5083  2.6868  2.7973  -6.081  -7.026  -7.488  2.4418  2.0926  2.0451
1.045  1.042  6.72  0.028  -0.53  -0.621  0.66  -0.084  -0.618  -0.103  2.5059  2.6844  2.7948  -6.081  -7.026  -7.488  2.4398  2.0877  2.0332
1.0453  1.043  7.189  -0.101  -0.667  -0.759  0.538  -0.216  -0.756  -0.234  2.5006  2.6788  2.7893  -6.081  -7.026  -7.488  2.43  2.0695  2.004
1.0456  1.043  7.678  -0.23  -0.803  -0.897  0.417  -0.347  -0.894  -0.365  2.5044  2.6827  2.7931  -6.081  -7.026  -7.488  2.4314  2.0696  2.0056
1.0459  1.043  8.208  -0.356  -0.937  -1.033  0.298  -0.477  -1.03  -0.493  2.5083  2.6868  2.7973  -6.081  -7.026  -7.488  2.4379  2.0772  2.0196
1.0461  1.043  8.775  -0.482  -1.07  -1.168  0.18  -0.605  -1.165  -0.621  2.5051  2.6835  2.7939  -6.081  -7.026  -7.488  2.4307  2.0696  2.0048
1.0464  1.043  9.344  -0.602  -1.198  -1.298  0.068  -0.728  -1.295  -0.743  2.5046  2.683  2.7933  -6.081  -7.026  -7.488  2.4381  2.0788  2.0213
1.0466  1.043  9.962  -0.723  -1.327  -1.428  -0.046  -0.852  -1.425  -0.866  2.5037  2.682  2.7923  -6.081  -7.026  -7.488  2.4377  2.0756  2.0179
1.0467  1.043  10.073  -0.746  -1.35  -1.452  -0.067  -0.875  -1.449  -0.889  2.5078  2.6865  2.797  -6.081  -7.026  -7.488  2.4388  2.0844  2.0273
1.0469  1.043  9.695  -0.676  -1.276  -1.376  -0.003  -0.804  -1.373  -0.818  2.521  2.7007  2.8118  -6.081  -7.026  -7.488  2.4391  2.0863  2.0294
1.047  1.043  9.144  -0.566  -1.157  -1.255  0.098  -0.69  -1.252  -0.706  2.5279  2.7078  2.8194  -6.081  -7.026  -7.488  2.4335  2.0698  2.008
1.0471  1.043  9.069  -0.552  -1.141  -1.239  0.112  -0.676  -1.236  -0.691  2.5279  2.7078  2.8194  -6.081  -7.026  -7.488  2.4335  2.0698  2.008
1.0471  1.043  9.17  -0.572  -1.163  -1.261  0.093  -0.696  -1.258  -0.712  2.5299  2.71  2.8217  -6.081  -7.026  -7.488  2.437  2.07  2.012
1.0473  1.043  9.774  -0.693  -1.292  -1.392  -0.02  -0.82  -1.389  -0.835  2.5067  2.6849  2.7925  -6.081  -7.026  -7.488  2.4594  2.1033  2.0501
1.0474  1.043  10.429  -0.815  -1.422  -1.524  -0.134  -0.946  -1.521  -0.959  2.4864  2.6626  2.7686  -6.081  -7.026  -7.488  2.4858  2.1187  2.0551
1.0476  1.043  11.134  -0.94  -1.555  -1.659  -0.25  -1.073  -1.656  -1.086  2.4779  2.6538  2.7589  -6.081  -7.026  -7.488  2.4791  2.1131  2.0516
1.0478  1.043  11.9  -1.064  -1.687  -1.794  -0.365  -1.201  -1.791  -1.212  2.4827  2.659  2.764  -6.081  -7.026  -7.488  2.4769  2.1109  2.0514
1.0479  1.043  12.696  -1.184  -1.816  -1.925  -0.477  -1.324  -1.922  -1.334  2.4882  2.6655  2.7716  -6.081  -7.026  -7.488  2.4382  2.0796  2.0222
1.0481  1.043  13.566  -1.307  -1.948  -2.06  -0.59  -1.451  -2.057  -1.459  2.4836  2.6605  2.7666  -6.081  -7.026  -7.488  2.4342  2.0688  1.9958
1.0482  1.043  14.473  -1.427  -2.077  -2.192  -0.701  -1.575  -2.188  -1.582  2.4796  2.6563  2.7625  -6.081  -7.026  -7.488  2.4226  2.0654  1.9946
1.0483  1.043  15.423  -1.546  -2.205  -2.322  -0.811  -1.698  -2.319  -1.703  2.4801  2.6568  2.763  -6.081  -7.026  -7.488  2.4228  2.0667  1.9948
1.0484  1.043  16.461  -1.666  -2.334  -2.454  -0.92  -1.821  -2.45  -1.825  2.4827  2.6597  2.7659  -6.081  -7.026  -7.488  2.4342  2.0688  1.9958
1.0485  1.043  17.549  -1.782  -2.456  -2.58  -1.026  -1.939  -2.577  -1.943  2.4829  2.66  2.7661  -6.081  -7.026  -7.488  2.4342  2.0688  1.9958
1.0486  1.042  18.718  -1.899  -2.577  -2.707  -1.132  -2.058  -2.703  -2.061  2.4799  2.6567  2.7629  -6.081  -7.026  -7.488  2.4211  2.0556  1.9931
1.0486  1.042  19.932  -2.012  -2.695  -2.83  -1.235  -2.173  -2.827  -2.175  2.478  2.6546  2.7608  -6.081  -7.026  -7.488  2.42  2.0531  1.9882
1.0487  1.042  21.235  -2.126  -2.813  -2.954  -1.337  -2.288  -2.95  -2.29  2.4785  2.6552  2.7614  -6.081  -7.026  -7.488  2.4201  2.0532  1.9885
1.0488  1.041  22.623  -2.239  -2.93  -3.078  -1.439  -2.403  -3.073  -2.404  2.4796  2.6562  2.7625  -6.081  -7.026  -7.488  2.4136  2.0474  1.9832
1.0488  1.041  24.074  -2.35  -3.046  -3.2  -1.538  -2.516  -3.195  -2.517  2.4776  2.6543  2.7606  -6.081  -7.026  -7.488  2.4156  2.0491  1.9847
1.0489  1.041  25.648  -2.462  -3.163  -3.323  -1.639  -2.63  -3.318  -2.63  2.4816  2.6584  2.7647  -6.081  -7.026  -7.488  2.4144  2.0481  1.9838
1.049  1.04  27.274  -2.57  -3.275  -3.442  -1.735  -2.74  -3.437  -2.739  2.4829  2.6598  2.7661  -6.081  -7.026  -7.488  2.4152  2.0488  1.9844
1.049  1.04  29.024  -2.679  -3.39  -3.563  -1.831  -2.852  -3.558  -2.85  2.4844  2.661  2.7673  -6.081  -7.026  -7.488  2.4132  2.047  1.9829
1.049  1.039  30.9  -2.79  -3.507  -3.687  -1.93  -2.966  -3.681  -2.962  2.489  2.666  2.7724  -6.081  -7.026  -7.488  2.4212  2.0563  1.9932
1.0491  1.039  32.859  -2.899  -3.625  -3.809  -2.027  -3.079  -3.804  -3.074  2.4922  2.6695  2.7759  -6.081  -7.026  -7.488  2.4215  2.0582  1.9935
1.0491  1.038  34.959  -3.008  -3.743  -3.933  -2.125  -3.193  -3.927  -3.185  2.4922  2.6695  2.7759  -6.081  -7.026  -7.488  2.4215  2.0582  1.9935
1.0492  1.037  37.133  -3.116  -3.86  -4.055  -2.22  -3.305  -4.049  -3.295  2.4931  2.6704  2.7769  -6.081  -7.026  -7.488  2.4216  2.0589  1.9936
1.0492  1.036  39.46  -3.223  -3.976  -4.176  -2.315  -3.416  -4.17  -3.405  2.4954  2.673  2.7795  -6.081  -7.026  -7.488  2.4216  2.0683  1.9953
1.0492  1.036  41.933  -3.329  -4.091  -4.296  -2.409  -3.527  -4.291  -3.513  2.4976  2.6753  2.7818  -6.081  -7.026  -7.488  2.422  2.0685  1.9955
1.0492  1.035  44.51  -3.434  -4.205  -4.415  -2.501  -3.636  -4.409  -3.621  2.4976  2.6753  2.7818  -6.081  -7.026  -7.488  2.422  2.0685  1.9955
1.0493  1.034  47.267  -3.538  -4.318  -4.533  -2.591  -3.744  -4.528  -3.727  2.4979  2.6756  2.7822  -6.081  -7.026  -7.488  2.4223  2.0686  1.9956
1.0493  1.033  50.114  -3.641  -4.43  -4.651  -2.682  -3.852  -4.645  -3.832  2.4987  2.6764  2.7831  -6.081  -7.026  -7.488  2.4226  2.0688  1.9958
1.0493  1.031  53.156  -3.743  -4.541  -4.768  -2.77  -3.958  -4.762  -3.937  2.4986  2.6763  2.783  -6.081  -7.026  -7.488  2.4226  2.0688  1.9958
1.0493  1.03  57.142  -3.868  -4.677  -4.91  -2.876  -4.089  -4.904  -4.065  2.4989  2.6767  2.7833  -6.081  -7.026  -7.488  2.4227  2.0688  1.9958
1.0494  1.028  61.356  -3.992  -4.811  -5.051  -2.98  -4.218  -5.045  -4.191  2.5018  2.6796  2.7863  -6.081  -7.026  -7.488  2.4229  2.0689  1.996
1.0494  1.026  65.88  -4.116  -4.944  -5.192  -3.083  -4.347  -5.186  -4.318  2.5021  2.6799  2.7866  -6.081  -7.026  -7.488  2.423  2.069  1.996
1.0494  1.024  70.657  -4.239  -5.076  -5.331  -3.182  -4.474  -5.324  -4.443  2.5024  2.6803  2.787  -6.081  -7.026  -7.488  2.4244  2.0691  1.9976
1.0494  1.022  75.78  -4.36  -5.206  -5.468  -3.28  -4.6  -5.461  -4.567  2.5045  2.6824  2.7891  -6.081  -7.026  -7.488  2.4372  2.0716  2.0137
1.0494  1.02  81.256  -4.479  -5.334  -5.604  -3.37  -4.724  -5.597  -4.688  2.5042  2.6821  2.7888  -6.081  -7.026  -7.488  2.4373  2.0724  2.0145
1.0494  1.017  86.927  -4.595  -5.459  -5.737  -3.457  -4.844  -5.729  -4.807  2.504  2.6819  2.7885  -6.081  -7.026  -7.488  2.4375  2.074  2.0162
1.0495  1.014  92.951  -4.71  -5.582  -5.867  -3.536  -4.962  -5.86  -4.924  2.5064  2.6845  2.7911  -6.081  -7.026  -7.488  2.4396  2.086  2.0298
1.0495  1.011  99.324  -4.826  -5.704  -5.998  -3.613  -5.081  -5.99  -5.042  2.5061  2.6841  2.7906  -6.081  -7.026  -7.488  2.4402  2.086  2.0306
1.0495  1.007  106.012  -4.939  -5.824  -6.126  -3.682  -5.197  -6.117  -5.156  2.5075  2.6857  2.7921  -6.081  -7.026  -7.488  2.4484  2.0888  2.0346
1.0495  1.003  113.385  -5.053  -5.944  -6.254  -3.743  -5.314  -6.245  -5.272  2.5076  2.6858  2.7922  -6.081  -7.026  -7.488  2.4516  2.0902  2.0354
1.0495  0.999  120.936  -5.164  -6.06  -6.379  -3.798  -5.426  -6.37  -5.384  2.5076  2.6858  2.7922  -6.081  -7.026  -7.488  2.4516  2.0902  2.0354
1.0495  0.994  128.841  -5.273  -6.173  -6.501  -3.834  -5.536  -6.491  -5.495  2.5076  2.6858  2.7922  -6.081  -7.026  -7.488  2.4516  2.0902  2.0354
1.0495  0.989  137.327  -5.381  -6.285  -6.624  -3.868  -5.645  -6.613  -5.604  2.5076  2.6858  2.7922  -6.081  -7.026  -7.488  2.4516  2.0902  2.0354
1.0495  0.983  146.068  -5.485  -6.393  -6.741  -3.873  -5.748  -6.73  -5.709  2.5076  2.6858  2.7922  -6.081  -7.026  -7.488  2.4516  2.0902  2.0354
1.0495  0.976  155.008  -5.586  -6.498  -6.856  -3.877  -5.849  -6.844  -5.811  2.5072  2.6853  2.7917  -6.081  -7.026  -7.488  2.4508  2.0898  2.0352
1.0495  0.972  160.124  -5.64  -6.553  -6.916  -3.879  -5.902  -6.903  -5.865  2.5072  2.6853  2.7917  -6.081  -7.026  -7.488  2.4508  2.0898  2.0352
1.0496  0.973  10.712  -0.983  -1.538  -1.63  -0.347  -1.093  -1.628  -1.113  2.5089  2.6871  2.7935  -6.081  -7.026  -7.488  2.4532  2.0909  2.0358
1.0497  0.973  10.771  -0.993  -1.548  -1.641  -0.357  -1.103  -1.639  -1.123  2.5147  2.6932  2.7995  -6.081  -7.026  -7.488  2.4657  2.0985  2.0441
1.0498  0.973  10.761  -0.993  -1.548  -1.641  -0.357  -1.103  -1.638  -1.123  2.5162  2.6947  2.8012  -6.081  -7.026  -7.488  2.4678  2.1  2.0461
1.05  0.973  10.717  -0.988  -1.541  -1.634  -0.353  -1.098  -1.631  -1.118  2.516  2.6944  2.801  -6.081  -7.026  -7.488  2.4572  2.0926  2.0368
1.0501  0.973  10.672  -0.981  -1.533  -1.625  -0.347  -1.09  -1.622  -1.111  2.5194  2.6979  2.8045  -6.081  -7.026  -7.488  2.4601  2.0945  2.0389
1.0502  0.974  10.611  -0.973  -1.523  -1.615  -0.341  -1.081  -1.613  -1.102  2.5175  2.6958  2.8025  -6.081  -7.026  -7.488  2.4512  2.0898  2.0352
1.0503  0.974  10.557  -0.965  -1.514  -1.605  -0.335  -1.073  -1.603  -1.094  2.5131  2.6911  2.7977  -6.081  -7.026  -7.488  2.4572  2.0926  2.0368
1.0504  0.974  10.497  -0.956  -1.504  -1.595  -0.328  -1.064  -1.592  -1.085  2.5063  2.6838  2.79  -6.081  -7.026  -7.488  2.449  2.0888  2.0346
1.0505  0.974  10.453  -0.95  -1.496  -1.587  -0.323  -1.057  -1.584  -1.078  2.5055  2.6828  2.7889  -6.081  -7.026  -7.488  2.4468  2.0877  2.034
1.0506  0.974  10.405  -0.944  -1.488  -1.579  -0.318  -1.05  -1.576  -1.072  2.4998  2.6767  2.7826  -6.081  -7.026  -7.488  2.4445  2.0867  2.0334
1.0507  0.974  10.374  -0.939  -1.482  -1.572  -0.314  -1.044  -1.57  -1.066  2.4935  2.6699  2.7754  -6.081  -7.026  -7.488  2.4426  2.086  2.0312
1.0508  0.974  10.336  -0.934  -1.476  -1.567  -0.311  -1.04  -1.564  -1.061  2.5097  2.6876  2.797  -6.093  -7.039  -7.501  2.4216  2.0621  1.9941
1.0509  0.974  10.31  -0.93  -1.472  -1.562  -0.308  -1.035  -1.559  -1.057  2.5086  2.6864  2.7958  -6.093  -7.039  -7.501  2.4193  2.0536  1.9895
1.051  0.975  10.3  -0.929  -1.47  -1.56  -0.307  -1.034  -1.557  -1.056  2.5105  2.6883  2.7977  -6.093  -7.039  -7.501  2.419  2.0531  1.9882
1.051  0.975  10.284  -0.927  -1.468  -1.558  -0.306  -1.032  -1.555  -1.054  2.5124  2.6903  2.7997  -6.093  -7.039  -7.501  2.4191  2.0533  1.9887
1.0511  0.975  10.274  -0.925  -1.465  -1.555  -0.304  -1.03  -1.552  -1.052  2.5122  2.69  2.7994  -6.093  -7.039  -7.501  2.4192  2.0535  1.9892
1.0512  0.975  10.253  -0.923  -1.463  -1.552  -0.303  -1.028  -1.549  -1.05  2.5112  2.6888  2.7983  -6.093  -7.039  -7.501  2.4148  2.0488  1.9844
1.0514  0.975  10.244  -0.923  -1.461  -1.551  -0.303  -1.027  -1.548  -1.049  2.5132  2.691  2.8004  -6.093  -7.039  -7.501  2.4165  2.0505  1.9859
1.0515  0.975  10.251  -0.923  -1.462  -1.551  -0.304  -1.027  -1.548  -1.049  2.5172  2.6951  2.8047  -6.093  -7.039  -7.501  2.4144  2.0484  1.9841
1.0516  0.975  10.251  -0.925  -1.463  -1.552  -0.305  -1.029  -1.55  -1.051  2.5198  2.6978  2.8075  -6.093  -7.039  -7.501  2.4162  2.0502  1.9856
1.0517  0.975  10.263  -0.928  -1.466  -1.555  -0.308  -1.032  -1.553  -1.054  2.5204  2.6985  2.8082  -6.093  -7.039  -7.501  2.4183  2.0523  1.9874
1.0517  0.975  10.274  -0.929  -1.467  -1.557  -0.309  -1.033  -1.554  -1.055  2.5248  2.7032  2.813  -6.093  -7.039  -7.501  2.4198  2.0547  1.9922
1.0518  0.975  10.291  -0.931  -1.47  -1.559  -0.311  -1.035  -1.556  -1.057  2.5254  2.7038  2.8137  -6.093  -7.039  -7.501  2.4199  2.0548  1.9925
1.0519  0.976  10.319  -0.937  -1.476  -1.565  -0.317  -1.041  -1.562  -1.063  2.5324  2.7111  2.8214  -6.093  -7.039  -7.501  2.4196  2.0542  1.991
1.052  0.976  10.353  -0.944  -1.483  -1.573  -0.323  -1.048  -1.57  -1.07  2.5326  2.7108  2.8217  -6.093  -7.039  -7.501  2.4342  2.0688  1.9958
1.0521  0.976  10.415  -0.954  -1.494  -1.584  -0.332  -1.058  -1.581  -1.081  2.5372  2.7155  2.8263  -6.093  -7.039  -7.501  2.4387  2.0698  2.0096
1.0522  0.976  10.482  -0.966  -1.507  -1.597  -0.343  -1.071  -1.595  -1.093  2.5363  2.7146  2.8254  -6.093  -7.039  -7.501  2.4385  2.0698  2.008
1.0523  0.976  10.567  -0.98  -1.523  -1.613  -0.355  -1.085  -1.611  -1.107  2.5367  2.7149  2.8257  -6.093  -7.039  -7.501  2.4384  2.0697  2.0072
1.0524  0.976  10.67  -0.996  -1.541  -1.632  -0.37  -1.102  -1.629  -1.124  2.5352  2.7132  2.824  -6.093  -7.039  -7.501  2.4386  2.0698  2.0088
1.0525  0.976  10.773  -1.015  -1.561  -1.653  -0.386  -1.122  -1.65  -1.143  2.536  2.714  2.8248  -6.093  -7.039  -7.501  2.4388  2.0699  2.0104
1.0526  0.976  10.926  -1.038  -1.587  -1.679  -0.408  -1.146  -1.677  -1.167  2.5377  2.716  2.8267  -6.093  -7.039  -7.501  2.4416  2.0836  2.0205
1.0527  0.977  11.027  -1.055  -1.606  -1.698  -0.423  -1.164  -1.695  -1.184  2.545  2.7237  2.8346  -6.093  -7.039  -7.501  2.4424  2.086  2.0251
1.0528  0.977  10.956  -1.044  -1.593  -1.685  -0.413  -1.152  -1.683  -1.173  2.5433  2.722  2.833  -6.093  -7.039  -7.501  2.4426  2.086  2.0265
1.0529  0.977  11.26  -1.092  -1.647  -1.74  -0.456  -1.202  -1.737  -1.222  2.5451  2.7237  2.8348  -6.093  -7.039  -7.501  2.4411  2.0812  2.019
1.053  0.977  11.908  -1.19  -1.755  -1.85  -0.543  -1.304  -1.847  -1.323  2.5466  2.7255  2.8366  -6.093  -7.039  -7.501  2.4418  2.0852  2.0215
1.0531  0.977  12.655  -1.298  -1.873  -1.971  -0.639  -1.415  -1.969  -1.434  2.5489  2.7278  2.839  -6.093  -7.039  -7.501  2.4405  2.078  2.017
1.0531  0.977  13.457  -1.406  -1.993  -2.094  -0.737  -1.528  -2.092  -1.545  2.5275  2.7046  2.8113  -6.093  -7.039  -7.501  2.4725  2.0935  2.0376
1.0531  0.977  14.317  -1.514  -2.112  -2.216  -0.833  -1.64  -2.213  -1.655  2.5275  2.7046  2.8113  -6.093  -7.039  -7.501  2.4725  2.0935  2.0376
1.0531  0.977  15.2  -1.619  -2.228  -2.335  -0.927  -1.75  -2.332  -1.763  2.5271  2.7043  2.8109  -6.093  -7.039  -7.501  2.472  2.093  2.037
1.0531  0.977  16.157  -1.727  -2.347  -2.457  -1.023  -1.862  -2.454  -1.874  2.5271  2.7043  2.8109  -6.093  -7.039  -7.501  2.472  2.093  2.037
1.0531  0.977  17.181  -1.835  -2.462  -2.577  -1.118  -1.972  -2.574  -1.984  2.5271  2.7043  2.8109  -6.093  -7.039  -7.501  2.472  2.093  2.037
1.0532  0.977  18.233  -1.937  -2.571  -2.691  -1.209  -2.077  -2.688  -2.088  2.5271  2.7043  2.8109  -6.093  -7.039  -7.501  2.472  2.093  2.037
1.0532  0.977  18.254  -1.939  -2.573  -2.693  -1.211  -2.079  -2.69  -2.09  2.5271  2.7043  2.8109  -6.093  -7.039  -7.501  2.472  2.093  2.037
1.0532  0.977  18.804  -1.992  -2.629  -2.752  -1.257  -2.133  -2.748  -2.143  2.5271  2.7043  2.8109  -6.093  -7.039  -7.501  2.472  2.093  2.037
1.0532  0.977  19.969  -2.095  -2.738  -2.866  -1.349  -2.238  -2.862  -2.248  2.5271  2.7043  2.8109  -6.093  -7.039  -7.501  2.472  2.093  2.037
1.0532  0.977  20.671  -2.155  -2.801  -2.933  -1.402  -2.3  -2.929  -2.309  2.5268  2.7039  2.8105  -6.093  -7.039  -7.501  2.4713  2.0929  2.0368
1.0532  0.977  20.538  -2.146  -2.791  -2.922  -1.393  -2.29  -2.919  -2.299  2.5268  2.7039  2.8105  -6.093  -7.039  -7.501  2.4713  2.0929  2.0368
1.0532  0.977  19.699  -2.072  -2.714  -2.841  -1.329  -2.215  -2.837  -2.225  2.5268  2.7039  2.8105  -6.093  -7.039  -7.501  2.4713  2.0929  2.0368
1.0532  0.976  19.668  -2.07  -2.711  -2.838  -1.327  -2.213  -2.835  -2.222  2.5271  2.7042  2.8107  -6.093  -7.039  -7.501  2.4671  2.0923  2.0356
1.0533  0.975  20.92  -2.175  -2.823  -2.956  -1.42  -2.321  -2.952  -2.329  2.5283  2.7055  2.8122  -6.093  -7.039  -7.501  2.465  2.092  2.035
1.0533  0.975  22.139  -2.274  -2.927  -3.066  -1.506  -2.421  -3.062  -2.43  2.528  2.7051  2.812  -6.093  -7.039  -7.501  2.4643  2.0919  2.0348
1.0533  0.974  23.635  -2.386  -3.046  -3.191  -1.604  -2.536  -3.187  -2.543  2.53  2.7072  2.8142  -6.093  -7.039  -7.501  2.4615  2.0915  2.034
1.0534  0.972  25.384  -2.508  -3.176  -3.329  -1.712  -2.662  -3.324  -2.667  2.53  2.7072  2.8142  -6.093  -7.039  -7.501  2.4615  2.0915  2.034
1.0534  0.971  27.099  -2.62  -3.294  -3.454  -1.809  -2.776  -3.449  -2.781  2.5285  2.7056  2.8126  -6.093  -7.039  -7.501  2.4475  2.0875  2.0253
1.0534  0.97  28.917  -2.73  -3.411  -3.578  -1.906  -2.889  -3.573  -2.893  2.5311  2.7083  2.8153  -6.093  -7.039  -7.501  2.4622  2.0916  2.0342
1.0534  0.968  30.822  -2.841  -3.533  -3.705  -2.004  -3.005  -3.7  -3.007  2.5309  2.7082  2.8151  -6.093  -7.039  -7.501  2.4615  2.0915  2.034
1.0534  0.966  32.851  -2.952  -3.653  -3.831  -2.101  -3.12  -3.826  -3.12  2.5309  2.7082  2.8151  -6.093  -7.039  -7.501  2.4615  2.0915  2.034
1.0535  0.965  35.015  -3.061  -3.773  -3.956  -2.197  -3.234  -3.951  -3.232  2.5314  2.7087  2.8157  -6.093  -7.039  -7.501  2.4622  2.0916  2.0342
1.0535  0.962  37.261  -3.169  -3.892  -4.081  -2.292  -3.348  -4.076  -3.343  2.5314  2.7086  2.8156  -6.093  -7.039  -7.501  2.4615  2.0915  2.034
1.0535  0.96  39.816  -3.279  -4.015  -4.211  -2.385  -3.464  -4.205  -3.456  2.5319  2.7091  2.8161  -6.093  -7.039  -7.501  2.4622  2.0916  2.0342
1.0535  0.957  42.949  -3.393  -4.148  -4.353  -2.476  -3.587  -4.347  -3.575  2.5325  2.7097  2.8167  -6.093  -7.039  -7.501  2.4608  2.0914  2.0338
1.0535  0.954  46.042  -3.503  -4.273  -4.486  -2.567  -3.704  -4.48  -3.689  2.5325  2.7097  2.8167  -6.093  -7.039  -7.501  2.4608  2.0914  2.0338
1.0535  0.95  49.086  -3.612  -4.394  -4.613  -2.66  -3.819  -4.607  -3.802  2.5325  2.7097  2.8167  -6.093  -7.039  -7.501  2.4608  2.0914  2.0338
1.0535  0.946  52.331  -3.722  -4.514  -4.74  -2.753  -3.935  -4.734  -3.914  2.5341  2.7113  2.8182  -6.093  -7.039  -7.501  2.4594  2.0912  2.0334
1.0536  0.941  55.841  -3.831  -4.633  -4.866  -2.844  -4.048  -4.86  -4.026  2.5341  2.7113  2.8182  -6.093  -7.039  -7.501  2.4594  2.0912  2.0334
1.0536  0.935  59.711  -3.946  -4.759  -4.999  -2.939  -4.169  -4.993  -4.144  2.5341  2.7113  2.8182  -6.093  -7.039  -7.501  2.4594  2.0912  2.0334
1.0536  0.929  64.055  -4.063  -4.888  -5.135  -3.035  -4.292  -5.129  -4.264  2.5341  2.7113  2.8182  -6.093  -7.039  -7.501  2.4594  2.0912  2.0334
1.0536  0.925  68.447  -4.176  -5.009  -5.264  -3.124  -4.409  -5.257  -4.379  2.5341  2.7113  2.8182  -6.093  -7.039  -7.501  2.4594  2.0912  2.0334
1.0536  0.921  73.174  -4.288  -5.132  -5.394  -3.212  -4.527  -5.387  -4.494  2.5341  2.7113  2.8182  -6.093  -7.039  -7.501  2.4594  2.0912  2.0334
1.0536  0.916  78.335  -4.403  -5.257  -5.527  -3.295  -4.647  -5.52  -4.612  2.5341  2.7113  2.8182  -6.093  -7.039  -7.501  2.4594  2.0912  2.0334
1.0536  0.91  83.86  -4.517  -5.381  -5.659  -3.376  -4.766  -5.652  -4.729  2.5345  2.7117  2.8187  -6.093  -7.039  -7.501  2.4601  2.0913  2.0336
1.0536  0.904  89.383  -4.623  -5.494  -5.781  -3.444  -4.875  -5.773  -4.837  2.5345  2.7117  2.8187  -6.093  -7.039  -7.501  2.4601  2.0913  2.0336
1.0536  0.897  95.908  -4.741  -5.622  -5.918  -3.516  -4.998  -5.91  -4.957  2.5345  2.7117  2.8187  -6.093  -7.039  -7.501  2.4601  2.0913  2.0336
1.0536  0.887  102.791  -4.855  -5.743  -6.05  -3.573  -5.115  -6.04  -5.073  2.5345  2.7117  2.8187  -6.093  -7.039  -7.501  2.4601  2.0913  2.0336
1.0536  0.874  109.965  -4.967  -5.861  -6.178  -3.621  -5.229  -6.168  -5.187  2.5345  2.7117  2.8187  -6.093  -7.039  -7.501  2.4601  2.0913  2.0336
1.0536  0.859  117.046  -5.067  -5.968  -6.295  -3.64  -5.331  -6.285  -5.289  2.5356  2.713  2.8199  -6.093  -7.039  -7.501  2.4587  2.0911  2.0332
1.0536  0.855  121.634  -5.13  -6.034  -6.367  -3.653  -5.394  -6.357  -5.353  2.5356  2.713  2.8199  -6.093  -7.039  -7.501  2.4587  2.0911  2.0332
1.0536  0.852  113.699  -5.017  -5.915  -6.239  -3.617  -5.28  -6.229  -5.238  2.5356  2.713  2.8199  -6.093  -7.039  -7.501  2.4587  2.0911  2.0332
1.0536  0.851  115.28  -5.039  -5.939  -6.265  -3.624  -5.302  -6.254  -5.261  2.5356  2.713  2.8199  -6.093  -7.039  -7.501  2.4587  2.0911  2.0332
1.0536  0.85  116.374  -5.055  -5.956  -6.283  -3.627  -5.319  -6.273  -5.277  2.5356  2.713  2.8199  -6.093  -7.039  -7.501  2.4587  2.0911  2.0332
1.0536  0.849  118.674  -5.087  -5.989  -6.32  -3.635  -5.351  -6.309  -5.309  2.5356  2.713  2.8199  -6.093  -7.039  -7.501  2.4587  2.0911  2.0332
1.0536  0.848  120.88  -5.117  -6.02  -6.354  -3.641  -5.381  -6.343  -5.339  2.5356  2.713  2.8199  -6.093  -7.039  -7.501  2.4587  2.0911  2.0332
1.0536  0.847  123.326  -5.149  -6.055  -6.391  -3.647  -5.413  -6.381  -5.372  2.5356  2.713  2.8199  -6.093  -7.039  -7.501  2.4587  2.0911  2.0332
1.0536  0.845  128.367  -5.216  -6.124  -6.467  -3.647  -5.48  -6.456  -5.44  2.5356  2.713  2.8199  -6.093  -7.039  -7.501  2.4587  2.0911  2.0332
1.0536  0.843  138.661  -5.343  -6.256  -6.613  -3.64  -5.606  -6.6  -5.568  2.5356  2.713  2.8199  -6.093  -7.039  -7.501  2.4587  2.0911  2.0332
1.0536  0.839  150.472  -5.477  -6.395  -6.765  -3.626  -5.737  -6.751  -5.704  2.5356  2.713  2.8199  -6.093  -7.039  -7.501  2.4587  2.0911  2.0332
1.0536  0.834  160.863  -5.585  -6.507  -6.888  -3.603  -5.843  -6.872  -5.813  2.5356  2.713  2.8199  -6.093  -7.039  -7.501  2.4587  2.0911  2.0332
1.0536  0.826  172.645  -5.7  -6.626  -7.018  -3.574  -5.952  -6.999  -5.929  2.5356  2.713  2.8199  -6.093  -7.039  -7.501  2.4587  2.0911  2.0332
1.0536  0.817  179.91  -5.764  -6.693  -7.092  -3.552  -6.013  -7.071  -5.994  2.5356  2.713  2.8199  -6.093  -7.039  -7.501  2.4587  2.0911  2.0332
1.0536  0.815  66.72  -4.119  -4.952  -5.208  -3.065  -4.352  -5.202  -4.322  2.5356  2.713  2.8199  -6.093  -7.039  -7.501  2.4587  2.0911  2.0332
1.0536  0.814  69.479  -4.185  -5.025  -5.286  -3.113  -4.422  -5.28  -4.39  2.5356  2.713  2.8199  -6.093  -7.039  -7.501  2.4587  2.0911  2.0332
1.0536  0.812  87.087  -4.55  -5.426  -5.717  -3.348  -4.804  -5.709  -4.765  2.5356  2.713  2.8199  -6.093  -7.039  -7.501  2.4587  2.0911  2.0332
1.0536  0.81  115.946  -5.021  -5.926  -6.26  -3.534  -5.285  -6.25  -5.244  2.5356  2.713  2.8199  -6.093  -7.039  -7.501  2.4587  2.0911  2.0332
1.0536  0.807  146.405  -5.406  -6.326  -6.698  -3.516  -5.665  -6.683  -5.633  2.5356  2.713  2.8199  -6.093  -7.039  -7.501  2.4587  2.0911  2.0332
1.0536  0.805  169.533  -5.647  -6.576  -6.97  -3.483  -5.899  -6.949  -5.877  2.5356  2.713  2.8199  -6.093  -7.039  -7.501  2.4587  2.0911  2.0332
1.0536  0.801  182.413  -5.765  -6.697  -7.1  -3.484  -6.01  -7.076  -5.995  2.5356  2.713  2.8199  -6.093  -7.039  -7.501  2.4587  2.0911  2.0332
1.0536  0.798  187.653  -5.811  -6.745  -7.152  -3.483  -6.053  -7.126  -6.042  2.5356  2.713  2.8199  -6.093  -7.039  -7.501  2.4587  2.0911  2.0332
1.0536  0.794  189.913  -5.83  -6.764  -7.172  -3.48  -6.07  -7.146  -6.061  2.5356  2.713  2.8199  -6.093  -7.039  -7.501  2.4587  2.0911  2.0332
1.0536  0.793  94.179  -4.672  -5.559  -5.864  -3.401  -4.931  -5.854  -4.89  2.5356  2.713  2.8199  -6.093  -7.039  -7.501  2.4587  2.0911  2.0332
1.0536  0.79  72.703  -4.249  -5.1  -5.368  -3.149  -4.491  -5.361  -4.457  2.5356  2.713  2.8199  -6.093  -7.039  -7.501  2.4587  2.0911  2.0332
1.0536  0.788  90.94  -4.614  -5.498  -5.797  -3.372  -4.872  -5.788  -4.831  2.5356  2.713  2.8199  -6.093  -7.039  -7.501  2.4587  2.0911  2.0332
1.0536  0.786  120.88  -5.083  -5.992  -6.335  -3.508  -5.347  -6.323  -5.307  2.5356  2.713  2.8199  -6.093  -7.039  -7.501  2.4587  2.0911  2.0332
1.0536  0.783  152.39  -5.464  -6.388  -6.768  -3.475  -5.722  -6.751  -5.692  2.5356  2.713  2.8199  -6.093  -7.039  -7.501  2.4587  2.0911  2.0332
1.0536  0.779  176.382  -5.703  -6.635  -7.035  -3.454  -5.95  -7.012  -5.933  2.5356  2.713  2.8199  -6.093  -7.039  -7.501  2.4587  2.0911  2.0332
1.0536  0.775  189.476  -5.82  -6.755  -7.165  -3.46  -6.06  -7.138  -6.051  2.5356  2.713  2.8199  -6.093  -7.039  -7.501  2.4587  2.0911  2.0332
1.0536  0.771  194.919  -5.866  -6.801  -7.215  -3.463  -6.103  -7.186  -6.097  2.5356  2.713  2.8199  -6.093  -7.039  -7.501  2.4587  2.0911  2.0332
1.0536  0.766  197.267  -5.883  -6.819  -7.234  -3.463  -6.119  -7.204  -6.115  2.5356  2.713  2.8199  -6.093  -7.039  -7.501  2.4587  2.0911  2.0332
1.0536  0.765  98.482  -4.74  -5.633  -5.945  -3.421  -5.002  -5.935  -4.96  2.5356  2.713  2.8199  -6.093  -7.039  -7.501  2.4587  2.0911  2.0332
1.0536  0.761  75.832  -4.314  -5.173  -5.449  -3.187  -4.56  -5.441  -4.524  2.5356  2.713  2.8199  -6.093  -7.039  -7.501  2.4587  2.0911  2.0332
1.0536  0.759  94.854  -4.678  -5.567  -5.874  -3.392  -4.938  -5.864  -4.897  2.5356  2.713  2.8199  -6.093  -7.039  -7.501  2.4587  2.0911  2.0332
1.0536  0.756  125.735  -5.143  -6.055  -6.407  -3.483  -5.407  -6.395  -5.368  2.5356  2.713  2.8199  -6.093  -7.039  -7.501  2.4587  2.0911  2.0332
1.0536  0.752  158.254  -5.521  -6.447  -6.835  -3.443  -5.775  -6.816  -5.75  2.5356  2.713  2.8199  -6.093  -7.039  -7.501  2.4587  2.0911  2.0332
1.0536  0.748  182.875  -5.757  -6.69  -7.097  -3.437  -6.0  -7.072  -5.988  2.5356  2.713  2.8199  -6.093  -7.039  -7.501  2.4587  2.0911  2.0332
1.0536  0.743  196.361  -5.871  -6.808  -7.224  -3.448  -6.107  -7.194  -6.103  2.5356  2.713  2.8199  -6.093  -7.039  -7.501  2.4587  2.0911  2.0332
1.0536  0.738  201.816  -5.915  -6.852  -7.272  -3.454  -6.146  -7.239  -6.147  2.5356  2.713  2.8199  -6.093  -7.039  -7.501  2.4587  2.0911  2.0332
1.0536  0.732  203.824  -5.931  -6.869  -7.29  -3.455  -6.161  -7.257  -6.163  2.5356  2.713  2.8199  -6.093  -7.039  -7.501  2.4587  2.0911  2.0332
1.0536  0.731  102.389  -4.806  -5.701  -6.021  -3.446  -5.068  -6.011  -5.026  2.5356  2.713  2.8199  -6.093  -7.039  -7.501  2.4587  2.0911  2.0332
1.0536  0.729  75.728  -4.312  -5.169  -5.445  -3.187  -4.557  -5.438  -4.522  2.5356  2.713  2.8199  -6.093  -7.039  -7.501  2.4587  2.0911  2.0332
1.0536  0.727  78.823  -4.377  -5.241  -5.522  -3.231  -4.626  -5.515  -4.589  2.5356  2.713  2.8199  -6.093  -7.039  -7.501  2.4587  2.0911  2.0332
1.0536  0.724  98.323  -4.739  -5.631  -5.945  -3.42  -5.001  -5.935  -4.958  2.5356  2.713  2.8199  -6.093  -7.039  -7.501  2.4587  2.0911  2.0332
1.0536  0.721  130.183  -5.2  -6.114  -6.473  -3.477  -5.463  -6.461  -5.425  2.5356  2.713  2.8199  -6.093  -7.039  -7.501  2.4587  2.0911  2.0332
1.0536  0.716  163.589  -5.574  -6.502  -6.897  -3.427  -5.827  -6.877  -5.803  2.5356  2.713  2.8199  -6.093  -7.039  -7.501  2.4587  2.0911  2.0332
1.0536  0.712  188.823  -5.806  -6.742  -7.156  -3.429  -6.047  -7.129  -6.038  2.5356  2.713  2.8199  -6.093  -7.039  -7.501  2.4587  2.0911  2.0332
1.0536  0.706  202.561  -5.918  -6.857  -7.279  -3.447  -6.15  -7.247  -6.15  2.5356  2.713  2.8199  -6.093  -7.039  -7.501  2.4587  2.0911  2.0332
1.0536  0.7  208.092  -5.962  -6.901  -7.327  -3.454  -6.19  -7.293  -6.194  2.5356  2.713  2.8199  -6.093  -7.039  -7.501  2.4587  2.0911  2.0332
1.0536  0.694  209.969  -5.977  -6.917  -7.345  -3.457  -6.205  -7.311  -6.21  2.5356  2.713  2.8199  -6.093  -7.039  -7.501  2.4587  2.0911  2.0332
