#Mini MPD Rad MJ_2M MH_2M MK_2M MZ087 MW146 MF213 MHw sigmaJ sigmaH sigmaKs minJ minH minKs maxJ maxH maxKs
0.002  0.002  0.105  37.257  34.027  53.596  99.0  37.278  99.0  36.219  0.2  0.2  0.2  -999.0  -999.0  -999.0  999.0  999.0  999.0
0.003  0.003  0.105  34.125  32.029  49.186  99.0  34.146  99.0  33.528  0.2  0.2  0.2  -999.0  -999.0  -999.0  999.0  999.0  999.0
0.004  0.004  0.105  31.374  30.144  45.126  99.0  31.395  99.0  31.058  0.2  0.2  0.2  -999.0  -999.0  -999.0  999.0  999.0  999.0
0.005  0.005  0.105  29.128  28.509  41.686  99.0  29.149  99.0  28.981  0.2  0.2  0.2  -999.0  -999.0  -999.0  999.0  999.0  999.0
0.006  0.006  0.104  27.154  27.049  38.646  99.0  27.175  99.0  27.131  0.2  0.2  0.2  -999.0  -999.0  -999.0  999.0  999.0  999.0
0.007  0.007  0.103  25.426  25.745  35.936  99.0  25.447  99.0  25.492  0.2  0.2  0.2  -999.0  -999.0  -999.0  999.0  999.0  999.0
0.008  0.008  0.103  23.951  24.625  33.626  99.0  23.972  99.0  24.083  0.2  0.2  0.2  -999.0  -999.0  -999.0  999.0  999.0  999.0
0.009  0.009  0.102  22.701  23.651  31.616  99.0  22.722  99.0  22.878  0.2  0.2  0.2  -999.0  -999.0  -999.0  999.0  999.0  999.0
0.01  0.01  0.101  22.269  23.117  30.466  99.0  22.29  99.0  22.43  0.2  0.2  0.2  -999.0  -999.0  -999.0  999.0  999.0  999.0
0.012  0.012  0.1  21.375  22.018  28.136  99.0  21.396  99.0  21.501  0.2  0.2  0.2  -999.0  -999.0  -999.0  999.0  999.0  999.0
0.015  0.015  0.098  20.524  21.017  25.986  99.0  20.545  99.0  20.623  0.2  0.2  0.2  -999.0  -999.0  -999.0  999.0  999.0  999.0
0.02  0.02  0.095  19.661  19.836  23.286  99.0  19.682  99.0  19.698  0.2  0.2  0.2  -999.0  -999.0  -999.0  999.0  999.0  999.0
0.03  0.03  0.09  18.208  18.269  20.016  99.0  18.229  99.0  18.221  0.2  0.2  0.2  -999.0  -999.0  -999.0  999.0  999.0  999.0
0.04  0.04  0.085  16.95  17.091  17.966  99.0  16.971  99.0  16.98  0.2  0.2  0.2  -999.0  -999.0  -999.0  999.0  999.0  999.0
0.05  0.05  0.082  15.878  16.045  16.356  99.0  15.899  99.0  15.913  0.2  0.2  0.2  -999.0  -999.0  -999.0  999.0  999.0  999.0
0.06  0.06  0.079  14.965  15.133  15.126  99.0  14.986  99.0  15.001  0.2  0.2  0.2  -999.0  -999.0  -999.0  999.0  999.0  999.0
0.07  0.07  0.081  13.487  13.506  13.416  99.0  13.508  99.0  13.491  0.2  0.2  0.2  -999.0  -999.0  -999.0  999.0  999.0  999.0
0.072  0.072  0.083  12.943  12.855  12.776  99.0  12.964  99.0  12.924  0.2  0.2  0.2  -999.0  -999.0  -999.0  999.0  999.0  999.0
0.075  0.075  0.089  12.187  11.928  11.756  99.0  12.208  99.0  12.129  0.2  0.2  0.2  -999.0  -999.0  -999.0  999.0  999.0  999.0
0.08  0.08  0.099  11.438  11.081  10.796  99.0  11.459  99.0  11.356  0.2  0.2  0.2  -999.0  -999.0  -999.0  999.0  999.0  999.0
0.09  0.09  0.121  11.167  10.562  10.305  12.96  11.188  10.382  11.024  0.1578  0.0664  0.0792  10.659  10.343  10.189  11.176  10.573  10.4751
0.1  0.1  0.133  10.705  10.1  9.84  12.498  10.725  9.917  10.562  0.2214  0.168  0.1187  10.012  9.599  9.48  10.72  10.117  9.852
0.1092  0.109  0.143  10.382  9.778  9.515  12.175  10.402  9.593  10.239  0.3219  0.2659  0.1997  9.711  9.263  9.13  10.5285  9.938  9.6454
0.12  0.12  0.154  10.06  9.456  9.188  11.752  10.064  9.261  9.917  0.236  0.2027  0.157  9.386  8.902  8.755  10.074  9.472  9.2014
0.14  0.14  0.173  9.654  9.05  8.78  11.173  9.632  8.845  9.511  0.2289  0.2029  0.1625  8.991  8.48  8.32  9.665  9.063  8.791
0.16  0.16  0.191  9.336  8.731  8.463  10.743  9.297  8.522  9.193  0.2267  0.203  0.166  8.682  8.162  7.995  9.346  8.744  8.474
0.1899  0.19  0.217  8.956  8.351  8.088  10.26  8.903  8.142  8.813  0.0  0.0  0.0  8.58  8.031  7.834  8.58  8.031  7.834
0.2  0.2  0.225  8.842  8.237  7.975  10.116  8.785  8.028  8.699  0.2158  0.1948  0.1641  8.201  7.675  7.503  8.853  8.25  7.987
0.25  0.25  0.264  8.376  7.77  7.517  9.55  8.305  7.564  8.233  0.2398  0.2186  0.1864  7.731  7.203  7.032  8.433  7.847  7.578
0.3252  0.325  0.324  7.812  7.202  6.959  8.91  7.728  7.001  7.668  0.2079  0.1895  0.1615  7.264  6.722  6.548  7.884  7.2926  7.036
0.3447  0.345  0.343  7.667  7.057  6.815  8.751  7.581  6.856  7.523  0.2251  0.2013  0.1703  7.074  6.552  6.391  7.7475  7.1542  6.9005
0.35  0.35  0.347  7.632  7.021  6.78  8.712  7.545  6.821  7.487  0.2433  0.213  0.1802  6.966  6.468  6.314  7.6903  7.096  6.844
0.3561  0.356  0.353  7.589  6.977  6.737  8.662  7.5  6.777  7.444  0.2641  0.2292  0.1935  6.936  6.438  6.285  7.635  7.032  6.7855
0.3751  0.375  0.369  7.46  6.846  6.609  8.514  7.368  6.648  7.315  0.1696  0.1455  0.1225  6.848  6.353  6.202  7.4986  6.8873  6.6479
0.4  0.4  0.389  7.303  6.686  6.451  8.334  7.206  6.489  7.157  0.225  0.1904  0.1582  6.694  6.205  6.057  7.3622  6.7582  6.516
0.45  0.45  0.437  6.958  6.334  6.105  7.941  6.85  6.138  6.81  0.2196  0.18  0.1457  6.379  5.906  5.763  7.0312  6.4152  6.1801
0.4652  0.465  0.453  6.846  6.219  5.992  7.812  6.734  6.024  6.697  0.2387  0.197  0.1595  6.309  5.816  5.673  6.9078  6.2853  6.0545
0.5  0.5  0.489  6.605  5.971  5.749  7.534  6.483  5.778  6.454  0.2352  0.1849  0.1448  6.042  5.556  5.422  6.6972  6.0662  5.839
0.503  0.503  0.492  6.583  5.948  5.727  7.508  6.46  5.755  6.432  0.2343  0.1834  0.1432  6.042  5.556  5.422  6.697  6.0654  5.8384
0.55  0.55  0.541  6.246  5.599  5.39  7.112  6.109  5.412  6.092  0.2446  0.1759  0.1323  5.687  5.206  5.095  6.356  5.7079  5.4899
0.6  0.6  0.587  5.896  5.23  5.049  6.7  5.744  5.065  5.737  0.2344  0.1399  0.1015  5.331  4.913  4.822  6.0211  5.3531  5.153
0.65  0.65  0.624  5.547  4.879  4.739  6.293  5.392  4.75  5.388  0.2184  0.1037  0.0753  4.999  4.638  4.561  5.6888  5.0076  4.8398
0.7  0.7  0.656  5.228  4.601  4.495  5.909  5.088  4.502  5.079  0.2075  0.0882  0.0671  4.691  4.372  4.315  5.3687  4.7027  4.5717
0.7104  0.71  0.662  5.166  4.555  4.455  5.83  5.032  4.461  5.021  0.1864  0.0827  0.0646  4.65  4.331  4.275  5.2866  4.6322  4.512
0.75  0.75  0.686  4.938  4.4  4.313  5.539  4.832  4.318  4.812  0.2001  0.0991  0.0811  4.427  4.134  4.091  5.0729  4.4789  4.3789
0.7999  0.8  0.728  4.666  4.193  4.116  5.211  4.583  4.12  4.556  0.2026  0.1172  0.0986  4.15  3.881  3.849  4.8039  4.2749  4.1849
0.8065  0.806  0.734  4.632  4.166  4.091  5.169  4.551  4.094  4.524  0.2038  0.1191  0.1007  4.078  3.819  3.791  4.7982  4.2701  4.1801
0.8498  0.849  0.773  4.411  3.994  3.926  4.903  4.347  3.929  4.315  0.2024  0.1311  0.1135  3.868  3.629  3.605  4.5416  4.0717  3.9927
0.8997  0.899  0.824  4.166  3.796  3.736  4.613  4.117  3.739  4.081  0.2068  0.1426  0.1266  3.566  3.371  3.351  4.2855  3.8694  3.7974
0.9071  0.906  0.831  4.13  3.767  3.707  4.572  4.083  3.71  4.047  0.2136  0.1481  0.1318  3.565  3.364  3.343  4.2838  3.8678  3.7961
0.944  0.943  0.874  3.959  3.622  3.569  4.373  3.919  3.572  3.882  0.2219  0.1571  0.1425  3.348  3.166  3.146  4.0622  3.6876  3.6226
0.9496  0.949  0.88  3.933  3.6  3.548  4.343  3.894  3.551  3.857  0.2136  0.152  0.1381  3.336  3.16  3.141  4.0535  3.6798  3.6182
0.9571  0.957  0.89  3.897  3.57  3.519  4.303  3.86  3.521  3.823  0.2224  0.1584  0.1442  3.284  3.123  3.105  4.046  3.673  3.6086
0.9906  0.99  0.935  3.742  3.436  3.389  4.127  3.711  3.392  3.673  0.2329  0.1647  0.1521  3.096  2.946  2.927  3.842  3.5038  3.4468
0.9995  0.999  0.947  3.702  3.4  3.355  4.081  3.672  3.357  3.633  0.2204  0.1565  0.1449  3.084  2.941  2.921  3.8142  3.4766  3.4206
1.0195  1.019  0.977  3.61  3.319  3.276  3.978  3.583  3.279  3.544  0.2098  0.1464  0.1363  2.96  2.843  2.825  3.702  3.378  3.325
1.0476  1.047  1.02  3.481  3.206  3.166  3.835  3.458  3.168  3.419  0.2185  0.1533  0.1443  2.821  2.716  2.697  3.5972  3.2886  3.2386
1.0494  1.049  1.023  3.473  3.198  3.159  3.826  3.45  3.161  3.411  0.217  0.1522  0.1433  2.808  2.697  2.679  3.5846  3.276  3.2276
1.0715  1.071  1.061  3.371  3.106  3.068  3.715  3.351  3.07  3.311  0.2027  0.1427  0.136  2.705  2.611  2.593  3.4336  3.1605  3.1184
1.0944  1.093  1.102  3.265  3.01  2.974  3.599  3.247  2.976  3.208  0.2166  0.1523  0.1458  2.588  2.504  2.484  3.3692  3.0852  3.045
1.0993  1.098  1.111  3.242  2.99  2.954  3.575  3.225  2.956  3.185  0.2157  0.1526  0.1462  2.57  2.478  2.459  3.3605  3.0823  3.0402
1.1119  1.111  1.134  3.185  2.937  2.902  3.512  3.169  2.904  3.129  0.2051  0.1428  0.1377  2.485  2.438  2.42  3.2616  3.0053  2.9655
1.1323  1.131  1.175  3.091  2.851  2.818  3.411  3.077  2.82  3.037  0.2221  0.1617  0.1571  2.378  2.29  2.271  3.1913  2.9293  2.8913
1.1492  1.148  1.209  3.014  2.78  2.748  3.328  3.001  2.75  2.961  0.2444  0.1824  0.1779  2.173  2.156  2.137  3.1352  2.8743  2.8354
1.1612  1.16  1.234  2.959  2.73  2.698  3.27  2.948  2.7  2.908  0.2781  0.2133  0.2087  1.966  1.973  1.958  3.1172  2.864  2.8289
1.1881  1.187  1.294  2.839  2.618  2.588  3.141  2.83  2.589  2.789  0.6913  0.7396  0.7457  0.166  -0.213  -0.279  2.8469  2.6526  2.6216
1.1991  1.198  1.317  2.79  2.572  2.542  3.089  2.781  2.544  2.741  1.0367  1.1346  1.1493  -2.289  -2.756  -2.837  2.8474  2.6308  2.601
1.249  1.248  1.438  2.577  2.37  2.341  2.867  2.571  2.343  2.531  2.5272  2.728  2.7607  -5.988  -6.734  -6.929  2.2586  2.1909  2.1698
1.2725  1.272  1.502  2.477  2.273  2.244  2.764  2.471  2.246  2.431  2.3458  2.5416  2.5757  -5.976  -6.864  -7.097  1.796  1.7509  1.7329
1.2989  1.298  1.578  2.364  2.163  2.134  2.65  2.36  2.136  2.319  2.3801  2.5852  2.6249  -6.092  -7.044  -7.324  1.9683  1.9008  1.8821
1.3039  1.304  1.594  2.343  2.141  2.113  2.628  2.338  2.115  2.298  2.411  2.6199  2.6619  -6.098  -7.068  -7.348  1.8897  1.8594  1.847
1.3367  1.336  1.7  2.201  2.001  1.972  2.486  2.197  1.974  2.156  2.3591  2.5788  2.6321  -6.336  -7.32  -7.68  1.657  1.6324  1.6167
1.3488  1.348  1.742  2.148  1.947  1.919  2.433  2.144  1.92  2.103  2.3463  2.564  2.6145  -6.336  -7.32  -7.68  1.6692  1.6365  1.6208
1.3626  1.362  1.795  2.085  1.884  1.855  2.371  2.08  1.857  2.04  2.3248  2.5396  2.5919  -6.342  -7.323  -7.676  1.5666  1.5394  1.5214
1.3952  1.395  1.932  1.934  1.73  1.701  2.223  1.929  1.702  1.888  2.3067  2.5155  2.5773  -6.468  -7.441  -7.853  1.3246  1.1984  1.1764
1.3987  1.398  1.947  1.918  1.713  1.684  2.207  1.912  1.685  1.872  2.2806  2.4766  2.5332  -6.468  -7.441  -7.853  1.2914  1.1699  1.1429
1.4108  1.411  2.004  1.859  1.653  1.623  2.15  1.853  1.625  1.813  2.3068  2.5081  2.5696  -6.535  -7.508  -7.935  1.2268  1.075  1.0484
1.445  1.445  2.186  1.691  1.478  1.447  1.989  1.683  1.448  1.643  2.4372  2.6553  2.741  -6.64  -7.602  -8.067  1.1934  1.0572  1.0291
1.4486  1.448  2.206  1.673  1.459  1.428  1.972  1.665  1.429  1.625  2.479  2.707  2.7959  -6.64  -7.602  -8.062  1.2309  1.0891  1.0587
1.454  1.454  2.237  1.646  1.43  1.398  1.947  1.638  1.4  1.598  2.4287  2.6489  2.7402  -6.655  -7.616  -8.073  1.2097  1.0099  0.983
1.4693  1.469  2.337  1.569  1.346  1.313  1.877  1.559  1.314  1.519  2.4024  2.6187  2.711  -6.655  -7.616  -8.073  1.1099  0.9396  0.9116
1.4846  1.484  2.445  1.492  1.261  1.226  1.809  1.48  1.228  1.44  2.3912  2.6035  2.7067  -6.696  -7.681  -8.201  1.0664  0.8326  0.7824
1.4984  1.498  2.548  1.422  1.182  1.146  1.747  1.408  1.148  1.368  2.3857  2.6007  2.7115  -6.696  -7.681  -8.201  1.0703  0.8418  0.7802
1.4999  1.5  2.558  1.414  1.174  1.137  1.74  1.4  1.139  1.36  2.4238  2.6394  2.756  -6.712  -7.695  -8.21  1.0928  0.876  0.8403
1.5181  1.518  2.719  1.309  1.058  1.02  1.646  1.293  1.022  1.252  2.3969  2.6028  2.7197  -6.721  -7.709  -8.231  1.0236  0.8162  0.7805
1.5213  1.521  2.748  1.288  1.036  0.997  1.626  1.271  0.999  1.231  2.3801  2.5873  2.7027  -6.721  -7.709  -8.231  1.0021  0.7551  0.7048
1.5276  1.527  2.831  1.191  0.954  0.917  1.515  1.178  0.919  1.138  2.4578  2.672  2.791  -6.721  -7.709  -8.231  1.0664  0.8328  0.7918
1.5289  1.528  2.868  1.132  0.908  0.874  1.443  1.122  0.875  1.082  2.4496  2.6625  2.781  -6.721  -7.709  -8.231  1.06  0.824  0.785
1.5293  1.529  2.9  1.082  0.869  0.836  1.383  1.075  0.838  1.034  2.4627  2.6767  2.7949  -6.721  -7.709  -8.231  1.0737  0.826  0.7899
1.5295  1.529  2.934  1.037  0.834  0.802  1.329  1.032  0.803  0.992  2.4355  2.6489  2.7622  -6.721  -7.709  -8.231  1.0843  0.8371  0.7931
1.5296  1.529  2.95  1.011  0.813  0.782  1.298  1.007  0.784  0.967  2.4345  2.6479  2.7611  -6.721  -7.709  -8.231  1.0843  0.8371  0.7931
1.5297  1.529  2.903  1.064  0.859  0.827  1.357  1.058  0.828  1.018  2.4331  2.6463  2.7595  -6.721  -7.709  -8.231  1.084  0.837  0.793
1.5297  1.529  2.886  1.1  0.884  0.851  1.404  1.092  0.852  1.052  2.4318  2.6448  2.7579  -6.721  -7.709  -8.231  1.084  0.8362  0.7928
1.5299  1.529  3.043  1.037  0.799  0.761  1.362  1.023  0.763  0.984  2.4311  2.644  2.7569  -6.721  -7.709  -8.231  1.0846  0.8373  0.7933
1.5302  1.53  3.204  0.976  0.716  0.675  1.322  0.957  0.677  0.917  2.4257  2.6379  2.7506  -6.721  -7.709  -8.231  1.0828  0.8327  0.7917
1.5307  1.53  3.327  0.945  0.662  0.618  1.314  0.921  0.62  0.881  2.4108  2.6207  2.7323  -6.721  -7.709  -8.231  1.0568  0.8229  0.7839
1.5313  1.531  3.397  0.949  0.644  0.596  1.338  0.918  0.598  0.88  2.4275  2.6376  2.7516  -6.721  -7.709  -8.231  1.0548  0.8138  0.7742
1.5319  1.531  3.428  0.972  0.648  0.597  1.38  0.936  0.599  0.898  2.4199  2.628  2.7418  -6.721  -7.709  -8.231  1.0436  0.8017  0.7637
1.5325  1.532  3.442  1.01  0.666  0.611  1.436  0.968  0.613  0.931  2.4025  2.6087  2.7219  -6.721  -7.709  -8.231  1.0313  0.7936  0.7571
1.5331  1.533  3.444  1.055  0.687  0.629  1.503  1.006  0.631  0.971  2.4012  2.6071  2.7203  -6.721  -7.709  -8.231  1.0312  0.7934  0.7571
1.5336  1.533  3.472  1.088  0.698  0.636  1.558  1.033  0.639  0.998  2.3964  2.6015  2.7145  -6.721  -7.709  -8.231  1.027  0.792  0.754
1.5343  1.534  3.581  1.08  0.664  0.598  1.575  1.017  0.601  0.984  2.3698  2.5717  2.684  -6.721  -7.709  -8.231  0.9878  0.7199  0.6765
1.5352  1.535  3.829  0.991  0.549  0.479  1.511  0.919  0.481  0.889  2.3764  2.5776  2.6997  -6.736  -7.716  -8.243  0.9786  0.7069  0.6493
1.5354  1.535  3.923  0.953  0.505  0.434  1.48  0.88  0.436  0.849  2.3756  2.5768  2.6989  -6.736  -7.716  -8.243  0.9776  0.7013  0.6459
1.5357  1.535  4.087  0.88  0.425  0.352  1.414  0.805  0.355  0.775  2.3762  2.5774  2.6996  -6.736  -7.716  -8.243  0.9778  0.7022  0.6471
1.5363  1.536  4.4  0.746  0.28  0.205  1.29  0.666  0.208  0.638  2.3752  2.5762  2.6985  -6.736  -7.716  -8.243  0.977  0.6988  0.642
1.5367  1.536  4.661  0.635  0.162  0.086  1.186  0.553  0.089  0.525  2.3722  2.5729  2.6953  -6.736  -7.716  -8.243  0.975  0.6819  0.6255
1.5372  1.537  4.938  0.525  0.046  -0.031  1.083  0.441  -0.029  0.414  2.3696  2.57  2.6924  -6.736  -7.716  -8.243  0.9746  0.6716  0.6194
1.5376  1.537  5.221  0.417  -0.068  -0.147  0.982  0.331  -0.144  0.304  2.3674  2.5675  2.6899  -6.736  -7.716  -8.243  0.973  0.6692  0.6146
1.538  1.537  5.52  0.309  -0.183  -0.262  0.88  0.221  -0.259  0.194  2.3665  2.5664  2.6887  -6.736  -7.716  -8.243  0.9702  0.6662  0.6042
1.5384  1.538  5.843  0.201  -0.296  -0.377  0.778  0.111  -0.374  0.085  2.3623  2.5619  2.6842  -6.736  -7.716  -8.243  0.9634  0.6546  0.595
1.5388  1.538  6.168  0.095  -0.408  -0.49  0.678  0.003  -0.487  -0.022  2.3646  2.5645  2.6868  -6.736  -7.716  -8.243  0.9681  0.6614  0.5991
1.5393  1.539  6.602  -0.036  -0.546  -0.63  0.555  -0.13  -0.627  -0.155  2.3641  2.564  2.6864  -6.736  -7.716  -8.243  0.9594  0.6526  0.5926
1.5398  1.539  7.136  -0.184  -0.703  -0.788  0.416  -0.281  -0.785  -0.305  2.3941  2.597  2.7214  -6.736  -7.716  -8.243  0.975  0.6864  0.628
1.5402  1.54  7.545  -0.291  -0.816  -0.903  0.315  -0.39  -0.9  -0.414  2.3941  2.5978  2.7219  -6.736  -7.716  -8.243  0.9784  0.7804  0.7378
1.5407  1.54  8.073  -0.42  -0.953  -1.042  0.194  -0.522  -1.039  -0.545  2.3894  2.5931  2.7172  -6.736  -7.716  -8.243  0.977  0.78  0.7332
1.5412  1.541  8.564  -0.532  -1.072  -1.162  0.09  -0.636  -1.159  -0.659  2.3917  2.5957  2.7198  -6.736  -7.716  -8.243  0.9785  0.7805  0.7385
1.5416  1.541  9.142  -0.657  -1.206  -1.298  -0.027  -0.765  -1.295  -0.786  2.3872  2.591  2.715  -6.736  -7.716  -8.243  0.977  0.78  0.734
1.542  1.541  9.722  -0.772  -1.329  -1.423  -0.134  -0.883  -1.42  -0.903  2.3865  2.5903  2.7143  -6.736  -7.716  -8.243  0.977  0.78  0.731
1.5424  1.542  10.293  -0.878  -1.442  -1.538  -0.233  -0.992  -1.535  -1.011  2.3915  2.5958  2.7201  -6.736  -7.716  -8.243  0.9792  0.7802  0.7364
1.5428  1.542  10.946  -0.993  -1.565  -1.663  -0.339  -1.109  -1.66  -1.128  2.3865  2.5906  2.7149  -6.736  -7.716  -8.243  0.9788  0.78  0.7344
1.5431  1.543  11.645  -1.108  -1.688  -1.788  -0.445  -1.227  -1.785  -1.245  2.3899  2.5945  2.7188  -6.736  -7.716  -8.243  0.9838  0.7809  0.7416
1.5435  1.543  12.37  -1.222  -1.81  -1.912  -0.551  -1.344  -1.909  -1.361  2.391  2.5958  2.7203  -6.736  -7.716  -8.243  0.9883  0.7856  0.7424
1.5441  1.543  13.087  -1.328  -1.923  -2.027  -0.65  -1.453  -2.024  -1.469  2.3971  2.6029  2.7276  -6.736  -7.716  -8.243  0.9965  0.7912  0.748
1.5445  1.544  13.473  -1.382  -1.981  -2.086  -0.7  -1.509  -2.083  -1.524  2.4018  2.6086  2.7334  -6.736  -7.716  -8.243  1.0141  0.792  0.754
1.5449  1.544  12.869  -1.298  -1.89  -1.994  -0.622  -1.422  -1.991  -1.438  2.401  2.6077  2.7325  -6.736  -7.716  -8.243  1.0165  0.7918  0.7537
1.5452  1.544  12.211  -1.2  -1.786  -1.887  -0.533  -1.322  -1.884  -1.338  2.399  2.6056  2.7303  -6.736  -7.716  -8.243  1.0165  0.7918  0.7537
1.5453  1.545  11.499  -1.088  -1.665  -1.764  -0.429  -1.206  -1.761  -1.224  2.3986  2.6053  2.7299  -6.736  -7.716  -8.243  1.0159  0.7916  0.7533
1.5455  1.545  10.863  -0.984  -1.553  -1.65  -0.333  -1.1  -1.648  -1.118  2.3937  2.5998  2.7243  -6.736  -7.716  -8.243  1.0015  0.7878  0.746
1.5456  1.545  10.234  -0.873  -1.434  -1.529  -0.23  -0.985  -1.526  -1.005  2.3927  2.5987  2.723  -6.736  -7.716  -8.243  1.0095  0.7876  0.746
1.5458  1.545  9.657  -0.766  -1.319  -1.412  -0.132  -0.876  -1.409  -0.896  2.3912  2.5969  2.721  -6.736  -7.716  -8.243  1.0149  0.7873  0.746
1.546  1.545  9.149  -0.665  -1.21  -1.301  -0.038  -0.771  -1.298  -0.793  2.3725  2.5763  2.6983  -6.736  -7.716  -8.243  0.994  0.78  0.7336
1.5461  1.545  9.189  -0.674  -1.219  -1.311  -0.047  -0.78  -1.308  -0.802  2.3659  2.5692  2.6904  -6.736  -7.716  -8.243  0.9929  0.7796  0.7299
1.5464  1.546  9.776  -0.789  -1.343  -1.436  -0.153  -0.899  -1.434  -0.919  2.3538  2.5585  2.6806  -6.736  -7.716  -8.243  0.978  0.746  0.6926
1.5469  1.546  10.408  -0.906  -1.468  -1.563  -0.262  -1.018  -1.56  -1.038  2.3554  2.5601  2.6828  -6.736  -7.716  -8.243  0.9778  0.7412  0.6892
1.5474  1.547  11.096  -1.026  -1.596  -1.694  -0.373  -1.142  -1.691  -1.16  2.3656  2.5722  2.6932  -6.736  -7.716  -8.243  0.994  0.7569  0.7149
1.5479  1.547  11.786  -1.138  -1.717  -1.816  -0.477  -1.257  -1.814  -1.275  2.3717  2.5791  2.7002  -6.736  -7.716  -8.243  0.994  0.7556  0.7232
1.5483  1.548  12.45  -1.241  -1.827  -1.929  -0.573  -1.363  -1.926  -1.379  2.3741  2.5819  2.7029  -6.736  -7.716  -8.243  1.0015  0.7555  0.723
1.5484  1.548  12.539  -1.255  -1.841  -1.943  -0.585  -1.377  -1.94  -1.393  2.3725  2.58  2.701  -6.736  -7.716  -8.243  1.001  0.7554  0.7228
1.5489  1.548  13.34  -1.369  -1.963  -2.068  -0.691  -1.494  -2.065  -1.509  2.3721  2.5795  2.7002  -6.736  -7.716  -8.243  1.0072  0.7548  0.7216
1.5494  1.549  14.166  -1.482  -2.084  -2.191  -0.794  -1.61  -2.188  -1.624  2.3695  2.5761  2.6962  -6.736  -7.716  -8.243  0.994  0.753  0.718
1.5498  1.549  15.078  -1.596  -2.207  -2.316  -0.9  -1.728  -2.313  -1.741  2.3683  2.5744  2.6944  -6.736  -7.716  -8.243  0.994  0.753  0.718
1.5503  1.549  16.031  -1.71  -2.33  -2.441  -1.005  -1.845  -2.438  -1.857  2.3765  2.5833  2.7035  -6.736  -7.716  -8.243  1.0048  0.7542  0.7204
1.5507  1.55  17.043  -1.822  -2.45  -2.564  -1.107  -1.96  -2.561  -1.971  2.3809  2.5881  2.7085  -6.736  -7.716  -8.243  1.0084  0.7551  0.7222
1.5511  1.55  18.128  -1.936  -2.573  -2.689  -1.211  -2.077  -2.686  -2.087  2.4071  2.6168  2.7417  -6.736  -7.716  -8.243  1.0391  0.7796  0.7332
1.5514  1.55  19.26  -2.045  -2.691  -2.811  -1.311  -2.19  -2.808  -2.199  2.4075  2.6158  2.7389  -6.736  -7.716  -8.243  1.0515  0.7838  0.7414
1.5518  1.551  20.462  -2.157  -2.812  -2.935  -1.413  -2.306  -2.932  -2.313  2.3968  2.604  2.7269  -6.736  -7.716  -8.243  1.0385  0.7792  0.732
1.5521  1.551  21.74  -2.266  -2.926  -3.054  -1.512  -2.417  -3.051  -2.423  2.3946  2.6015  2.7244  -6.736  -7.716  -8.243  1.033  0.7778  0.729
1.5524  1.551  23.134  -2.376  -3.041  -3.174  -1.611  -2.529  -3.171  -2.535  2.3645  2.5677  2.6904  -6.736  -7.716  -8.243  0.994  0.753  0.718
1.5527  1.551  24.578  -2.485  -3.153  -3.292  -1.709  -2.639  -3.289  -2.644  2.3941  2.6001  2.7326  -6.736  -7.716  -8.243  0.9795  0.7445  0.7005
1.5529  1.552  26.095  -2.591  -3.264  -3.409  -1.804  -2.748  -3.406  -2.752  2.3886  2.593  2.7259  -6.736  -7.716  -8.243  0.986  0.7472  0.7098
1.5532  1.552  27.737  -2.699  -3.377  -3.528  -1.901  -2.857  -3.524  -2.861  2.3797  2.5806  2.711  -6.736  -7.716  -8.243  0.9898  0.7495  0.7131
1.5534  1.552  29.482  -2.805  -3.487  -3.645  -1.996  -2.965  -3.64  -2.968  2.3757  2.5763  2.7066  -6.736  -7.716  -8.243  0.982  0.7458  0.7072
1.5536  1.552  31.301  -2.911  -3.598  -3.762  -2.091  -3.073  -3.757  -3.075  2.3742  2.5746  2.7048  -6.736  -7.716  -8.243  0.9799  0.7449  0.7054
1.5538  1.552  33.232  -3.016  -3.708  -3.878  -2.184  -3.18  -3.873  -3.182  2.3701  2.57  2.7  -6.736  -7.716  -8.243  0.979  0.744  0.6945
1.554  1.552  35.298  -3.12  -3.817  -3.994  -2.276  -3.287  -3.988  -3.287  2.3474  2.5448  2.6729  -6.736  -7.716  -8.243  0.9712  0.7073  0.6584
1.5542  1.552  37.493  -3.226  -3.929  -4.111  -2.37  -3.395  -4.106  -3.395  2.3353  2.5312  2.658  -6.736  -7.716  -8.243  0.9516  0.6622  0.6091
1.5543  1.552  39.779  -3.331  -4.043  -4.231  -2.464  -3.505  -4.225  -3.502  2.3366  2.5317  2.6584  -6.736  -7.716  -8.243  0.9393  0.6449  0.5899
1.5545  1.552  42.253  -3.437  -4.157  -4.35  -2.557  -3.614  -4.344  -3.61  2.3309  2.5247  2.6516  -6.736  -7.716  -8.243  0.929  0.6233  0.5626
1.5546  1.552  44.88  -3.543  -4.272  -4.47  -2.652  -3.725  -4.464  -3.718  2.3236  2.5163  2.6429  -6.736  -7.716  -8.243  0.9112  0.5987  0.5477
1.5548  1.552  47.583  -3.645  -4.383  -4.586  -2.742  -3.831  -4.581  -3.823  2.307  2.498  2.6236  -6.736  -7.716  -8.243  0.9011  0.5897  0.5186
1.5549  1.552  50.507  -3.75  -4.497  -4.705  -2.834  -3.94  -4.699  -3.93  2.304  2.4939  2.6199  -6.736  -7.716  -8.243  0.8852  0.515  0.4578
1.555  1.552  53.525  -3.854  -4.609  -4.823  -2.926  -4.049  -4.817  -4.036  2.3094  2.4993  2.6264  -6.752  -7.731  -8.256  0.8846  0.5056  0.4454
1.5551  1.552  56.775  -3.955  -4.719  -4.938  -3.014  -4.154  -4.932  -4.14  2.3081  2.4977  2.6248  -6.752  -7.731  -8.256  0.8824  0.5032  0.4406
1.5552  1.552  60.194  -4.058  -4.83  -5.055  -3.103  -4.261  -5.049  -4.245  2.3065  2.4959  2.623  -6.752  -7.731  -8.256  0.8828  0.502  0.4382
1.5553  1.552  63.849  -4.16  -4.941  -5.171  -3.192  -4.368  -5.165  -4.349  2.3084  2.4979  2.625  -6.752  -7.731  -8.256  0.8828  0.502  0.4382
1.5554  1.552  68.558  -4.283  -5.075  -5.312  -3.296  -4.496  -5.306  -4.475  2.3085  2.4979  2.625  -6.752  -7.731  -8.256  0.883  0.502  0.4385
1.5555  1.552  73.647  -4.408  -5.21  -5.454  -3.401  -4.626  -5.448  -4.603  2.3067  2.496  2.6231  -6.752  -7.731  -8.256  0.8762  0.4991  0.4334
1.5556  1.551  79.078  -4.533  -5.344  -5.596  -3.505  -4.755  -5.589  -4.73  2.3076  2.4969  2.624  -6.752  -7.731  -8.256  0.8762  0.4991  0.4334
1.5557  1.551  84.948  -4.657  -5.477  -5.736  -3.604  -4.884  -5.729  -4.857  2.31  2.4996  2.6267  -6.752  -7.731  -8.256  0.883  0.502  0.4385
1.5558  1.551  91.192  -4.78  -5.609  -5.875  -3.702  -5.011  -5.868  -4.982  2.31  2.4995  2.6267  -6.752  -7.731  -8.256  0.875  0.4982  0.4332
1.5558  1.55  97.894  -4.902  -5.74  -6.014  -3.796  -5.138  -6.007  -5.107  2.3085  2.4978  2.6249  -6.752  -7.731  -8.256  0.8762  0.499  0.4286
1.5559  1.55  104.968  -5.023  -5.87  -6.152  -3.885  -5.263  -6.144  -5.23  2.3095  2.4988  2.6259  -6.752  -7.731  -8.256  0.8762  0.499  0.4286
1.556  1.549  112.527  -5.142  -5.997  -6.288  -3.968  -5.387  -6.28  -5.351  2.3096  2.4989  2.6261  -6.752  -7.731  -8.256  0.875  0.498  0.4282
1.556  1.549  120.63  -5.263  -6.126  -6.424  -4.046  -5.511  -6.416  -5.474  2.3094  2.4987  2.6258  -6.752  -7.731  -8.256  0.8762  0.499  0.4286
1.5561  1.548  129.168  -5.38  -6.25  -6.557  -4.117  -5.631  -6.549  -5.593  2.3107  2.5001  2.6273  -6.752  -7.731  -8.256  0.8787  0.501  0.4295
1.5561  1.548  131.055  -5.405  -6.276  -6.585  -4.131  -5.657  -6.576  -5.619  2.3107  2.5001  2.6273  -6.752  -7.731  -8.256  0.8787  0.501  0.4295
1.5567  1.548  10.964  -1.078  -1.612  -1.703  -0.458  -1.18  -1.7  -1.203  2.3038  2.4922  2.6193  -6.752  -7.731  -8.256  0.8441  0.4598  0.3985
1.5574  1.549  11.06  -1.094  -1.63  -1.72  -0.473  -1.197  -1.718  -1.22  2.3059  2.4946  2.6219  -6.752  -7.731  -8.256  0.843  0.456  0.398
1.5581  1.55  11.045  -1.094  -1.629  -1.719  -0.474  -1.196  -1.717  -1.219  2.3071  2.4962  2.6239  -6.752  -7.731  -8.256  0.838  0.4474  0.385
1.5588  1.55  11.029  -1.09  -1.624  -1.715  -0.471  -1.192  -1.712  -1.215  2.3145  2.5047  2.6326  -6.752  -7.731  -8.256  0.8439  0.4543  0.3925
1.5594  1.551  11.002  -1.087  -1.621  -1.711  -0.469  -1.189  -1.708  -1.212  2.3185  2.5094  2.6375  -6.752  -7.731  -8.256  0.8424  0.4518  0.3874
1.5601  1.552  10.974  -1.085  -1.617  -1.707  -0.468  -1.186  -1.704  -1.21  2.3188  2.51  2.6384  -6.752  -7.731  -8.256  0.8129  0.4504  0.3867
1.5608  1.553  10.959  -1.082  -1.614  -1.704  -0.466  -1.184  -1.701  -1.207  2.33  2.5225  2.6518  -6.752  -7.731  -8.256  0.8417  0.4658  0.4042
1.5615  1.553  10.931  -1.08  -1.611  -1.7  -0.465  -1.181  -1.698  -1.204  2.3553  2.5503  2.6819  -6.752  -7.731  -8.256  0.8942  0.5914  0.5374
1.5622  1.554  10.921  -1.079  -1.609  -1.698  -0.464  -1.179  -1.695  -1.203  2.3522  2.5473  2.6793  -6.752  -7.731  -8.256  0.9136  0.6177  0.5626
1.5629  1.555  10.906  -1.078  -1.607  -1.696  -0.464  -1.178  -1.693  -1.202  2.3466  2.5415  2.6733  -6.752  -7.731  -8.256  0.9265  0.635  0.5765
1.5635  1.556  10.896  -1.077  -1.606  -1.695  -0.464  -1.177  -1.692  -1.201  2.3518  2.5475  2.6793  -6.752  -7.731  -8.256  0.93  0.644  0.597
1.5642  1.556  10.886  -1.077  -1.605  -1.694  -0.465  -1.177  -1.691  -1.201  2.3525  2.5485  2.6803  -6.752  -7.731  -8.256  0.9479  0.6901  0.6357
1.5649  1.557  10.876  -1.078  -1.605  -1.694  -0.466  -1.177  -1.691  -1.201  2.3536  2.5497  2.6813  -6.752  -7.731  -8.256  0.9517  0.6901  0.6357
1.5656  1.558  10.878  -1.079  -1.605  -1.694  -0.467  -1.178  -1.691  -1.202  2.3673  2.5646  2.697  -6.752  -7.731  -8.256  0.9609  0.696  0.647
1.5657  1.558  10.878  -1.079  -1.605  -1.694  -0.467  -1.178  -1.691  -1.202  2.3585  2.5539  2.6867  -6.752  -7.731  -8.256  0.9032  0.5912  0.5372
1.5663  1.558  10.886  -1.08  -1.606  -1.695  -0.469  -1.179  -1.692  -1.203  2.3564  2.5532  2.6789  -6.752  -7.731  -8.256  0.9592  0.7  0.649
1.567  1.559  10.888  -1.081  -1.607  -1.696  -0.471  -1.18  -1.693  -1.204  2.365  2.5633  2.6892  -6.752  -7.731  -8.256  0.971  0.726  0.67
1.5677  1.56  10.883  -1.083  -1.608  -1.697  -0.473  -1.182  -1.694  -1.206  2.3638  2.5621  2.6877  -6.752  -7.731  -8.256  0.9712  0.726  0.671
1.5684  1.561  10.891  -1.085  -1.61  -1.699  -0.475  -1.184  -1.696  -1.208  2.3632  2.5616  2.687  -6.752  -7.731  -8.256  0.9711  0.726  0.6707
1.5691  1.561  10.916  -1.089  -1.613  -1.702  -0.479  -1.187  -1.699  -1.212  2.3594  2.5578  2.6829  -6.752  -7.731  -8.256  0.971  0.726  0.6702
1.5698  1.562  10.923  -1.093  -1.617  -1.706  -0.483  -1.191  -1.703  -1.216  2.3522  2.55  2.6746  -6.752  -7.731  -8.256  0.9582  0.7083  0.6622
1.5705  1.563  10.949  -1.097  -1.622  -1.71  -0.488  -1.196  -1.708  -1.22  2.3195  2.5134  2.6384  -6.752  -7.731  -8.256  0.935  0.6582  0.612
1.5708  1.563  10.961  -1.099  -1.624  -1.712  -0.489  -1.198  -1.709  -1.222  2.3276  2.5222  2.6523  -6.752  -7.731  -8.258  0.9202  0.609  0.558
1.5708  1.563  10.961  -1.099  -1.624  -1.712  -0.49  -1.198  -1.71  -1.222  2.3276  2.5222  2.6523  -6.752  -7.731  -8.258  0.9202  0.609  0.558
1.5716  1.564  10.991  -1.105  -1.63  -1.719  -0.496  -1.204  -1.716  -1.228  2.3223  2.5162  2.6461  -6.752  -7.731  -8.258  0.9083  0.5926  0.5445
1.5723  1.565  11.035  -1.113  -1.638  -1.726  -0.502  -1.212  -1.724  -1.236  2.3172  2.5104  2.6402  -6.752  -7.731  -8.258  0.9041  0.5894  0.5231
1.573  1.566  11.083  -1.121  -1.646  -1.735  -0.51  -1.22  -1.732  -1.244  2.3191  2.5126  2.6425  -6.752  -7.731  -8.258  0.9035  0.59  0.53
1.5736  1.566  11.144  -1.131  -1.657  -1.746  -0.519  -1.23  -1.743  -1.254  2.3266  2.5225  2.6524  -6.752  -7.731  -8.258  0.899  0.6162  0.5622
1.5743  1.567  11.211  -1.141  -1.669  -1.758  -0.529  -1.241  -1.755  -1.265  2.3061  2.4996  2.6269  -6.752  -7.731  -8.258  0.8848  0.59  0.5342
1.575  1.568  11.284  -1.154  -1.682  -1.771  -0.54  -1.254  -1.769  -1.278  2.2761  2.4706  2.5978  -6.752  -7.731  -8.258  0.8416  0.5393  0.4806
1.5757  1.568  11.383  -1.169  -1.698  -1.788  -0.554  -1.269  -1.785  -1.293  2.265  2.4579  2.5847  -6.752  -7.731  -8.258  0.8163  0.4546  0.3935
1.5763  1.569  11.47  -1.183  -1.714  -1.804  -0.567  -1.284  -1.801  -1.307  2.2339  2.4231  2.5481  -6.752  -7.731  -8.258  0.7495  0.396  0.3475
1.5771  1.57  11.515  -1.192  -1.723  -1.813  -0.576  -1.293  -1.811  -1.316  2.2477  2.4374  2.5642  -6.771  -7.753  -8.265  0.733  0.376  0.314
1.5778  1.571  11.753  -1.227  -1.762  -1.852  -0.607  -1.329  -1.85  -1.352  2.2991  2.4903  2.6207  -6.771  -7.753  -8.265  0.7879  0.4226  0.3651
1.5784  1.571  12.251  -1.3  -1.841  -1.934  -0.672  -1.404  -1.931  -1.427  2.3106  2.5032  2.6342  -6.771  -7.753  -8.265  0.8057  0.4482  0.3878
1.579  1.572  13.006  -1.407  -1.958  -2.054  -0.768  -1.515  -2.051  -1.536  2.3036  2.4948  2.6255  -6.771  -7.753  -8.265  0.7763  0.4174  0.3631
1.5793  1.572  13.825  -1.516  -2.078  -2.176  -0.866  -1.628  -2.173  -1.648  2.2766  2.4648  2.5932  -6.771  -7.753  -8.265  0.7447  0.3903  0.3276
1.5794  1.572  14.664  -1.622  -2.194  -2.295  -0.962  -1.738  -2.292  -1.757  2.2699  2.4573  2.5848  -6.771  -7.753  -8.265  0.7325  0.3759  0.3138
1.5795  1.572  15.58  -1.729  -2.311  -2.414  -1.058  -1.849  -2.411  -1.866  2.2664  2.4535  2.5806  -6.771  -7.753  -8.265  0.7223  0.3571  0.3008
1.5795  1.573  16.537  -1.836  -2.427  -2.533  -1.155  -1.959  -2.531  -1.976  2.2658  2.4527  2.5797  -6.771  -7.753  -8.265  0.7135  0.3535  0.299
1.5795  1.573  17.505  -1.938  -2.539  -2.647  -1.246  -2.065  -2.645  -2.08  2.2658  2.4527  2.5797  -6.771  -7.753  -8.265  0.7135  0.3535  0.299
1.5795  1.573  18.368  -2.025  -2.634  -2.745  -1.325  -2.155  -2.742  -2.169  2.2669  2.4535  2.5805  -6.771  -7.753  -8.265  0.7026  0.3483  0.2973
1.5795  1.573  18.389  -2.026  -2.636  -2.747  -1.326  -2.157  -2.744  -2.17  2.2669  2.4535  2.5805  -6.771  -7.753  -8.265  0.7026  0.3483  0.2973
1.5795  1.573  18.996  -2.083  -2.698  -2.81  -1.377  -2.216  -2.808  -2.229  2.2669  2.4535  2.5805  -6.771  -7.753  -8.265  0.7026  0.3483  0.2973
1.5795  1.573  20.34  -2.207  -2.832  -2.948  -1.488  -2.343  -2.945  -2.355  2.2669  2.4535  2.5805  -6.771  -7.753  -8.265  0.7026  0.3483  0.2973
1.5795  1.573  21.685  -2.32  -2.953  -3.074  -1.59  -2.459  -3.071  -2.47  2.2669  2.4535  2.5805  -6.771  -7.753  -8.265  0.7026  0.3483  0.2973
1.5796  1.573  21.094  -2.271  -2.902  -3.02  -1.547  -2.41  -3.017  -2.421  2.2683  2.4549  2.582  -6.771  -7.753  -8.265  0.7  0.3438  0.2927
1.5796  1.573  19.722  -2.151  -2.771  -2.886  -1.438  -2.285  -2.883  -2.298  2.268  2.4546  2.5818  -6.771  -7.753  -8.265  0.7006  0.3448  0.2938
1.5802  1.573  20.056  -2.182  -2.805  -2.92  -1.466  -2.317  -2.917  -2.33  2.2735  2.4604  2.588  -6.771  -7.753  -8.265  0.7016  0.3465  0.2955
1.5805  1.573  21.138  -2.275  -2.906  -3.025  -1.55  -2.414  -3.022  -2.425  2.2742  2.4613  2.5891  -6.771  -7.753  -8.265  0.6992  0.3423  0.2913
1.5807  1.573  22.159  -2.358  -2.993  -3.116  -1.624  -2.498  -3.113  -2.509  2.2767  2.4639  2.5918  -6.771  -7.753  -8.265  0.7078  0.3438  0.2927
1.5809  1.573  23.51  -2.461  -3.101  -3.23  -1.716  -2.604  -3.226  -2.613  2.2782  2.4656  2.5937  -6.771  -7.753  -8.265  0.7144  0.3462  0.2952
1.5811  1.573  24.966  -2.566  -3.212  -3.346  -1.809  -2.71  -3.342  -2.72  2.2749  2.4621  2.5901  -6.771  -7.753  -8.265  0.6996  0.342  0.2876
1.5812  1.573  26.543  -2.672  -3.324  -3.464  -1.904  -2.819  -3.46  -2.827  2.2769  2.4642  2.5922  -6.771  -7.753  -8.265  0.7024  0.342  0.2876
1.5814  1.573  28.22  -2.78  -3.437  -3.583  -2.0  -2.929  -3.579  -2.937  2.2735  2.4607  2.5886  -6.771  -7.753  -8.265  0.6956  0.3352  0.2844
1.5815  1.572  30.051  -2.889  -3.551  -3.704  -2.096  -3.04  -3.7  -3.047  2.2732  2.4603  2.5882  -6.771  -7.753  -8.265  0.6958  0.3356  0.2846
1.5816  1.572  32.037  -2.999  -3.667  -3.827  -2.193  -3.153  -3.822  -3.158  2.2728  2.4597  2.5876  -6.771  -7.753  -8.265  0.696  0.336  0.2847
1.5817  1.572  34.116  -3.108  -3.782  -3.949  -2.29  -3.265  -3.944  -3.269  2.2747  2.4619  2.5898  -6.771  -7.753  -8.265  0.7013  0.342  0.2874
1.5818  1.571  36.388  -3.217  -3.897  -4.071  -2.385  -3.376  -4.066  -3.38  2.2748  2.462  2.5899  -6.771  -7.753  -8.265  0.6988  0.3416  0.2868
1.5819  1.571  38.349  -3.301  -3.992  -4.172  -2.455  -3.465  -4.167  -3.466  2.2707  2.4574  2.5852  -6.771  -7.753  -8.265  0.6869  0.3348  0.2843
1.5819  1.571  41.177  -3.414  -4.121  -4.308  -2.55  -3.585  -4.303  -3.584  2.2699  2.4565  2.5843  -6.771  -7.753  -8.265  0.6774  0.3321  0.2811
1.582  1.57  43.96  -3.527  -4.245  -4.438  -2.648  -3.704  -4.432  -3.7  2.2699  2.4565  2.5843  -6.771  -7.753  -8.265  0.6774  0.3321  0.2811
1.5821  1.569  46.683  -3.633  -4.36  -4.558  -2.742  -3.814  -4.553  -3.808  2.2698  2.4564  2.5841  -6.771  -7.753  -8.265  0.677  0.332  0.281
1.5822  1.568  49.677  -3.741  -4.478  -4.682  -2.837  -3.927  -4.677  -3.919  2.2711  2.4578  2.5856  -6.771  -7.753  -8.265  0.6869  0.3348  0.2843
1.5822  1.567  53.059  -3.855  -4.602  -4.812  -2.935  -4.045  -4.806  -4.035  2.273  2.4599  2.5876  -6.771  -7.753  -8.265  0.6954  0.342  0.2874
1.5823  1.566  57.168  -3.984  -4.743  -4.96  -3.048  -4.18  -4.954  -4.167  2.2714  2.4582  2.5858  -6.771  -7.753  -8.265  0.6968  0.342  0.2888
1.5824  1.565  63.41  -4.161  -4.936  -5.163  -3.2  -4.365  -5.157  -4.349  2.2717  2.4584  2.586  -6.771  -7.753  -8.265  0.6905  0.338  0.2855
1.5824  1.563  70.203  -4.336  -5.126  -5.364  -3.349  -4.548  -5.358  -4.528  2.272  2.4587  2.5863  -6.771  -7.753  -8.265  0.69  0.3376  0.2853
1.5824  1.562  76.13  -4.477  -5.279  -5.525  -3.465  -4.695  -5.519  -4.672  2.2687  2.455  2.5825  -6.771  -7.753  -8.265  0.6819  0.3331  0.2826
1.5824  1.561  82.557  -4.615  -5.43  -5.684  -3.578  -4.84  -5.678  -4.813  2.2687  2.455  2.5825  -6.771  -7.753  -8.265  0.6819  0.3331  0.2826
1.5825  1.559  89.136  -4.746  -5.571  -5.834  -3.681  -4.975  -5.827  -4.947  2.2691  2.4554  2.5829  -6.771  -7.753  -8.265  0.6824  0.3332  0.2828
1.5825  1.558  94.636  -4.848  -5.681  -5.951  -3.76  -5.082  -5.944  -5.051  2.2691  2.4554  2.5829  -6.771  -7.753  -8.265  0.6824  0.3332  0.2828
1.5825  1.556  100.521  -4.951  -5.792  -6.068  -3.834  -5.188  -6.061  -5.156  2.2691  2.4554  2.5829  -6.771  -7.753  -8.265  0.6824  0.3332  0.2828
1.5825  1.553  106.379  -5.046  -5.895  -6.178  -3.902  -5.288  -6.171  -5.254  2.2685  2.4548  2.5823  -6.771  -7.753  -8.265  0.6819  0.3331  0.2826
1.5825  1.552  109.258  -5.09  -5.943  -6.229  -3.933  -5.334  -6.222  -5.299  2.2685  2.4548  2.5823  -6.771  -7.753  -8.265  0.6819  0.3331  0.2826
1.5825  1.551  98.346  -4.913  -5.751  -6.025  -3.806  -5.149  -6.018  -5.118  2.2685  2.4548  2.5823  -6.771  -7.753  -8.265  0.6819  0.3331  0.2826
1.5825  1.551  100.036  -4.942  -5.783  -6.059  -3.827  -5.179  -6.052  -5.147  2.2685  2.4548  2.5823  -6.771  -7.753  -8.265  0.6819  0.3331  0.2826
1.5825  1.551  99.668  -4.936  -5.776  -6.052  -3.823  -5.173  -6.044  -5.141  2.2685  2.4548  2.5823  -6.771  -7.753  -8.265  0.6819  0.3331  0.2826
1.5825  1.55  99.507  -4.933  -5.773  -6.049  -3.821  -5.17  -6.041  -5.138  2.2685  2.4548  2.5823  -6.771  -7.753  -8.265  0.6819  0.3331  0.2826
1.5826  1.55  99.347  -4.929  -5.769  -6.044  -3.818  -5.166  -6.037  -5.134  2.2685  2.4548  2.5823  -6.771  -7.753  -8.265  0.6819  0.3331  0.2826
1.5826  1.55  99.875  -4.938  -5.779  -6.055  -3.824  -5.176  -6.047  -5.143  2.2685  2.4548  2.5823  -6.771  -7.753  -8.265  0.6819  0.3331  0.2826
1.5826  1.55  100.359  -4.947  -5.788  -6.064  -3.83  -5.184  -6.057  -5.152  2.2685  2.4548  2.5823  -6.771  -7.753  -8.265  0.6819  0.3331  0.2826
1.5826  1.55  100.683  -4.951  -5.793  -6.07  -3.834  -5.189  -6.062  -5.157  2.2685  2.4548  2.5823  -6.771  -7.753  -8.265  0.6819  0.3331  0.2826
1.5826  1.55  101.054  -4.959  -5.801  -6.078  -3.839  -5.197  -6.071  -5.165  2.2685  2.4548  2.5823  -6.771  -7.753  -8.265  0.6819  0.3331  0.2826
1.5826  1.55  104.341  -5.011  -5.858  -6.139  -3.876  -5.252  -6.132  -5.218  2.2685  2.4548  2.5823  -6.771  -7.753  -8.265  0.6819  0.3331  0.2826
1.5826  1.55  107.958  -5.071  -5.922  -6.207  -3.919  -5.313  -6.2  -5.279  2.2685  2.4548  2.5823  -6.771  -7.753  -8.265  0.6819  0.3331  0.2826
1.5826  1.55  113.882  -5.16  -6.018  -6.31  -3.976  -5.406  -6.302  -5.37  2.2685  2.4548  2.5823  -6.771  -7.753  -8.265  0.6819  0.3331  0.2826
1.5826  1.55  120.88  -5.263  -6.127  -6.426  -4.039  -5.511  -6.418  -5.475  2.2685  2.4548  2.5823  -6.771  -7.753  -8.265  0.6819  0.3331  0.2826
1.5826  1.55  128.782  -5.37  -6.241  -6.548  -4.1  -5.621  -6.54  -5.584  2.2685  2.4548  2.5823  -6.771  -7.753  -8.265  0.6819  0.3331  0.2826
1.5826  1.549  137.485  -5.482  -6.359  -6.675  -4.154  -5.736  -6.667  -5.697  2.2689  2.4552  2.5827  -6.771  -7.753  -8.265  0.6815  0.333  0.2825
1.5826  1.548  147.555  -5.602  -6.485  -6.812  -4.202  -5.858  -6.802  -5.819  2.2689  2.4552  2.5827  -6.771  -7.753  -8.265  0.6815  0.333  0.2825
1.5826  1.547  154.438  -5.679  -6.564  -6.899  -4.221  -5.935  -6.889  -5.896  2.2689  2.4552  2.5827  -6.771  -7.753  -8.265  0.6815  0.333  0.2825
1.5826  1.547  154.438  -5.679  -6.564  -6.899  -4.221  -5.935  -6.889  -5.896  2.2689  2.4552  2.5827  -6.771  -7.753  -8.265  0.6815  0.333  0.2825
1.5826  1.547  99.737  -4.932  -5.774  -6.051  -3.812  -5.17  -6.044  -5.138  2.2689  2.4552  2.5827  -6.771  -7.753  -8.265  0.6815  0.333  0.2825
1.5826  1.546  87.328  -4.707  -5.53  -5.792  -3.646  -4.936  -5.785  -4.908  2.2689  2.4552  2.5827  -6.771  -7.753  -8.265  0.6815  0.333  0.2825
1.5826  1.546  61.271  -4.118  -4.881  -5.103  -3.172  -4.316  -5.097  -4.302  2.2689  2.4552  2.5827  -6.771  -7.753  -8.265  0.6815  0.333  0.2825
1.5826  1.546  62.425  -4.146  -4.913  -5.137  -3.195  -4.346  -5.131  -4.332  2.2689  2.4552  2.5827  -6.771  -7.753  -8.265  0.6815  0.333  0.2825
1.5826  1.546  74.672  -4.441  -5.241  -5.485  -3.435  -4.658  -5.478  -4.635  2.2689  2.4552  2.5827  -6.771  -7.753  -8.265  0.6815  0.333  0.2825
1.5826  1.545  97.849  -4.895  -5.736  -6.011  -3.782  -5.132  -6.004  -5.1  2.2689  2.4552  2.5827  -6.771  -7.753  -8.265  0.6815  0.333  0.2825
1.5826  1.544  124.496  -5.304  -6.174  -6.479  -4.046  -5.555  -6.471  -5.517  2.2689  2.4552  2.5827  -6.771  -7.753  -8.265  0.6815  0.333  0.2825
1.5826  1.544  146.304  -5.581  -6.464  -6.792  -4.175  -5.837  -6.782  -5.798  2.2689  2.4552  2.5827  -6.771  -7.753  -8.265  0.6815  0.333  0.2825
1.5826  1.543  159.645  -5.728  -6.617  -6.958  -4.216  -5.985  -6.948  -5.947  2.2689  2.4552  2.5827  -6.771  -7.753  -8.265  0.6815  0.333  0.2825
1.5826  1.542  166.286  -5.796  -6.688  -7.036  -4.221  -6.053  -7.025  -6.015  2.2689  2.4552  2.5827  -6.771  -7.753  -8.265  0.6815  0.333  0.2825
1.5826  1.541  170.081  -5.834  -6.728  -7.08  -4.214  -6.091  -7.069  -6.054  2.2689  2.4552  2.5827  -6.771  -7.753  -8.265  0.6815  0.333  0.2825
1.5826  1.541  124.553  -5.297  -6.17  -6.476  -4.026  -5.549  -6.468  -5.511  2.2689  2.4552  2.5827  -6.771  -7.753  -8.265  0.6815  0.333  0.2825
1.5826  1.54  97.399  -4.877  -5.72  -5.997  -3.757  -5.116  -5.989  -5.083  2.2689  2.4552  2.5827  -6.771  -7.753  -8.265  0.6815  0.333  0.2825
1.5826  1.54  68.305  -4.281  -5.07  -5.306  -3.298  -4.493  -5.3  -4.472  2.2689  2.4552  2.5827  -6.771  -7.753  -8.265  0.6815  0.333  0.2825
1.5826  1.54  69.367  -4.308  -5.1  -5.338  -3.319  -4.521  -5.331  -4.5  2.2689  2.4552  2.5827  -6.771  -7.753  -8.265  0.6815  0.333  0.2825
1.5826  1.539  82.671  -4.6  -5.42  -5.678  -3.55  -4.827  -5.671  -4.8  2.2689  2.4552  2.5827  -6.771  -7.753  -8.265  0.6815  0.333  0.2825
1.5826  1.539  107.71  -5.046  -5.903  -6.192  -3.872  -5.291  -6.184  -5.256  2.2689  2.4552  2.5827  -6.771  -7.753  -8.265  0.6815  0.333  0.2825
1.5826  1.538  136.256  -5.448  -6.328  -6.647  -4.098  -5.703  -6.638  -5.664  2.2689  2.4552  2.5827  -6.771  -7.753  -8.265  0.6815  0.333  0.2825
1.5826  1.537  159.021  -5.716  -6.606  -6.948  -4.188  -5.973  -6.938  -5.935  2.2689  2.4552  2.5827  -6.771  -7.753  -8.265  0.6815  0.333  0.2825
1.5826  1.536  172.526  -5.853  -6.749  -7.104  -4.196  -6.11  -7.093  -6.073  2.2689  2.4552  2.5827  -6.771  -7.753  -8.265  0.6815  0.333  0.2825
1.5826  1.535  178.589  -5.911  -6.81  -7.171  -4.195  -6.169  -7.159  -6.132  2.2685  2.4548  2.5823  -6.771  -7.753  -8.265  0.6824  0.3332  0.2828
1.5826  1.533  181.826  -5.94  -6.84  -7.204  -4.191  -6.197  -7.192  -6.162  2.2685  2.4548  2.5823  -6.771  -7.753  -8.265  0.6824  0.3332  0.2828
1.5826  1.533  134.665  -5.427  -6.307  -6.625  -4.08  -5.682  -6.616  -5.643  2.2685  2.4548  2.5823  -6.771  -7.753  -8.265  0.6824  0.3332  0.2828
1.5826  1.533  105.428  -5.006  -5.861  -6.148  -3.841  -5.25  -6.141  -5.215  2.2685  2.4548  2.5823  -6.771  -7.753  -8.265  0.6824  0.3332  0.2828
1.5826  1.533  73.834  -4.408  -5.212  -5.458  -3.397  -4.627  -5.451  -4.603  2.2685  2.4548  2.5823  -6.771  -7.753  -8.265  0.6824  0.3332  0.2828
1.5826  1.532  74.982  -4.434  -5.241  -5.488  -3.418  -4.655  -5.482  -4.63  2.2685  2.4548  2.5823  -6.771  -7.753  -8.265  0.6824  0.3332  0.2828
1.5826  1.531  89.219  -4.724  -5.557  -5.824  -3.641  -4.957  -5.816  -4.927  2.2685  2.4548  2.5823  -6.771  -7.753  -8.265  0.6824  0.3332  0.2828
1.5826  1.531  115.599  -5.163  -6.03  -6.329  -3.937  -5.413  -6.32  -5.376  2.2685  2.4548  2.5823  -6.771  -7.753  -8.265  0.6824  0.3332  0.2828
1.5826  1.53  145.766  -5.56  -6.445  -6.775  -4.125  -5.816  -6.766  -5.777  2.2685  2.4548  2.5823  -6.771  -7.753  -8.265  0.6824  0.3332  0.2828
1.5826  1.528  169.572  -5.82  -6.716  -7.07  -4.175  -6.077  -7.058  -6.04  2.2685  2.4548  2.5823  -6.771  -7.753  -8.265  0.6824  0.3332  0.2828
1.5826  1.527  183.381  -5.953  -6.854  -7.221  -4.177  -6.21  -7.209  -6.175  2.2685  2.4548  2.5823  -6.771  -7.753  -8.265  0.6824  0.3332  0.2828
1.5826  1.525  189.738  -6.009  -6.912  -7.283  -4.179  -6.265  -7.27  -6.231  2.2685  2.4548  2.5823  -6.771  -7.753  -8.265  0.6824  0.3332  0.2828
1.5826  1.524  192.777  -6.036  -6.939  -7.312  -4.177  -6.291  -7.299  -6.258  2.2685  2.4548  2.5823  -6.771  -7.753  -8.265  0.6824  0.3332  0.2828
1.5826  1.524  145.029  -5.551  -6.437  -6.767  -4.119  -5.807  -6.757  -5.769  2.2685  2.4548  2.5823  -6.771  -7.753  -8.265  0.6824  0.3332  0.2828
1.5826  1.523  113.568  -5.131  -5.996  -6.293  -3.915  -5.38  -6.284  -5.343  2.2685  2.4548  2.5823  -6.771  -7.753  -8.265  0.6824  0.3332  0.2828
1.5826  1.523  79.516  -4.532  -5.347  -5.601  -3.494  -4.756  -5.595  -4.73  2.2685  2.4548  2.5823  -6.771  -7.753  -8.265  0.6824  0.3332  0.2828
1.5826  1.522  80.79  -4.558  -5.376  -5.632  -3.514  -4.784  -5.625  -4.757  2.2685  2.4548  2.5823  -6.771  -7.753  -8.265  0.6824  0.3332  0.2828
1.5826  1.522  95.754  -4.843  -5.686  -5.962  -3.725  -5.081  -5.954  -5.049  2.2685  2.4548  2.5823  -6.771  -7.753  -8.265  0.6824  0.3332  0.2828
1.5826  1.52  123.582  -5.275  -6.149  -6.457  -3.995  -5.528  -6.448  -5.489  2.2685  2.4548  2.5823  -6.771  -7.753  -8.265  0.6824  0.3332  0.2828
1.5826  1.519  154.973  -5.663  -6.553  -6.894  -4.145  -5.92  -6.884  -5.882  2.2685  2.4548  2.5823  -6.771  -7.753  -8.265  0.6824  0.3332  0.2828
1.5826  1.518  179.868  -5.916  -6.816  -7.181  -4.158  -6.173  -7.169  -6.138  2.2685  2.4548  2.5823  -6.771  -7.753  -8.265  0.6824  0.3332  0.2828
1.5827  1.516  194.203  -6.045  -6.95  -7.325  -4.159  -6.3  -7.312  -6.268  2.2685  2.4548  2.5823  -6.771  -7.753  -8.265  0.6824  0.3332  0.2828
1.5827  1.514  200.473  -6.099  -7.006  -7.386  -4.154  -6.352  -7.372  -6.322  2.2678  2.4541  2.5815  -6.771  -7.753  -8.265  0.6824  0.3332  0.2828
1.5827  1.512  203.589  -6.123  -7.031  -7.414  -4.15  -6.376  -7.399  -6.347  2.2678  2.4541  2.5815  -6.771  -7.753  -8.265  0.6824  0.3332  0.2828
1.5827  1.512  156.011  -5.674  -6.565  -6.907  -4.143  -5.931  -6.896  -5.893  2.2678  2.4541  2.5815  -6.771  -7.753  -8.265  0.6824  0.3332  0.2828
1.5827  1.511  122.393  -5.257  -6.13  -6.437  -3.983  -5.509  -6.428  -5.471  2.2678  2.4541  2.5815  -6.771  -7.753  -8.265  0.6824  0.3332  0.2828
1.5827  1.511  85.675  -4.656  -5.483  -5.745  -3.589  -4.886  -5.738  -4.858  2.2678  2.4541  2.5815  -6.771  -7.753  -8.265  0.6824  0.3332  0.2828
1.5827  1.51  87.007  -4.683  -5.512  -5.777  -3.61  -4.915  -5.77  -4.885  2.2678  2.4541  2.5815  -6.771  -7.753  -8.265  0.6824  0.3332  0.2828
1.5827  1.509  102.933  -4.963  -5.817  -6.102  -3.809  -5.207  -6.094  -5.172  2.2678  2.4541  2.5815  -6.771  -7.753  -8.265  0.6824  0.3332  0.2828
1.5827  1.508  132.329  -5.389  -6.269  -6.586  -4.046  -5.644  -6.577  -5.605  2.2678  2.4541  2.5815  -6.771  -7.753  -8.265  0.6824  0.3332  0.2828
1.5827  1.506  165.179  -5.767  -6.662  -7.014  -4.139  -6.024  -7.003  -5.987  2.2678  2.4541  2.5815  -6.771  -7.753  -8.265  0.6824  0.3332  0.2828
1.5827  1.504  191.186  -6.015  -6.92  -7.293  -4.139  -6.269  -7.28  -6.238  2.2678  2.4541  2.5815  -6.771  -7.753  -8.265  0.6824  0.3332  0.2828
1.5827  1.502  206.374  -6.142  -7.052  -7.438  -4.126  -6.395  -7.423  -6.366  2.2678  2.4541  2.5815  -6.771  -7.753  -8.265  0.6824  0.3332  0.2828
1.5827  1.5  213.037  -6.197  -7.108  -7.499  -4.12  -6.447  -7.482  -6.422  2.2678  2.4541  2.5815  -6.771  -7.753  -8.265  0.6824  0.3332  0.2828
1.5827  1.497  216.548  -6.223  -7.136  -7.528  -4.114  -6.473  -7.512  -6.448  2.2678  2.4541  2.5815  -6.771  -7.753  -8.265  0.6824  0.3332  0.2828
1.5827  1.497  169.65  -5.81  -6.708  -7.065  -4.128  -6.068  -7.053  -6.031  2.2678  2.4541  2.5815  -6.771  -7.753  -8.265  0.6824  0.3332  0.2828
1.5827  1.497  133.277  -5.399  -6.28  -6.599  -4.046  -5.654  -6.59  -5.615  2.2678  2.4541  2.5815  -6.771  -7.753  -8.265  0.6824  0.3332  0.2828
1.5827  1.496  93.187  -4.796  -5.635  -5.908  -3.691  -5.032  -5.9  -5.001  2.2678  2.4541  2.5815  -6.771  -7.753  -8.265  0.6824  0.3332  0.2828
1.5827  1.495  94.679  -4.823  -5.664  -5.939  -3.71  -5.061  -5.932  -5.028  2.2678  2.4541  2.5815  -6.771  -7.753  -8.265  0.6824  0.3332  0.2828
1.5827  1.494  111.7  -5.098  -5.962  -6.257  -3.888  -5.346  -6.249  -5.31  2.264  2.4501  2.5775  -6.771  -7.753  -8.265  0.6728  0.3308  0.2772
1.5827  1.492  142.546  -5.514  -6.399  -6.729  -4.08  -5.77  -6.72  -5.731  2.264  2.4501  2.5775  -6.771  -7.753  -8.265  0.6728  0.3308  0.2772
1.5827  1.49  177.237  -5.879  -6.781  -7.145  -4.115  -6.137  -7.133  -6.101  2.264  2.4501  2.5775  -6.771  -7.753  -8.265  0.6728  0.3308  0.2772
1.5827  1.488  204.435  -6.12  -7.03  -7.416  -4.1  -6.373  -7.401  -6.344  2.264  2.4501  2.5775  -6.771  -7.753  -8.265  0.6728  0.3308  0.2772
1.5827  1.486  220.067  -6.244  -7.159  -7.555  -4.087  -6.493  -7.537  -6.47  2.264  2.4501  2.5775  -6.771  -7.753  -8.265  0.6728  0.3308  0.2772
1.5827  1.483  227.277  -6.297  -7.214  -7.615  -4.077  -6.544  -7.596  -6.523  2.264  2.4501  2.5775  -6.771  -7.753  -8.265  0.6728  0.3308  0.2772
1.5827  1.48  231.129  -6.324  -7.242  -7.645  -4.07  -6.57  -7.626  -6.551  2.264  2.4501  2.5775  -6.771  -7.753  -8.265  0.6728  0.3308  0.2772
1.5827  1.48  184.823  -5.948  -6.853  -7.224  -4.101  -6.204  -7.211  -6.171  2.264  2.4501  2.5775  -6.771  -7.753  -8.265  0.6728  0.3308  0.2772
1.5827  1.479  145.23  -5.543  -6.43  -6.764  -4.078  -5.799  -6.754  -5.761  2.264  2.4501  2.5775  -6.771  -7.753  -8.265  0.6728  0.3308  0.2772
1.5827  1.478  101.427  -4.936  -5.788  -6.072  -3.786  -5.179  -6.064  -5.144  2.264  2.4501  2.5775  -6.771  -7.753  -8.265  0.6728  0.3308  0.2772
1.5827  1.477  103.052  -4.962  -5.817  -6.102  -3.803  -5.206  -6.095  -5.171  2.264  2.4501  2.5775  -6.771  -7.753  -8.265  0.6728  0.3308  0.2772
1.5827  1.476  121.103  -5.232  -6.105  -6.413  -3.957  -5.485  -6.404  -5.446  2.264  2.4501  2.5775  -6.771  -7.753  -8.265  0.6728  0.3308  0.2772
1.5827  1.474  153.693  -5.635  -6.527  -6.87  -4.097  -5.893  -6.859  -5.854  2.264  2.4501  2.5775  -6.771  -7.753  -8.265  0.6728  0.3308  0.2772
1.5827  1.471  189.52  -5.987  -6.893  -7.269  -4.087  -6.241  -7.255  -6.21  2.264  2.4501  2.5775  -6.771  -7.753  -8.265  0.6728  0.3308  0.2772
1.5827  1.469  217.648  -6.218  -7.133  -7.529  -4.06  -6.466  -7.511  -6.444  2.2639  2.45  2.5773  -6.771  -7.753  -8.265  0.6707  0.3302  0.2753
1.5827  1.465  233.537  -6.335  -7.255  -7.66  -4.049  -6.58  -7.64  -6.562  2.2639  2.45  2.5773  -6.771  -7.753  -8.265  0.6707  0.3302  0.2753
1.5827  1.462  240.411  -6.383  -7.304  -7.713  -4.052  -6.625  -7.692  -6.61  2.2639  2.45  2.5773  -6.771  -7.753  -8.265  0.6707  0.3302  0.2753
1.5827  1.458  243.98  -6.406  -7.327  -7.738  -4.052  -6.646  -7.716  -6.633  2.2639  2.45  2.5773  -6.771  -7.753  -8.265  0.6707  0.3302  0.2753
1.5827  1.457  199.46  -6.07  -6.98  -7.364  -4.065  -6.323  -7.349  -6.294  2.2639  2.45  2.5773  -6.771  -7.753  -8.265  0.6707  0.3302  0.2753
1.5827  1.457  156.948  -5.669  -6.563  -6.91  -4.089  -5.927  -6.899  -5.889  2.2639  2.45  2.5773  -6.771  -7.753  -8.265  0.6707  0.3302  0.2753
1.5827  1.456  109.309  -5.062  -5.923  -6.217  -3.863  -5.309  -6.209  -5.273  2.2639  2.45  2.5773  -6.771  -7.753  -8.265  0.6707  0.3302  0.2753
1.5827  1.454  111.059  -5.088  -5.951  -6.247  -3.878  -5.336  -6.239  -5.299  2.2639  2.45  2.5773  -6.771  -7.753  -8.265  0.6707  0.3302  0.2753
1.5828  1.452  130.063  -5.353  -6.232  -6.55  -4.01  -5.607  -6.541  -5.569  2.2639  2.45  2.5773  -6.771  -7.753  -8.265  0.6707  0.3302  0.2753
1.5828  1.45  163.966  -5.741  -6.638  -6.993  -4.079  -5.998  -6.981  -5.962  2.2639  2.45  2.5773  -6.771  -7.753  -8.265  0.6707  0.3302  0.2753
1.5828  1.447  200.935  -6.08  -6.991  -7.377  -4.05  -6.333  -7.362  -6.305  2.2639  2.45  2.5773  -6.771  -7.753  -8.265  0.6707  0.3302  0.2753
1.5828  1.443  229.75  -6.302  -7.221  -7.626  -4.023  -6.547  -7.606  -6.529  2.2639  2.45  2.5773  -6.771  -7.753  -8.265  0.6707  0.3302  0.2753
1.5828  1.439  245.841  -6.413  -7.335  -7.749  -4.032  -6.652  -7.725  -6.641  2.2639  2.45  2.5773  -6.771  -7.753  -8.265  0.6707  0.3302  0.2753
1.5828  1.435  252.671  -6.458  -7.382  -7.799  -4.033  -6.695  -7.774  -6.686  2.2639  2.45  2.5773  -6.771  -7.753  -8.265  0.6707  0.3302  0.2753
1.5828  1.429  256.009  -6.478  -7.404  -7.823  -4.032  -6.714  -7.797  -6.707  2.2639  2.45  2.5773  -6.771  -7.753  -8.265  0.6707  0.3302  0.2753
1.5828  1.429  213.823  -6.182  -7.097  -7.492  -4.026  -6.43  -7.474  -6.408  2.2639  2.45  2.5773  -6.771  -7.753  -8.265  0.6707  0.3302  0.2753
1.5828  1.428  168.677  -5.785  -6.685  -7.045  -4.068  -6.043  -7.033  -6.007  2.2639  2.45  2.5773  -6.771  -7.753  -8.265  0.6707  0.3302  0.2753
1.5828  1.427  117.369  -5.179  -6.049  -6.352  -3.932  -5.43  -6.344  -5.392  2.2639  2.45  2.5773  -6.771  -7.753  -8.265  0.6707  0.3302  0.2753
1.5828  1.425  119.167  -5.206  -6.077  -6.383  -3.943  -5.457  -6.374  -5.42  2.2639  2.45  2.5773  -6.771  -7.753  -8.265  0.6707  0.3302  0.2753
1.5828  1.422  139.301  -5.466  -6.351  -6.68  -4.042  -5.722  -6.671  -5.683  2.2639  2.45  2.5773  -6.771  -7.753  -8.265  0.6707  0.3302  0.2753
1.5828  1.419  174.604  -5.842  -6.744  -7.111  -4.053  -6.099  -7.099  -6.064  2.2639  2.45  2.5773  -6.771  -7.753  -8.265  0.6707  0.3302  0.2753
1.5828  1.415  213.233  -6.172  -7.087  -7.483  -4.006  -6.42  -7.465  -6.398  2.2639  2.45  2.5773  -6.771  -7.753  -8.265  0.6707  0.3302  0.2753
1.5828  1.41  242.804  -6.385  -7.308  -7.721  -4.0  -6.624  -7.698  -6.613  2.2639  2.45  2.5773  -6.771  -7.753  -8.265  0.6707  0.3302  0.2753
1.5828  1.404  259.75  -6.493  -7.42  -7.841  -4.006  -6.725  -7.814  -6.722  2.2639  2.45  2.5773  -6.771  -7.753  -8.265  0.6707  0.3302  0.2753
1.5828  1.398  267.335  -6.538  -7.466  -7.891  -4.01  -6.766  -7.861  -6.767  2.2639  2.45  2.5773  -6.771  -7.753  -8.265  0.6707  0.3302  0.2753
1.5828  1.391  271.241  -6.559  -7.488  -7.916  -4.007  -6.785  -7.884  -6.789  2.2639  2.45  2.5773  -6.771  -7.753  -8.265  0.6707  0.3302  0.2753
1.5828  1.39  231.342  -6.301  -7.222  -7.63  -3.974  -6.543  -7.609  -6.528  2.2639  2.45  2.5773  -6.771  -7.753  -8.265  0.6707  0.3302  0.2753
1.5828  1.389  182.749  -5.91  -6.816  -7.191  -4.02  -6.165  -7.177  -6.133  2.2639  2.45  2.5773  -6.771  -7.753  -8.265  0.6707  0.3302  0.2753
1.5828  1.388  126.957  -5.306  -6.184  -6.5  -3.975  -5.56  -6.491  -5.522  2.2639  2.45  2.5773  -6.771  -7.753  -8.265  0.6707  0.3302  0.2753
1.5828  1.385  128.901  -5.332  -6.212  -6.53  -3.985  -5.587  -6.521  -5.548  2.2639  2.45  2.5773  -6.771  -7.753  -8.265  0.6707  0.3302  0.2753
1.5828  1.381  150.229  -5.586  -6.478  -6.822  -4.043  -5.844  -6.811  -5.805  2.2639  2.45  2.5773  -6.771  -7.753  -8.265  0.6707  0.3302  0.2753
1.5828  1.377  187.437  -5.949  -6.857  -7.236  -3.998  -6.202  -7.222  -6.173  2.2639  2.45  2.5773  -6.771  -7.753  -8.265  0.6707  0.3302  0.2753
1.5828  1.371  227.381  -6.266  -7.187  -7.594  -3.949  -6.508  -7.572  -6.493  2.2639  2.45  2.5773  -6.771  -7.753  -8.265  0.6707  0.3302  0.2753
1.5828  1.365  258.021  -6.47  -7.397  -7.82  -3.963  -6.7  -7.791  -6.699  2.2639  2.45  2.5773  -6.771  -7.753  -8.265  0.6707  0.3302  0.2753
1.5828  1.357  275.394  -6.571  -7.502  -7.933  -3.974  -6.793  -7.899  -6.801  2.2639  2.45  2.5773  -6.771  -7.753  -8.265  0.6707  0.3302  0.2753
1.5828  1.349  283.24  -6.612  -7.546  -7.981  -3.975  -6.831  -7.944  -6.843  2.2639  2.45  2.5773  -6.771  -7.753  -8.265  0.6707  0.3302  0.2753
1.5828  1.34  287.511  -6.632  -7.566  -8.003  -3.972  -6.848  -7.965  -6.863  2.2647  2.4508  2.5781  -6.771  -7.753  -8.265  0.6718  0.3305  0.2762
1.5828  1.34  250.124  -6.412  -7.339  -7.759  -3.93  -6.644  -7.732  -6.641  2.2647  2.4508  2.5781  -6.771  -7.753  -8.265  0.6718  0.3305  0.2762
1.5828  1.338  197.54  -6.027  -6.94  -7.33  -3.939  -6.277  -7.313  -6.252  2.2647  2.4508  2.5781  -6.771  -7.753  -8.265  0.6718  0.3305  0.2762
1.5828  1.336  136.948  -5.424  -6.31  -6.641  -3.986  -5.681  -6.631  -5.642  2.2647  2.4508  2.5781  -6.771  -7.753  -8.265  0.6718  0.3305  0.2762
1.5828  1.332  139.269  -5.451  -6.338  -6.671  -3.988  -5.707  -6.661  -5.669  2.2647  2.4508  2.5781  -6.771  -7.753  -8.265  0.6718  0.3305  0.2762
1.5828  1.327  161.829  -5.697  -6.597  -6.957  -3.979  -5.955  -6.945  -5.919  2.2647  2.4508  2.5781  -6.771  -7.753  -8.265  0.6718  0.3305  0.2762
1.5828  1.321  200.842  -6.05  -6.965  -7.358  -3.912  -6.299  -7.34  -6.276  2.2647  2.4508  2.5781  -6.771  -7.753  -8.265  0.6718  0.3305  0.2762
1.5828  1.313  242.636  -6.354  -7.281  -7.7  -3.893  -6.589  -7.673  -6.583  2.2647  2.4508  2.5781  -6.771  -7.753  -8.265  0.6718  0.3305  0.2762
1.5828  1.305  274.382  -6.548  -7.481  -7.914  -3.919  -6.767  -7.878  -6.779  2.2647  2.4508  2.5781  -6.771  -7.753  -8.265  0.6718  0.3305  0.2762
1.5828  1.295  292.318  -6.642  -7.579  -8.021  -3.93  -6.852  -7.98  -6.874  2.2647  2.4508  2.5781  -6.771  -7.753  -8.265  0.6718  0.3305  0.2762
1.5828  1.283  300.923  -6.68  -7.621  -8.068  -3.926  -6.887  -8.024  -6.913  2.2647  2.4508  2.5781  -6.771  -7.753  -8.265  0.6718  0.3305  0.2762
1.5828  1.271  305.39  -6.697  -7.639  -8.09  -3.916  -6.9  -8.044  -6.93  2.2647  2.4508  2.5781  -6.771  -7.753  -8.265  0.6718  0.3305  0.2762
1.5828  1.27  270.679  -6.515  -7.449  -7.881  -3.883  -6.734  -7.845  -6.746  2.2647  2.4508  2.5781  -6.771  -7.753  -8.265  0.6718  0.3305  0.2762
1.5828  1.268  213.971  -6.139  -7.06  -7.465  -3.839  -6.383  -7.445  -6.366  2.2647  2.4508  2.5781  -6.771  -7.753  -8.265  0.6718  0.3305  0.2762
1.5828  1.264  148.066  -5.538  -6.432  -6.78  -3.945  -5.796  -6.77  -5.758  2.2647  2.4508  2.5781  -6.771  -7.753  -8.265  0.6718  0.3305  0.2762
1.5828  1.259  150.472  -5.564  -6.46  -6.811  -3.935  -5.821  -6.8  -5.784  2.2647  2.4508  2.5781  -6.771  -7.753  -8.265  0.6718  0.3305  0.2762
1.5828  1.252  174.685  -5.806  -6.714  -7.09  -3.886  -6.06  -7.076  -6.03  2.2647  2.4508  2.5781  -6.771  -7.753  -8.265  0.6718  0.3305  0.2762
1.5828  1.243  216.001  -6.148  -7.07  -7.478  -3.812  -6.389  -7.456  -6.376  2.2647  2.4508  2.5781  -6.771  -7.753  -8.265  0.6718  0.3305  0.2762
1.5829  1.233  260.109  -6.441  -7.372  -7.802  -3.832  -6.661  -7.767  -6.671  2.2647  2.4508  2.5781  -6.771  -7.753  -8.265  0.6718  0.3305  0.2762
1.5829  1.221  293.87  -6.622  -7.562  -8.009  -3.855  -6.826  -7.963  -6.855  2.2647  2.4508  2.5781  -6.771  -7.753  -8.265  0.6718  0.3305  0.2762
1.5829  1.207  312.792  -6.704  -7.65  -8.107  -3.859  -6.896  -8.056  -6.938  2.2647  2.4508  2.5781  -6.771  -7.753  -8.265  0.6718  0.3305  0.2762
1.5829  1.191  322.222  -6.737  -7.687  -8.15  -3.85  -6.924  -8.095  -6.972  2.2647  2.4508  2.5781  -6.771  -7.753  -8.265  0.6718  0.3305  0.2762
1.5829  1.174  327.231  -6.751  -7.703  -8.171  -3.838  -6.934  -8.114  -6.987  2.2647  2.4508  2.5781  -6.771  -7.753  -8.265  0.6718  0.3305  0.2762
1.5829  1.173  295.362  -6.613  -7.554  -8.003  -3.814  -6.811  -7.955  -6.846  2.2647  2.4508  2.5781  -6.771  -7.753  -8.265  0.6718  0.3305  0.2762
1.5829  1.17  233.483  -6.25  -7.178  -7.6  -3.746  -6.48  -7.57  -6.479  2.2647  2.4508  2.5781  -6.771  -7.753  -8.265  0.6718  0.3305  0.2762
1.5829  1.165  160.752  -5.651  -6.555  -6.924  -3.821  -5.906  -6.911  -5.874  2.2647  2.4508  2.5781  -6.771  -7.753  -8.265  0.6718  0.3305  0.2762
1.5829  1.158  163.702  -5.677  -6.582  -6.955  -3.808  -5.932  -6.941  -5.9  2.2647  2.4508  2.5781  -6.771  -7.753  -8.265  0.6718  0.3305  0.2762
1.5829  1.149  189.957  -5.915  -6.832  -7.229  -3.73  -6.163  -7.21  -6.141  2.2647  2.4508  2.5781  -6.771  -7.753  -8.265  0.6718  0.3305  0.2762
1.5829  1.137  234.237  -6.246  -7.175  -7.598  -3.714  -6.473  -7.567  -6.476  2.2647  2.4508  2.5781  -6.771  -7.753  -8.265  0.6718  0.3305  0.2762
1.5829  1.123  281.161  -6.523  -7.462  -7.908  -3.748  -6.724  -7.861  -6.755  2.2647  2.4508  2.5781  -6.771  -7.753  -8.265  0.6718  0.3305  0.2762
1.5829  1.107  317.143  -6.683  -7.632  -8.097  -3.768  -6.862  -8.039  -6.918  2.2647  2.4508  2.5781  -6.771  -7.753  -8.265  0.6718  0.3305  0.2762
1.5829  1.088  337.641  -6.745  -7.707  -8.189  -3.753  -6.915  -8.125  -6.984  2.2647  2.4508  2.5781  -6.771  -7.753  -8.265  0.6718  0.3305  0.2762
1.5829  1.068  347.901  -6.762  -7.733  -8.229  -3.725  -6.928  -8.16  -7.003  2.2647  2.4508  2.5781  -6.771  -7.753  -8.265  0.6718  0.3305  0.2762
1.5829  1.045  354.124  -6.761  -7.741  -8.248  -3.691  -6.925  -8.177  -7.005  2.2647  2.4508  2.5781  -6.771  -7.753  -8.265  0.6718  0.3305  0.2762
