#Mini MPD Rad MJ_2M MH_2M MK_2M MZ087 MW146 MF213 MHw sigmaJ sigmaH sigmaKs minJ minH minKs maxJ maxH maxKs
0.0005  0.0005  0.105  36.588  32.592  51.596  99.0  36.608  99.0  35.205  0.2  0.2  0.2  -999.0  -999.0  -999.0  999.0  999.0  999.0
0.001  0.001  0.109  30.922  28.788  43.206  99.0  30.942  99.0  30.312  0.2  0.2  0.2  -999.0  -999.0  -999.0  999.0  999.0  999.0
0.002  0.002  0.112  24.532  24.38  33.996  99.0  24.552  99.0  24.498  0.2  0.2  0.2  -999.0  -999.0  -999.0  999.0  999.0  999.0
0.003  0.003  0.113  21.622  22.098  29.006  99.0  21.642  99.0  21.718  0.2  0.2  0.2  -999.0  -999.0  -999.0  999.0  999.0  999.0
0.004  0.004  0.114  20.668  20.924  26.426  99.0  20.688  99.0  20.721  0.2  0.2  0.2  -999.0  -999.0  -999.0  999.0  999.0  999.0
0.005  0.005  0.113  19.92  19.999  24.516  99.0  19.94  99.0  19.937  0.2  0.2  0.2  -999.0  -999.0  -999.0  999.0  999.0  999.0
0.006  0.006  0.113  19.409  19.421  23.076  99.0  19.429  99.0  19.412  0.2  0.2  0.2  -999.0  -999.0  -999.0  999.0  999.0  999.0
0.007  0.007  0.112  18.919  18.842  21.656  99.0  18.939  99.0  18.902  0.2  0.2  0.2  -999.0  -999.0  -999.0  999.0  999.0  999.0
0.008  0.008  0.111  18.496  18.405  20.716  99.0  18.516  99.0  18.476  0.2  0.2  0.2  -999.0  -999.0  -999.0  999.0  999.0  999.0
0.009  0.009  0.11  18.076  17.994  19.926  99.0  18.096  99.0  18.058  0.2  0.2  0.2  -999.0  -999.0  -999.0  999.0  999.0  999.0
0.01  0.01  0.11  17.683  17.623  19.196  99.0  17.703  99.0  17.67  0.2  0.2  0.2  -999.0  -999.0  -999.0  999.0  999.0  999.0
0.012  0.012  0.11  16.318  16.28  16.796  99.0  16.338  99.0  16.31  0.2  0.2  0.2  -999.0  -999.0  -999.0  999.0  999.0  999.0
0.015  0.015  0.107  16.142  16.153  16.556  99.0  16.162  99.0  16.144  0.2  0.2  0.2  -999.0  -999.0  -999.0  999.0  999.0  999.0
0.02  0.02  0.104  15.291  15.343  15.346  99.0  15.311  99.0  15.302  0.2  0.2  0.2  -999.0  -999.0  -999.0  999.0  999.0  999.0
0.03  0.03  0.101  13.875  13.879  13.666  99.0  13.895  99.0  13.876  0.2  0.2  0.2  -999.0  -999.0  -999.0  999.0  999.0  999.0
0.04  0.04  0.1  12.896  12.766  12.656  99.0  12.916  99.0  12.867  0.2  0.2  0.2  -999.0  -999.0  -999.0  999.0  999.0  999.0
0.05  0.05  0.101  12.197  11.958  11.766  99.0  12.217  99.0  12.143  0.2  0.2  0.2  -999.0  -999.0  -999.0  999.0  999.0  999.0
0.06  0.06  0.102  11.684  11.37  11.106  99.0  11.704  99.0  11.613  0.2  0.2  0.2  -999.0  -999.0  -999.0  999.0  999.0  999.0
0.07  0.07  0.106  11.269  10.911  10.606  99.0  11.289  99.0  11.187  0.2  0.2  0.2  -999.0  -999.0  -999.0  999.0  999.0  999.0
0.072  0.072  0.107  11.189  10.821  10.516  99.0  11.209  99.0  11.105  0.2  0.2  0.2  -999.0  -999.0  -999.0  999.0  999.0  999.0
0.075  0.075  0.108  11.08  10.701  10.396  99.0  11.1  99.0  10.993  0.2  0.2  0.2  -999.0  -999.0  -999.0  999.0  999.0  999.0
0.09  0.09  0.133  10.896  10.294  10.025  12.696  10.916  10.103  10.754  0.3107  0.3198  0.3352  9.69  9.209  8.93  10.9606  10.3948  10.213
0.0967  0.097  0.138  10.684  10.083  9.814  12.485  10.705  9.892  10.542  0.2562  0.2591  0.2659  9.545  9.076  8.831  10.4625  10.025  9.8158
0.1  0.1  0.14  10.573  9.972  9.702  12.373  10.593  9.78  10.431  0.2578  0.2444  0.2373  9.492  9.017  8.741  10.54  9.9738  9.7364
0.1169  0.117  0.156  10.08  9.479  9.207  11.847  10.095  9.283  9.938  0.2652  0.2497  0.2317  9.192  8.693  8.495  10.2024  9.6146  9.3182
0.12  0.12  0.159  10.006  9.405  9.132  11.724  10.014  9.205  9.864  0.2352  0.2109  0.1801  9.152  8.65  8.422  10.0293  9.4284  9.1601
0.1243  0.124  0.162  9.925  9.324  9.05  11.602  9.926  9.121  9.783  0.2421  0.2067  0.16  9.075  8.586  8.437  9.8668  9.3066  9.0512
0.14  0.14  0.176  9.632  9.031  8.758  11.179  9.615  8.824  9.49  0.2163  0.1942  0.1613  8.84  8.324  8.161  9.64  9.039  8.766
0.1588  0.159  0.191  9.359  8.757  8.486  10.8  9.326  8.547  9.217  0.2173  0.1957  0.1625  8.569  8.045  7.876  9.3452  8.7432  8.4722
0.16  0.16  0.193  9.342  8.739  8.469  10.777  9.307  8.529  9.199  0.2201  0.1986  0.1643  8.569  8.045  7.876  9.347  8.745  8.474
0.2  0.2  0.226  8.852  8.25  7.986  10.151  8.799  8.04  8.71  0.2077  0.1875  0.1575  8.138  7.609  7.436  8.854  8.2514  7.9874
0.25  0.25  0.264  8.392  7.788  7.533  9.586  8.323  7.581  8.249  0.2206  0.2  0.1684  7.741  7.214  7.043  8.438  7.852  7.5826
0.3014  0.301  0.301  8.022  7.416  7.168  9.157  7.944  7.212  7.879  0.2585  0.227  0.1911  7.335  6.831  6.671  8.073  7.484  7.224
0.3117  0.312  0.31  7.942  7.336  7.089  9.067  7.863  7.133  7.799  0.2064  0.1845  0.1567  7.334  6.81  6.645  7.994  7.4035  7.1455
0.35  0.35  0.339  7.686  7.076  6.835  8.772  7.6  6.877  7.542  0.2184  0.1879  0.1569  7.025  6.528  6.373  7.7221  7.1266  6.8761
0.4  0.4  0.383  7.339  6.723  6.488  8.376  7.242  6.526  7.193  0.2129  0.1779  0.1467  6.706  6.217  6.069  7.3824  6.7784  6.5364
0.45  0.45  0.432  6.989  6.365  6.136  7.98  6.881  6.17  6.841  0.2081  0.1677  0.134  6.408  5.934  5.797  7.0462  6.43  6.1952
0.5  0.5  0.483  6.636  6.002  5.78  7.574  6.516  5.809  6.485  0.2182  0.1682  0.1295  6.075  5.567  5.435  6.7106  6.079  5.852
0.55  0.55  0.532  6.287  5.64  5.431  7.159  6.151  5.453  6.133  0.2291  0.1606  0.1184  5.705  5.246  5.133  6.374  5.726  5.5083
0.6  0.6  0.575  5.946  5.282  5.1  6.754  5.796  5.116  5.788  0.226  0.132  0.0941  5.399  4.961  4.862  6.046  5.3786  5.1786
0.65  0.65  0.614  5.608  4.938  4.794  6.36  5.452  4.805  5.448  0.2093  0.0988  0.0708  5.084  4.705  4.625  5.7222  5.0431  4.876
0.7  0.7  0.648  5.293  4.654  4.544  5.987  5.148  4.551  5.141  0.2075  0.0834  0.061  4.807  4.475  4.407  5.415  4.7499  4.617
0.7018  0.702  0.649  5.281  4.645  4.536  5.973  5.138  4.543  5.13  0.2068  0.0826  0.0604  4.807  4.475  4.407  5.414  4.7481  4.616
0.7382  0.738  0.666  5.075  4.499  4.406  5.71  4.955  4.411  4.939  0.241  0.1094  0.087  4.589  4.282  4.232  5.2248  4.5985  4.4906
0.75  0.75  0.672  5.013  4.46  4.37  5.628  4.901  4.375  4.883  0.1901  0.0853  0.0676  4.547  4.246  4.201  5.1314  4.5334  4.4314
0.8  0.8  0.711  4.752  4.262  4.183  5.311  4.663  4.187  4.638  0.1789  0.0922  0.0744  4.279  4.003  3.968  4.8645  4.3292  4.2383
0.85  0.85  0.752  4.507  4.074  4.002  5.016  4.438  4.006  4.407  0.1715  0.0988  0.0814  4.06  3.811  3.781  4.6149  4.1359  4.0544
0.9  0.899  0.796  4.278  3.891  3.827  4.742  4.223  3.831  4.189  0.168  0.1045  0.0882  3.829  3.594  3.57  4.3824  3.9544  3.8804
0.95  0.95  0.844  4.062  3.715  3.659  4.488  4.019  3.661  3.983  0.166  0.1068  0.0922  3.613  3.406  3.384  4.156  3.7723  3.7053
1.0  1.0  0.897  3.854  3.538  3.489  4.248  3.82  3.491  3.782  0.1575  0.1004  0.0881  3.417  3.246  3.227  3.9456  3.5976  3.5381
1.05  1.049  0.954  3.655  3.367  3.324  4.022  3.629  3.326  3.59  0.1488  0.0941  0.0845  3.217  3.087  3.068  3.7402  3.4228  3.3708
1.0875  1.087  1.001  3.509  3.24  3.201  3.858  3.488  3.203  3.448  0.1067  0.0713  0.0671  3.126  2.956  2.935  3.4486  3.199  3.1718
1.1  1.099  1.017  3.462  3.198  3.16  3.805  3.442  3.162  3.402  0.131  0.0846  0.0788  3.053  2.922  2.905  3.5402  3.2492  3.2046
1.15  1.149  1.082  3.275  3.032  2.998  3.598  3.26  3.0  3.22  0.1081  0.0804  0.0787  2.935  2.801  2.78  3.333  3.0932  3.0658
1.2  1.199  1.151  3.095  2.872  2.842  3.399  3.085  2.843  3.045  0.1119  0.0909  0.0904  2.796  2.667  2.648  3.2036  3.0016  2.9852
1.25  1.25  1.22  2.924  2.72  2.692  3.211  2.919  2.694  2.878  0.0914  0.1033  0.1051  2.666  2.535  2.514  3.014  2.9362  2.9212
1.2801  1.28  1.262  2.826  2.632  2.606  3.102  2.823  2.607  2.783  0.0739  0.093  0.0945  2.573  2.472  2.452  2.8358  2.8356  2.8234
1.3  1.3  1.289  2.762  2.576  2.55  3.031  2.761  2.551  2.721  0.0876  0.1194  0.1225  2.54  2.425  2.405  2.879  2.8716  2.8586
1.35  1.35  1.354  2.611  2.443  2.419  2.863  2.614  2.42  2.574  0.0938  0.1326  0.1366  2.412  2.327  2.306  2.784  2.806  2.794
1.4  1.4  1.414  2.472  2.324  2.3  2.706  2.479  2.302  2.439  0.1053  0.144  0.1487  2.282  2.221  2.201  2.7086  2.7374  2.7284
1.45  1.45  1.463  2.349  2.221  2.199  2.563  2.359  2.2  2.321  0.1256  0.1639  0.1695  2.166  2.089  2.069  2.6592  2.6982  2.6926
1.5  1.5  1.5  2.24  2.135  2.114  2.432  2.254  2.115  2.217  0.1391  0.1741  0.1802  2.033  2.006  1.984  2.5837  2.6269  2.6239
1.5124  1.512  1.508  2.215  2.116  2.095  2.401  2.23  2.096  2.193  0.1505  0.186  0.1925  2.008  1.977  1.955  2.5873  2.6274  2.6244
1.55  1.55  1.531  2.14  2.058  2.037  2.31  2.158  2.038  2.122  0.1618  0.1923  0.1991  1.893  1.881  1.863  2.5229  2.5687  2.5689
1.5619  1.562  1.54  2.117  2.04  2.02  2.282  2.135  2.021  2.1  0.1698  0.1999  0.2068  1.877  1.865  1.845  2.5282  2.5746  2.5732
1.6  1.6  1.567  2.044  1.981  1.961  2.194  2.063  1.962  2.03  0.1851  0.2093  0.216  1.744  1.759  1.745  2.4536  2.502  2.506
1.6187  1.618  1.581  2.007  1.951  1.932  2.151  2.028  1.932  1.995  0.1906  0.2073  0.213  1.697  1.695  1.677  2.3761  2.429  2.4352
1.65  1.649  1.61  1.947  1.9  1.881  2.08  1.968  1.881  1.937  0.2166  0.2357  0.2421  1.573  1.591  1.578  2.3966  2.4504  2.4561
1.6709  1.67  1.629  1.907  1.865  1.846  2.034  1.928  1.847  1.898  0.217  0.2326  0.2382  1.505  1.541  1.526  2.2766  2.3323  2.3405
1.7  1.699  1.656  1.85  1.816  1.797  1.969  1.872  1.798  1.843  0.2612  0.2752  0.2811  1.292  1.339  1.343  2.3484  2.4042  2.4128
1.7186  1.718  1.675  1.814  1.784  1.766  1.928  1.837  1.766  1.807  0.6014  0.6279  0.6333  -0.686  -0.921  -0.953  2.2562  2.3115  2.3198
1.75  1.749  1.708  1.753  1.73  1.711  1.86  1.776  1.712  1.748  1.3917  1.5602  1.5866  -2.459  -2.918  -2.995  2.203  2.263  2.2744
1.7854  1.784  1.749  1.684  1.667  1.649  1.782  1.707  1.65  1.68  1.4572  1.6411  1.6691  -2.66  -3.159  -3.239  2.1135  2.1723  2.1853
1.8  1.799  1.766  1.656  1.641  1.623  1.751  1.679  1.624  1.653  1.4473  1.6303  1.6584  -2.66  -3.159  -3.239  2.111  2.171  2.183
1.8433  1.842  1.819  1.571  1.563  1.546  1.657  1.594  1.546  1.569  2.6628  2.9455  3.0386  -6.63  -7.621  -8.291  1.9244  1.9828  1.9934
1.85  1.849  1.826  1.558  1.551  1.534  1.643  1.581  1.534  1.556  2.8679  3.1865  3.3054  -6.887  -7.935  -8.59  1.8978  1.9473  1.954
1.8841  1.883  1.872  1.49  1.488  1.471  1.569  1.513  1.471  1.49  3.0637  3.4158  3.5558  -7.147  -8.235  -8.804  1.7588  1.7935  1.7965
1.9  1.899  1.896  1.458  1.457  1.44  1.534  1.481  1.441  1.458  2.9893  3.3474  3.4984  -7.147  -8.235  -8.858  1.702  1.7487  1.7562
1.9102  1.909  1.91  1.438  1.438  1.421  1.512  1.46  1.422  1.438  3.0162  3.3831  3.5405  -7.205  -8.274  -8.858  1.681  1.7212  1.7126
1.95  1.95  1.971  1.355  1.359  1.343  1.423  1.377  1.343  1.356  2.9565  3.3127  3.4757  -7.607  -8.54  -9.032  1.572  1.607  1.617
1.9707  1.971  2.004  1.311  1.318  1.302  1.377  1.334  1.302  1.313  2.7944  3.1308  3.287  -7.607  -8.54  -9.032  1.1193  1.1501  1.1619
2.0  2.0  2.055  1.248  1.256  1.24  1.309  1.27  1.241  1.25  2.8818  3.2394  3.3886  -7.189  -8.36  -8.942  1.549  1.582  1.588
2.0256  2.026  2.102  1.192  1.202  1.187  1.251  1.214  1.187  1.194  2.8048  3.1347  3.2533  -7.274  -8.304  -8.807  1.2729  1.3059  1.3077
2.05  2.05  2.151  1.138  1.15  1.135  1.194  1.16  1.135  1.141  2.7766  3.103  3.2218  -7.274  -8.276  -8.64  1.392  1.443  1.452
2.0922  2.091  2.238  1.043  1.056  1.042  1.094  1.064  1.042  1.046  2.8345  3.1767  3.3027  -7.212  -8.202  -8.668  1.3283  1.3732  1.3781
2.1  2.099  2.253  1.025  1.039  1.024  1.076  1.046  1.024  1.028  2.7532  3.0846  3.2068  -7.201  -8.226  -8.764  1.3115  1.3627  1.3753
2.1225  2.121  2.305  0.972  0.987  0.973  1.022  0.994  0.973  0.975  2.6271  2.9474  3.0767  -7.231  -8.226  -8.764  0.892  0.9372  0.9401
2.15  2.149  2.377  0.904  0.92  0.906  0.953  0.926  0.906  0.907  2.7152  3.0469  3.1814  -7.279  -8.338  -8.872  1.174  1.234  1.231
2.1618  2.16  2.407  0.875  0.891  0.876  0.923  0.896  0.877  0.878  2.7387  3.0624  3.1921  -7.434  -8.411  -8.872  1.0769  1.1239  1.1307
2.2  2.199  2.525  0.774  0.789  0.775  0.821  0.795  0.775  0.777  2.6177  2.9358  3.0825  -7.434  -8.42  -8.959  0.871  0.9  0.912
2.2215  2.22  2.594  0.715  0.731  0.717  0.762  0.736  0.717  0.718  2.5836  2.8981  3.0393  -7.446  -8.42  -8.959  0.76  0.8015  0.8045
2.25  2.249  2.695  0.634  0.649  0.635  0.682  0.655  0.635  0.637  2.6507  2.9873  3.1375  -7.465  -8.234  -8.897  0.9127  0.9492  0.9618
2.2587  2.257  2.726  0.609  0.624  0.61  0.657  0.63  0.61  0.612  2.6521  2.9885  3.1386  -7.478  -8.508  -9.039  0.8601  0.8881  0.91
2.2953  2.294  2.878  0.499  0.513  0.498  0.548  0.52  0.498  0.502  2.5322  2.852  3.0071  -7.535  -8.508  -9.081  0.456  0.4954  0.4972
2.3  2.299  2.9  0.483  0.497  0.482  0.533  0.504  0.482  0.486  2.5624  2.8902  3.0518  -7.535  -8.508  -9.081  0.5021  0.5447  0.5431
2.332  2.331  3.068  0.375  0.386  0.371  0.429  0.396  0.371  0.377  2.5026  2.8204  2.9849  -7.611  -8.634  -9.201  0.3884  0.4172  0.4202
2.3701  2.369  3.301  0.238  0.244  0.227  0.299  0.258  0.228  0.239  2.4643  2.7684  2.9236  -7.724  -8.634  -9.201  0.1772  0.2146  0.2159
2.4  2.399  3.523  0.12  0.121  0.103  0.189  0.14  0.103  0.12  2.3443  2.6335  2.7933  -7.727  -8.543  -9.093  -0.0574  -0.0458  -0.0544
2.4232  2.422  3.721  0.022  0.018  -0.001  0.1  0.042  -0.0  0.021  2.4561  2.7037  2.8506  -7.765  -8.79  -9.317  0.1562  0.1502  0.1382
2.4457  2.445  3.948  -0.079  -0.09  -0.11  0.009  -0.059  -0.11  -0.081  2.414  2.6758  2.8394  -7.765  -8.79  -9.317  -0.1985  -0.1865  -0.2122
2.4695  2.469  4.219  -0.191  -0.213  -0.234  -0.09  -0.172  -0.233  -0.196  2.3345  2.6399  2.8135  -7.823  -8.708  -9.278  -0.267  -0.249  -0.259
2.4876  2.487  4.468  -0.284  -0.315  -0.337  -0.171  -0.265  -0.337  -0.291  2.1934  2.4718  2.6334  -7.859  -8.708  -9.278  -0.6306  -0.6138  -0.6255
2.5048  2.504  4.719  -0.377  -0.416  -0.439  -0.252  -0.358  -0.439  -0.386  2.2173  2.4017  2.5284  -7.864  -8.846  -9.339  -0.4609  -0.6388  -0.7045
2.5181  2.518  4.894  -0.443  -0.487  -0.51  -0.313  -0.425  -0.51  -0.453  2.438  2.6584  2.7997  -7.864  -8.846  -9.339  -0.3126  -0.3254  -0.3428
2.5258  2.525  4.87  -0.458  -0.492  -0.515  -0.339  -0.439  -0.514  -0.465  2.41  2.6366  2.7818  -7.897  -8.897  -9.339  -0.372  -0.392  -0.415
2.5296  2.529  4.777  -0.449  -0.472  -0.494  -0.346  -0.43  -0.493  -0.454  2.4171  2.6434  2.7888  -7.897  -8.897  -9.339  -0.3542  -0.3526  -0.3788
2.531  2.531  4.666  -0.432  -0.445  -0.465  -0.344  -0.413  -0.465  -0.435  2.4244  2.6525  2.7984  -7.897  -8.897  -9.339  -0.3539  -0.3505  -0.3779
2.5319  2.532  4.542  -0.413  -0.416  -0.434  -0.34  -0.394  -0.434  -0.414  2.4552  2.6877  2.8363  -7.897  -8.897  -9.339  -0.34  -0.3395  -0.3505
2.5323  2.532  4.443  -0.398  -0.393  -0.409  -0.338  -0.379  -0.409  -0.397  2.4707  2.7058  2.8558  -7.897  -8.897  -9.339  -0.3249  -0.336  -0.35
2.5326  2.532  4.358  -0.387  -0.376  -0.39  -0.34  -0.369  -0.39  -0.385  2.4959  2.7367  2.8884  -7.897  -8.897  -9.339  -0.283  -0.2778  -0.2986
2.5328  2.532  4.287  -0.381  -0.364  -0.376  -0.345  -0.362  -0.376  -0.377  2.5022  2.7449  2.897  -7.897  -8.897  -9.339  -0.272  -0.2668  -0.2796
2.533  2.533  4.227  -0.372  -0.351  -0.362  -0.343  -0.353  -0.362  -0.367  2.5052  2.7473  2.8973  -7.897  -8.897  -9.339  -0.2713  -0.262  -0.27
2.5331  2.533  4.216  -0.354  -0.335  -0.346  -0.321  -0.335  -0.346  -0.35  2.5133  2.7537  2.8991  -7.897  -8.897  -9.339  -0.2685  -0.2569  -0.2658
2.5331  2.533  4.224  -0.337  -0.322  -0.335  -0.295  -0.318  -0.335  -0.334  2.5112  2.7509  2.8954  -7.897  -8.897  -9.339  -0.2692  -0.2584  -0.267
2.5332  2.533  4.297  -0.343  -0.334  -0.35  -0.291  -0.324  -0.349  -0.341  2.5071  2.7463  2.8905  -7.897  -8.897  -9.339  -0.2709  -0.2617  -0.2698
2.5333  2.533  4.479  -0.392  -0.392  -0.41  -0.324  -0.373  -0.41  -0.392  2.5032  2.7419  2.8858  -7.897  -8.897  -9.339  -0.2715  -0.262  -0.27
2.5334  2.533  4.739  -0.474  -0.485  -0.505  -0.389  -0.455  -0.504  -0.476  2.5013  2.74  2.8837  -7.897  -8.897  -9.339  -0.2711  -0.262  -0.27
2.5335  2.533  5.053  -0.57  -0.593  -0.615  -0.466  -0.551  -0.615  -0.575  2.4963  2.7342  2.8775  -7.897  -8.897  -9.339  -0.2719  -0.262  -0.27
2.5336  2.533  5.387  -0.661  -0.699  -0.723  -0.538  -0.643  -0.722  -0.669  2.4913  2.7285  2.8715  -7.897  -8.897  -9.339  -0.272  -0.2665  -0.279
2.5338  2.533  5.714  -0.742  -0.797  -0.822  -0.599  -0.725  -0.821  -0.754  2.4871  2.7237  2.8664  -7.897  -8.897  -9.339  -0.2753  -0.27  -0.2911
2.5339  2.534  6.033  -0.815  -0.888  -0.914  -0.65  -0.8  -0.914  -0.831  2.4919  2.7301  2.8732  -7.897  -8.897  -9.339  -0.2544  -0.2552  -0.2642
2.5341  2.534  6.369  -0.881  -0.974  -1.001  -0.694  -0.867  -1.001  -0.901  2.4862  2.7232  2.8659  -7.897  -8.897  -9.339  -0.2698  -0.2596  -0.268
2.5342  2.534  6.704  -0.94  -1.055  -1.084  -0.73  -0.929  -1.083  -0.965  2.4761  2.7116  2.8534  -7.897  -8.897  -9.339  -0.272  -0.2665  -0.279
2.5344  2.534  7.045  -0.993  -1.131  -1.162  -0.76  -0.986  -1.161  -1.024  2.4641  2.6978  2.8384  -7.897  -8.897  -9.339  -0.283  -0.2777  -0.2986
2.5346  2.534  7.387  -1.041  -1.203  -1.236  -0.784  -1.039  -1.235  -1.077  2.4542  2.687  2.8277  -7.897  -8.897  -9.339  -0.288  -0.2935  -0.3224
2.5347  2.534  7.726  -1.083  -1.269  -1.304  -0.802  -1.085  -1.302  -1.124  2.4328  2.6636  2.8042  -7.897  -8.897  -9.339  -0.3209  -0.3348  -0.3494
2.5349  2.535  8.064  -1.121  -1.33  -1.368  -0.817  -1.128  -1.367  -1.168  2.4287  2.6592  2.7992  -7.897  -8.897  -9.339  -0.3247  -0.3359  -0.35
2.5351  2.535  8.38  -1.153  -1.386  -1.427  -0.825  -1.165  -1.425  -1.205  2.424  2.6536  2.7927  -7.897  -8.897  -9.339  -0.3358  -0.3387  -0.35
2.5352  2.535  8.683  -1.174  -1.432  -1.477  -0.822  -1.192  -1.475  -1.232  2.4235  2.6529  2.7916  -7.897  -8.897  -9.339  -0.337  -0.339  -0.35
2.5355  2.535  8.955  -1.182  -1.469  -1.517  -0.803  -1.207  -1.515  -1.247  2.4379  2.6687  2.8082  -7.897  -8.897  -9.339  -0.3247  -0.3359  -0.35
2.5357  2.535  9.107  -1.169  -1.479  -1.53  -0.77  -1.201  -1.528  -1.239  2.4393  2.671  2.8109  -7.897  -8.897  -9.339  -0.3274  -0.3366  -0.35
2.5359  2.536  9.17  -1.137  -1.468  -1.524  -0.716  -1.174  -1.522  -1.212  2.4373  2.6705  2.8118  -7.897  -8.897  -9.339  -0.3268  -0.3365  -0.35
2.5361  2.536  9.168  -1.093  -1.446  -1.505  -0.653  -1.137  -1.502  -1.174  2.4348  2.6684  2.8101  -7.897  -8.897  -9.339  -0.337  -0.339  -0.35
2.5363  2.536  9.14  -1.047  -1.419  -1.479  -0.59  -1.096  -1.477  -1.132  2.4314  2.6657  2.8094  -7.897  -8.897  -9.339  -0.34  -0.3395  -0.3505
2.5365  2.536  9.107  -0.989  -1.383  -1.447  -0.51  -1.045  -1.445  -1.08  2.4317  2.6558  2.801  -7.897  -8.897  -9.339  -0.3493  -0.34  -0.3609
2.5368  2.536  9.187  -0.948  -1.369  -1.437  -0.442  -1.012  -1.435  -1.045  2.4411  2.6662  2.8125  -7.897  -8.897  -9.339  -0.337  -0.339  -0.35
2.5369  2.537  9.257  -0.946  -1.376  -1.445  -0.432  -1.013  -1.443  -1.045  2.4425  2.6673  2.8138  -7.897  -8.897  -9.339  -0.337  -0.339  -0.35
2.5372  2.537  9.807  -1.019  -1.471  -1.545  -0.481  -1.093  -1.543  -1.124  2.4543  2.6789  2.8256  -7.897  -8.897  -9.339  -0.324  -0.3357  -0.35
2.5375  2.537  10.57  -1.138  -1.611  -1.689  -0.581  -1.219  -1.686  -1.248  2.4677  2.6907  2.8358  -7.897  -8.897  -9.339  -0.3111  -0.3305  -0.3429
2.5378  2.537  11.266  -1.246  -1.731  -1.812  -0.674  -1.331  -1.809  -1.359  2.4783  2.6997  2.8426  -7.897  -8.897  -9.339  -0.2945  -0.3225  -0.3325
2.5381  2.538  12.11  -1.372  -1.871  -1.955  -0.787  -1.462  -1.952  -1.488  2.4856  2.7127  2.8518  -7.897  -8.897  -9.339  -0.2955  -0.3227  -0.3335
2.5384  2.538  12.961  -1.492  -2.003  -2.09  -0.895  -1.586  -2.087  -1.611  2.4867  2.714  2.8532  -7.897  -8.897  -9.339  -0.2953  -0.3227  -0.3333
2.5387  2.538  13.844  -1.61  -2.132  -2.221  -1.001  -1.707  -2.218  -1.732  2.4852  2.7121  2.8513  -7.897  -8.897  -9.339  -0.3003  -0.3247  -0.3389
2.5389  2.539  14.583  -1.704  -2.235  -2.326  -1.087  -1.805  -2.323  -1.828  2.4862  2.7132  2.8524  -7.897  -8.897  -9.339  -0.3  -0.3245  -0.3385
2.5392  2.539  15.387  -1.8  -2.339  -2.432  -1.174  -1.904  -2.429  -1.926  2.4863  2.7131  2.8522  -7.897  -8.897  -9.339  -0.2997  -0.3244  -0.3382
2.5392  2.539  15.598  -1.824  -2.365  -2.459  -1.195  -1.929  -2.456  -1.951  2.4871  2.714  2.8531  -7.897  -8.897  -9.339  -0.2991  -0.324  -0.3374
2.5393  2.539  15.811  -1.849  -2.392  -2.486  -1.219  -1.955  -2.484  -1.976  2.4867  2.7136  2.8527  -7.897  -8.897  -9.339  -0.2988  -0.3239  -0.3371
2.5396  2.539  16.949  -1.976  -2.529  -2.626  -1.334  -2.085  -2.623  -2.106  2.4869  2.714  2.8533  -7.897  -8.897  -9.339  -0.2991  -0.324  -0.3374
2.5397  2.539  17.173  -2.001  -2.556  -2.654  -1.357  -2.111  -2.651  -2.131  2.4872  2.7145  2.8539  -7.897  -8.897  -9.339  -0.2994  -0.3242  -0.3378
2.5399  2.54  18.145  -2.103  -2.665  -2.765  -1.45  -2.215  -2.762  -2.235  2.4883  2.7157  2.8551  -7.897  -8.897  -9.339  -0.2991  -0.324  -0.3374
2.5402  2.54  19.171  -2.204  -2.774  -2.876  -1.542  -2.319  -2.873  -2.338  2.4894  2.7171  2.8567  -7.897  -8.897  -9.339  -0.2985  -0.3238  -0.3368
2.5404  2.54  20.256  -2.306  -2.884  -2.988  -1.636  -2.424  -2.985  -2.442  2.4899  2.7174  2.8571  -7.897  -8.897  -9.339  -0.2973  -0.3232  -0.3354
2.5407  2.54  21.427  -2.408  -2.993  -3.1  -1.729  -2.529  -3.097  -2.546  2.4935  2.7219  2.8619  -7.897  -8.897  -9.339  -0.292  -0.3215  -0.33
2.5409  2.541  22.649  -2.509  -3.103  -3.212  -1.822  -2.633  -3.209  -2.649  2.4968  2.7259  2.8664  -7.897  -8.897  -9.339  -0.2915  -0.3093  -0.3282
2.5412  2.541  23.931  -2.61  -3.212  -3.324  -1.913  -2.738  -3.321  -2.752  2.4999  2.7295  2.871  -7.897  -8.897  -9.339  -0.289  -0.294  -0.3239
2.5414  2.541  25.285  -2.71  -3.32  -3.434  -2.004  -2.841  -3.431  -2.854  2.5128  2.745  2.8906  -7.897  -8.897  -9.339  -0.287  -0.2784  -0.2988
2.5416  2.541  26.74  -2.811  -3.429  -3.546  -2.096  -2.944  -3.543  -2.958  2.5212  2.7557  2.9041  -7.897  -8.897  -9.339  -0.2728  -0.2629  -0.2718
2.5418  2.542  28.22  -2.908  -3.53  -3.652  -2.183  -3.043  -3.649  -3.056  2.5271  2.7632  2.9131  -7.897  -8.897  -9.339  -0.2713  -0.2578  -0.2665
2.5421  2.542  30.023  -3.018  -3.645  -3.772  -2.282  -3.155  -3.769  -3.167  2.4418  2.7488  2.9196  -7.897  -8.897  -9.257  -0.288  -0.2569  -0.2589
2.5423  2.542  31.993  -3.129  -3.761  -3.894  -2.381  -3.267  -3.891  -3.279  2.4412  2.7483  2.9192  -7.897  -8.897  -9.257  -0.288  -0.262  -0.264
2.5425  2.542  33.834  -3.226  -3.863  -4.001  -2.468  -3.367  -3.998  -3.377  2.4415  2.7489  2.9202  -7.897  -8.897  -9.257  -0.288  -0.2617  -0.2637
2.5428  2.542  35.839  -3.327  -3.969  -4.113  -2.558  -3.47  -4.109  -3.48  2.4448  2.7544  2.9276  -7.897  -8.897  -9.257  -0.283  -0.2549  -0.2567
2.5429  2.543  36.843  -3.376  -4.019  -4.167  -2.601  -3.519  -4.163  -3.529  2.4469  2.7596  2.936  -7.897  -8.897  -9.257  -0.2785  -0.2532  -0.254
2.5432  2.543  34.503  -3.262  -3.9  -4.041  -2.5  -3.403  -4.037  -3.414  2.4425  2.765  2.9455  -7.897  -8.897  -9.257  -0.272  -0.236  -0.238
2.5435  2.543  32.244  -3.144  -3.776  -3.91  -2.395  -3.283  -3.907  -3.294  2.4391  2.7611  2.9414  -7.897  -8.897  -9.257  -0.2768  -0.2408  -0.2456
2.5438  2.543  30.259  -3.032  -3.659  -3.787  -2.295  -3.169  -3.783  -3.181  2.436  2.7577  2.9379  -7.897  -8.897  -9.257  -0.2768  -0.2408  -0.2456
2.5442  2.544  28.324  -2.917  -3.538  -3.66  -2.192  -3.051  -3.657  -3.064  2.432  2.7531  2.9331  -7.897  -8.897  -9.257  -0.2821  -0.2512  -0.2528
2.5447  2.544  26.379  -2.791  -3.406  -3.522  -2.08  -2.924  -3.519  -2.937  2.4291  2.75  2.9299  -7.897  -8.897  -9.257  -0.283  -0.2532  -0.254
2.5451  2.545  24.584  -2.664  -3.267  -3.379  -1.964  -2.791  -3.377  -2.807  2.4309  2.7527  2.9328  -7.897  -8.897  -9.257  -0.2812  -0.241  -0.2436
2.5454  2.545  23.145  -2.556  -3.151  -3.26  -1.867  -2.68  -3.257  -2.697  2.4317  2.7538  2.9339  -7.897  -8.897  -9.257  -0.2776  -0.241  -0.2388
2.5458  2.545  21.815  -2.449  -3.034  -3.141  -1.77  -2.57  -3.138  -2.587  2.4292  2.7508  2.9308  -7.897  -8.897  -9.257  -0.2785  -0.241  -0.24
2.5461  2.546  20.571  -2.343  -2.919  -3.023  -1.674  -2.46  -3.02  -2.479  2.4265  2.7477  2.9274  -7.897  -8.897  -9.257  -0.2806  -0.241  -0.2428
2.5464  2.546  19.398  -2.236  -2.803  -2.905  -1.577  -2.35  -2.902  -2.369  2.4235  2.7441  2.9234  -7.897  -8.897  -9.257  -0.283  -0.2416  -0.2464
2.5468  2.547  18.304  -2.129  -2.688  -2.787  -1.48  -2.24  -2.784  -2.26  2.4214  2.7417  2.9207  -7.897  -8.897  -9.257  -0.2806  -0.241  -0.2428
2.5472  2.547  17.28  -2.024  -2.575  -2.671  -1.384  -2.132  -2.668  -2.153  2.4068  2.7227  2.8966  -7.897  -8.897  -9.257  -0.2848  -0.2542  -0.2546
2.5476  2.547  16.321  -1.92  -2.462  -2.556  -1.289  -2.025  -2.553  -2.047  2.3977  2.7093  2.8783  -7.897  -8.897  -9.257  -0.2925  -0.2688  -0.2712
2.5481  2.548  15.426  -1.818  -2.351  -2.443  -1.196  -1.919  -2.441  -1.943  2.3831  2.691  2.8617  -7.897  -8.897  -9.293  -0.331  -0.3225  -0.3265
2.5487  2.548  14.587  -1.717  -2.242  -2.332  -1.104  -1.815  -2.329  -1.84  2.3647  2.6636  2.8256  -7.897  -8.897  -9.293  -0.3606  -0.3406  -0.3506
2.5495  2.549  13.72  -1.606  -2.121  -2.209  -1.004  -1.701  -2.206  -1.726  2.3267  2.6197  2.7786  -7.897  -8.897  -9.293  -0.3848  -0.3774  -0.3973
2.5507  2.55  12.81  -1.483  -1.987  -2.072  -0.893  -1.574  -2.069  -1.601  2.299  2.5859  2.7409  -7.897  -8.897  -9.293  -0.4045  -0.4079  -0.4278
2.5525  2.552  11.947  -1.361  -1.852  -1.934  -0.784  -1.448  -1.932  -1.475  2.2539  2.5327  2.6933  -7.897  -8.897  -9.293  -0.444  -0.455  -0.466
2.556  2.556  11.191  -1.253  -1.729  -1.808  -0.692  -1.335  -1.805  -1.364  2.227  2.4978  2.656  -7.897  -8.897  -9.293  -0.5944  -0.5969  -0.6171
2.5569  2.557  11.093  -1.238  -1.711  -1.789  -0.679  -1.319  -1.787  -1.348  2.2161  2.4843  2.6416  -7.897  -8.897  -9.293  -0.5956  -0.6056  -0.6232
2.5765  2.576  11.472  -1.309  -1.783  -1.862  -0.749  -1.39  -1.859  -1.419  2.324  2.6186  2.779  -7.973  -8.89  -9.297  -0.0201  0.0104  0.0113
2.6  2.6  11.936  -1.395  -1.869  -1.948  -0.835  -1.476  -1.945  -1.505  2.4714  2.7852  2.9624  -7.973  -8.89  -9.297  -0.0233  0.036  0.0167
2.6196  2.62  12.361  -1.472  -1.946  -2.025  -0.911  -1.553  -2.023  -1.582  2.4504  2.7128  2.8682  -7.991  -8.891  -9.195  -0.3808  -0.3611  -0.3702
2.6528  2.653  13.224  -1.612  -2.088  -2.168  -1.049  -1.694  -2.166  -1.723  2.2266  2.4284  2.565  -7.991  -8.93  -9.254  -0.8131  -0.8046  -0.9047
2.6827  2.683  14.124  -1.744  -2.225  -2.306  -1.175  -1.827  -2.304  -1.856  2.4631  2.7546  2.913  -7.902  -8.93  -9.316  -0.2555  -0.2288  -0.2315
2.6881  2.688  14.314  -1.768  -2.25  -2.332  -1.198  -1.852  -2.329  -1.88  2.4866  2.7793  2.9377  -7.902  -8.93  -9.316  -0.2519  -0.2238  -0.2311
2.7049  2.705  15.047  -1.858  -2.35  -2.433  -1.279  -1.945  -2.43  -1.973  2.5243  2.887  3.0708  -7.808  -8.879  -9.316  -0.2402  -0.191  -0.1925
2.7206  2.721  16.19  -1.982  -2.489  -2.576  -1.386  -2.075  -2.574  -2.1  2.3276  2.4908  2.6205  -8.23  -9.221  -9.568  -0.8405  -0.9515  -1.0071
2.7251  2.725  17.024  -2.066  -2.583  -2.673  -1.458  -2.161  -2.67  -2.187  2.3143  2.4664  2.5975  -8.23  -9.221  -9.568  -0.8686  -1.0483  -1.1381
2.7265  2.727  18.224  -2.18  -2.711  -2.804  -1.557  -2.281  -2.802  -2.304  2.3015  2.4489  2.578  -8.23  -9.221  -9.568  -0.9599  -1.1776  -1.2738
2.727  2.727  19.456  -2.294  -2.838  -2.934  -1.658  -2.399  -2.931  -2.422  2.2973  2.4431  2.5715  -8.23  -9.221  -9.568  -0.9838  -1.2018  -1.3244
2.7272  2.727  20.718  -2.405  -2.96  -3.059  -1.757  -2.514  -3.056  -2.535  2.2928  2.437  2.5646  -8.23  -9.221  -9.568  -1.0137  -1.2148  -1.3441
2.7273  2.727  21.725  -2.488  -3.051  -3.153  -1.831  -2.6  -3.15  -2.62  2.2926  2.4366  2.564  -8.23  -9.221  -9.568  -1.0116  -1.2143  -1.3418
2.7273  2.728  21.865  -2.499  -3.063  -3.165  -1.841  -2.612  -3.162  -2.632  2.2926  2.4366  2.564  -8.23  -9.221  -9.568  -1.0116  -1.2143  -1.3418
2.7273  2.728  22.869  -2.579  -3.15  -3.254  -1.913  -2.694  -3.252  -2.713  2.2917  2.4352  2.5625  -8.23  -9.221  -9.568  -1.0095  -1.2138  -1.3395
2.7274  2.728  24.113  -2.675  -3.255  -3.361  -1.999  -2.793  -3.359  -2.812  2.2913  2.4347  2.5618  -8.23  -9.221  -9.568  -1.0053  -1.2127  -1.3349
2.7275  2.728  25.238  -2.757  -3.345  -3.453  -2.073  -2.879  -3.451  -2.896  2.2933  2.4373  2.5646  -8.23  -9.221  -9.568  -0.9686  -1.1926  -1.3208
2.7278  2.728  24.618  -2.712  -3.295  -3.402  -2.032  -2.831  -3.399  -2.85  2.2907  2.4335  2.5604  -8.23  -9.221  -9.568  -0.999  -1.211  -1.328
2.7294  2.73  23.332  -2.616  -3.191  -3.296  -1.946  -2.733  -3.293  -2.752  2.2789  2.4175  2.5419  -8.23  -9.221  -9.568  -0.999  -1.211  -1.328
2.7309  2.731  24.777  -2.723  -3.308  -3.415  -2.043  -2.844  -3.413  -2.861  2.2826  2.4243  2.5494  -8.23  -9.221  -9.568  -0.8815  -1.111  -1.2391
2.7319  2.732  26.641  -2.853  -3.449  -3.561  -2.159  -2.978  -3.558  -2.994  2.2873  2.4296  2.5549  -8.23  -9.221  -9.568  -0.8424  -1.0582  -1.1651
2.7328  2.733  28.566  -2.977  -3.581  -3.698  -2.27  -3.104  -3.695  -3.12  2.2858  2.4281  2.5532  -8.23  -9.221  -9.568  -0.8416  -1.0558  -1.1634
2.7336  2.734  30.553  -3.094  -3.704  -3.827  -2.374  -3.224  -3.823  -3.238  2.2885  2.432  2.5576  -8.23  -9.221  -9.568  -0.7959  -1.0447  -1.1558
2.7342  2.734  32.859  -3.213  -3.834  -3.965  -2.475  -3.347  -3.961  -3.36  2.2831  2.4251  2.5502  -8.23  -9.221  -9.568  -0.8614  -1.1017  -1.2072
2.7348  2.735  35.372  -3.331  -3.963  -4.101  -2.576  -3.47  -4.098  -3.481  2.2792  2.42  2.5447  -8.23  -9.221  -9.568  -0.9331  -1.1315  -1.2586
2.7353  2.735  37.727  -3.445  -4.083  -4.228  -2.677  -3.586  -4.223  -3.597  2.2805  2.4217  2.5466  -8.23  -9.221  -9.568  -0.937  -1.133  -1.2645
2.7358  2.736  40.463  -3.56  -4.207  -4.36  -2.775  -3.704  -4.355  -3.714  2.2708  2.4083  2.532  -8.23  -9.221  -9.568  -1.055  -1.283  -1.4035
2.7362  2.736  43.138  -3.67  -4.322  -4.482  -2.872  -3.816  -4.477  -3.825  2.2681  2.4046  2.5278  -8.23  -9.221  -9.568  -1.1228  -1.3388  -1.467
2.7365  2.736  45.915  -3.779  -4.437  -4.603  -2.969  -3.928  -4.598  -3.936  2.2686  2.4051  2.528  -8.23  -9.221  -9.568  -1.1254  -1.3504  -1.469
2.7369  2.736  48.95  -3.888  -4.552  -4.725  -3.065  -4.039  -4.72  -4.046  2.2614  2.3942  2.5122  -8.23  -9.221  -9.568  -1.1364  -1.3914  -1.5429
2.7372  2.736  52.15  -4.0  -4.674  -4.852  -3.165  -4.156  -4.847  -4.161  2.2591  2.3892  2.5039  -8.23  -9.221  -9.568  -1.1202  -1.4082  -1.5552
2.7375  2.736  55.623  -4.112  -4.796  -4.98  -3.264  -4.273  -4.975  -4.276  2.2724  2.3894  2.5005  -8.23  -9.221  -9.568  -1.041  -1.3683  -1.5864
2.7377  2.736  59.327  -4.225  -4.919  -5.108  -3.364  -4.391  -5.103  -4.391  2.2707  2.3872  2.4979  -8.23  -9.221  -9.568  -1.041  -1.3652  -1.5762
2.738  2.736  63.307  -4.339  -5.043  -5.238  -3.464  -4.509  -5.232  -4.508  2.2704  2.3866  2.4972  -8.23  -9.221  -9.568  -0.965  -1.3069  -1.5489
2.7382  2.736  67.664  -4.454  -5.168  -5.369  -3.565  -4.629  -5.364  -4.625  2.2694  2.3851  2.4954  -8.23  -9.221  -9.568  -0.9605  -1.3026  -1.5451
2.7384  2.736  72.353  -4.57  -5.296  -5.503  -3.667  -4.75  -5.497  -4.745  2.2703  2.3867  2.4971  -8.23  -9.221  -9.568  -0.95  -1.276  -1.489
2.7386  2.736  77.527  -4.69  -5.426  -5.64  -3.771  -4.875  -5.634  -4.867  2.2694  2.3855  2.4958  -8.23  -9.221  -9.568  -0.9462  -1.2733  -1.4876
2.7388  2.736  83.302  -4.812  -5.56  -5.78  -3.877  -5.003  -5.774  -4.992  2.2636  2.3782  2.4878  -8.23  -9.221  -9.568  -0.9582  -1.297  -1.5332
2.7391  2.736  89.692  -4.939  -5.699  -5.927  -3.987  -5.136  -5.921  -5.123  2.2626  2.3769  2.4864  -8.23  -9.221  -9.568  -0.9577  -1.2956  -1.5303
2.7393  2.735  96.773  -5.071  -5.842  -6.077  -4.1  -5.274  -6.071  -5.258  2.2641  2.3792  2.4889  -8.23  -9.221  -9.568  -0.931  -1.2625  -1.482
2.7395  2.734  103.551  -5.186  -5.967  -6.21  -4.197  -5.394  -6.203  -5.375  2.2618  2.3764  2.4858  -8.23  -9.221  -9.568  -0.9234  -1.2571  -1.4792
2.7396  2.734  107.116  -5.245  -6.031  -6.277  -4.245  -5.455  -6.27  -5.436  2.2617  2.3762  2.4856  -8.23  -9.221  -9.568  -0.9196  -1.2544  -1.4778
2.7397  2.734  110.269  -5.295  -6.085  -6.334  -4.287  -5.507  -6.328  -5.487  2.267  2.3835  2.4936  -8.23  -9.221  -9.568  -0.7722  -1.1305  -1.3625
2.7397  2.733  114.197  -5.355  -6.15  -6.403  -4.337  -5.57  -6.397  -5.548  2.266  2.3823  2.4922  -8.23  -9.221  -9.568  -0.7713  -1.129  -1.3602
2.7398  2.733  119.469  -5.431  -6.233  -6.491  -4.4  -5.65  -6.484  -5.626  2.2655  2.3813  2.491  -8.23  -9.221  -9.568  -0.7694  -1.126  -1.3556
2.7398  2.733  126.315  -5.529  -6.338  -6.602  -4.477  -5.751  -6.595  -5.726  2.2634  2.3788  2.4884  -8.23  -9.221  -9.568  -0.8244  -1.168  -1.3956
2.7399  2.732  134.851  -5.64  -6.459  -6.73  -4.564  -5.867  -6.723  -5.839  2.263  2.3782  2.4876  -8.23  -9.221  -9.568  -0.8205  -1.1655  -1.3938
2.74  2.732  144.562  -5.758  -6.586  -6.864  -4.652  -5.989  -6.857  -5.96  2.2621  2.3771  2.4864  -8.23  -9.221  -9.568  -0.8165  -1.163  -1.392
2.7401  2.73  154.225  -5.869  -6.705  -6.992  -4.733  -6.105  -6.984  -6.073  2.2621  2.3771  2.4864  -8.23  -9.221  -9.568  -0.8165  -1.163  -1.392
2.7401  2.73  159.755  -5.929  -6.77  -7.061  -4.776  -6.167  -7.053  -6.134  2.2635  2.3791  2.4886  -8.23  -9.221  -9.568  -0.7685  -1.1245  -1.3533
2.7401  2.73  157.708  -5.907  -6.747  -7.036  -4.76  -6.145  -7.028  -6.112  2.2635  2.3791  2.4886  -8.23  -9.221  -9.568  -0.7685  -1.1245  -1.3533
2.7401  2.73  159.498  -5.926  -6.767  -7.057  -4.774  -6.164  -7.05  -6.131  2.2653  2.3816  2.4913  -8.23  -9.221  -9.568  -0.7316  -1.1044  -1.3104
2.7401  2.73  162.164  -5.955  -6.797  -7.09  -4.794  -6.194  -7.082  -6.161  2.2653  2.3816  2.4913  -8.23  -9.221  -9.568  -0.7316  -1.1044  -1.3104
2.7401  2.729  165.141  -5.985  -6.83  -7.124  -4.813  -6.225  -7.117  -6.192  2.2653  2.3816  2.4913  -8.23  -9.221  -9.568  -0.7316  -1.1044  -1.3104
2.7402  2.729  168.25  -6.017  -6.863  -7.16  -4.832  -6.257  -7.152  -6.224  2.2653  2.3816  2.4913  -8.23  -9.221  -9.568  -0.7316  -1.1044  -1.3104
2.7402  2.729  171.496  -6.051  -6.899  -7.199  -4.853  -6.292  -7.191  -6.258  2.2653  2.3816  2.4913  -8.23  -9.221  -9.568  -0.7316  -1.1044  -1.3104
2.7402  2.729  175.289  -6.088  -6.939  -7.242  -4.877  -6.331  -7.234  -6.296  2.2645  2.3805  2.4902  -8.23  -9.221  -9.568  -0.7283  -1.104  -1.3082
2.7402  2.729  184.993  -6.179  -7.037  -7.346  -4.934  -6.425  -7.337  -6.389  2.2645  2.3805  2.4902  -8.23  -9.221  -9.568  -0.7283  -1.104  -1.3082
2.7402  2.728  160.013  -5.931  -6.772  -7.063  -4.776  -6.169  -7.055  -6.136  2.2645  2.3805  2.4902  -8.23  -9.221  -9.568  -0.7283  -1.104  -1.3082
2.7402  2.728  161.122  -5.942  -6.784  -7.076  -4.784  -6.181  -7.068  -6.148  2.2645  2.3805  2.4902  -8.23  -9.221  -9.568  -0.7283  -1.104  -1.3082
2.7402  2.728  170.63  -6.038  -6.887  -7.186  -4.842  -6.28  -7.178  -6.246  2.2645  2.3805  2.4902  -8.23  -9.221  -9.568  -0.7283  -1.104  -1.3082
2.7402  2.728  171.892  -6.052  -6.902  -7.202  -4.85  -6.294  -7.194  -6.26  2.2645  2.3805  2.4902  -8.23  -9.221  -9.568  -0.7283  -1.104  -1.3082
2.7402  2.728  167.94  -6.012  -6.859  -7.156  -4.827  -6.253  -7.148  -6.219  2.2645  2.3805  2.4902  -8.23  -9.221  -9.568  -0.7283  -1.104  -1.3082
2.7402  2.728  161.122  -5.943  -6.785  -7.077  -4.785  -6.182  -7.069  -6.149  2.2645  2.3805  2.4902  -8.23  -9.221  -9.568  -0.7283  -1.104  -1.3082
2.7402  2.728  160.013  -5.931  -6.772  -7.063  -4.777  -6.169  -7.055  -6.136  2.2645  2.3805  2.4902  -8.23  -9.221  -9.568  -0.7283  -1.104  -1.3082
2.7402  2.728  162.763  -5.96  -6.803  -7.096  -4.796  -6.199  -7.088  -6.166  2.2645  2.3805  2.4902  -8.23  -9.221  -9.568  -0.7283  -1.104  -1.3082
2.7402  2.728  165.293  -5.986  -6.83  -7.125  -4.812  -6.226  -7.118  -6.192  2.2645  2.3805  2.4902  -8.23  -9.221  -9.568  -0.7283  -1.104  -1.3082
2.7402  2.728  163.552  -5.969  -6.813  -7.106  -4.802  -6.208  -7.098  -6.175  2.2645  2.3805  2.4902  -8.23  -9.221  -9.568  -0.7283  -1.104  -1.3082
2.7402  2.728  161.382  -5.947  -6.789  -7.081  -4.788  -6.186  -7.073  -6.153  2.2645  2.3805  2.4902  -8.23  -9.221  -9.568  -0.7283  -1.104  -1.3082
2.7402  2.728  161.122  -5.944  -6.786  -7.078  -4.787  -6.183  -7.07  -6.15  2.2645  2.3805  2.4902  -8.23  -9.221  -9.568  -0.7283  -1.104  -1.3082
2.7402  2.728  160.53  -5.937  -6.778  -7.069  -4.781  -6.175  -7.062  -6.142  2.2645  2.3805  2.4902  -8.23  -9.221  -9.568  -0.7283  -1.104  -1.3082
2.7402  2.728  160.604  -5.938  -6.78  -7.071  -4.782  -6.177  -7.064  -6.144  2.2645  2.3805  2.4902  -8.23  -9.221  -9.568  -0.7283  -1.104  -1.3082
2.7402  2.728  161.196  -5.944  -6.786  -7.078  -4.786  -6.183  -7.071  -6.15  2.2645  2.3805  2.4902  -8.23  -9.221  -9.568  -0.7283  -1.104  -1.3082
2.7402  2.728  161.717  -5.948  -6.791  -7.083  -4.789  -6.187  -7.075  -6.154  2.2645  2.3805  2.4902  -8.23  -9.221  -9.568  -0.7283  -1.104  -1.3082
2.7402  2.728  162.127  -5.953  -6.796  -7.088  -4.79  -6.192  -7.081  -6.159  2.2645  2.3805  2.4902  -8.23  -9.221  -9.568  -0.7283  -1.104  -1.3082
2.7402  2.728  168.832  -6.022  -6.869  -7.167  -4.833  -6.263  -7.159  -6.229  2.2645  2.3805  2.4902  -8.23  -9.221  -9.568  -0.7283  -1.104  -1.3082
2.7402  2.728  173.762  -6.072  -6.922  -7.224  -4.864  -6.314  -7.216  -6.28  2.2645  2.3805  2.4902  -8.23  -9.221  -9.568  -0.7283  -1.104  -1.3082
2.7402  2.728  176.952  -6.101  -6.954  -7.257  -4.883  -6.345  -7.249  -6.31  2.2645  2.3805  2.4902  -8.23  -9.221  -9.568  -0.7283  -1.104  -1.3082
2.7403  2.728  184.567  -6.174  -7.031  -7.34  -4.928  -6.42  -7.332  -6.384  2.2645  2.3805  2.4902  -8.23  -9.221  -9.568  -0.7283  -1.104  -1.3082
2.7403  2.727  196.451  -6.281  -7.144  -7.461  -4.983  -6.529  -7.453  -6.492  2.263  2.3784  2.4879  -8.23  -9.221  -9.568  -0.7675  -1.123  -1.351
2.7403  2.727  205.095  -6.354  -7.221  -7.544  -5.018  -6.603  -7.535  -6.567  2.263  2.3784  2.4879  -8.23  -9.221  -9.568  -0.7675  -1.123  -1.351
2.7403  2.726  212.988  -6.42  -7.291  -7.619  -5.05  -6.671  -7.61  -6.634  2.263  2.3784  2.4879  -8.23  -9.221  -9.568  -0.7675  -1.123  -1.351
2.7403  2.726  213.774  -6.426  -7.297  -7.626  -5.052  -6.677  -7.617  -6.64  2.263  2.3784  2.4879  -8.23  -9.221  -9.568  -0.7675  -1.123  -1.351
2.7403  2.726  205.473  -6.357  -7.225  -7.548  -5.016  -6.607  -7.54  -6.57  2.263  2.3784  2.4879  -8.23  -9.221  -9.568  -0.7675  -1.123  -1.351
2.7403  2.726  200.058  -6.31  -7.175  -7.495  -4.991  -6.559  -7.487  -6.522  2.263  2.3784  2.4879  -8.23  -9.221  -9.568  -0.7675  -1.123  -1.351
2.7403  2.726  208.908  -6.386  -7.255  -7.581  -5.032  -6.636  -7.572  -6.599  2.263  2.3784  2.4879  -8.23  -9.221  -9.568  -0.7675  -1.123  -1.351
2.7403  2.726  211.961  -6.41  -7.28  -7.608  -5.044  -6.661  -7.599  -6.623  2.263  2.3784  2.4879  -8.23  -9.221  -9.568  -0.7675  -1.123  -1.351
2.7403  2.726  214.218  -6.428  -7.299  -7.629  -5.053  -6.679  -7.62  -6.642  2.263  2.3784  2.4879  -8.23  -9.221  -9.568  -0.7675  -1.123  -1.351
2.7403  2.726  208.716  -6.383  -7.252  -7.577  -5.031  -6.633  -7.569  -6.596  2.263  2.3784  2.4879  -8.23  -9.221  -9.568  -0.7675  -1.123  -1.351
2.7403  2.726  180.865  -6.141  -6.996  -7.302  -4.908  -6.386  -7.294  -6.35  2.263  2.3784  2.4879  -8.23  -9.221  -9.568  -0.7675  -1.123  -1.351
2.7403  2.726  217.498  -6.453  -7.325  -7.657  -5.054  -6.704  -7.648  -6.667  2.263  2.3784  2.4879  -8.23  -9.221  -9.568  -0.7675  -1.123  -1.351
2.7403  2.726  224.468  -6.504  -7.379  -7.717  -5.06  -6.756  -7.707  -6.719  2.263  2.3784  2.4879  -8.23  -9.221  -9.568  -0.7675  -1.123  -1.351
2.7403  2.726  175.896  -6.092  -6.944  -7.247  -4.876  -6.335  -7.239  -6.3  2.263  2.3784  2.4879  -8.23  -9.221  -9.568  -0.7675  -1.123  -1.351
2.7403  2.726  166.784  -6.0  -6.846  -7.143  -4.819  -6.241  -7.135  -6.207  2.263  2.3784  2.4879  -8.23  -9.221  -9.568  -0.7675  -1.123  -1.351
2.7403  2.726  163.251  -5.963  -6.807  -7.101  -4.796  -6.203  -7.093  -6.169  2.263  2.3784  2.4879  -8.23  -9.221  -9.568  -0.7675  -1.123  -1.351
2.7403  2.726  165.179  -5.985  -6.83  -7.125  -4.81  -6.225  -7.117  -6.192  2.263  2.3784  2.4879  -8.23  -9.221  -9.568  -0.7675  -1.123  -1.351
2.7403  2.725  167.13  -6.006  -6.852  -7.148  -4.823  -6.246  -7.141  -6.213  2.263  2.3784  2.4879  -8.23  -9.221  -9.568  -0.7675  -1.123  -1.351
2.7403  2.725  176.017  -6.095  -6.947  -7.249  -4.879  -6.338  -7.241  -6.303  2.2604  2.3751  2.4843  -8.23  -9.221  -9.568  -0.8126  -1.1605  -1.3902
2.7403  2.725  180.117  -6.134  -6.988  -7.294  -4.905  -6.378  -7.286  -6.343  2.2604  2.3751  2.4843  -8.23  -9.221  -9.568  -0.8126  -1.1605  -1.3902
2.7403  2.725  178.096  -6.115  -6.968  -7.272  -4.892  -6.358  -7.264  -6.324  2.2604  2.3751  2.4843  -8.23  -9.221  -9.568  -0.8126  -1.1605  -1.3902
2.7403  2.725  191.582  -6.238  -7.099  -7.412  -4.962  -6.485  -7.404  -6.449  2.2604  2.3751  2.4843  -8.23  -9.221  -9.568  -0.8126  -1.1605  -1.3902
2.7404  2.724  217.348  -6.453  -7.325  -7.656  -5.062  -6.704  -7.647  -6.667  2.2604  2.3751  2.4843  -8.23  -9.221  -9.568  -0.8126  -1.1605  -1.3902
2.7404  2.722  235.752  -6.591  -7.469  -7.813  -5.096  -6.844  -7.804  -6.807  2.2604  2.3751  2.4843  -8.23  -9.221  -9.568  -0.8126  -1.1605  -1.3902
2.7404  2.722  235.752  -6.591  -7.469  -7.813  -5.096  -6.844  -7.804  -6.807  2.2604  2.3751  2.4843  -8.23  -9.221  -9.568  -0.8126  -1.1605  -1.3902
2.7404  2.722  200.75  -6.332  -7.193  -7.511  -5.038  -6.579  -7.502  -6.543  2.2604  2.3751  2.4843  -8.23  -9.221  -9.568  -0.8126  -1.1605  -1.3902
2.7404  2.722  151.829  -5.854  -6.684  -6.966  -4.739  -6.087  -6.959  -6.056  2.2604  2.3751  2.4843  -8.23  -9.221  -9.568  -0.8126  -1.1605  -1.3902
2.7404  2.722  129.049  -5.583  -6.388  -6.652  -4.536  -5.803  -6.645  -5.779  2.2604  2.3751  2.4843  -8.23  -9.221  -9.568  -0.8126  -1.1605  -1.3902
2.7404  2.722  137.707  -5.691  -6.506  -6.777  -4.618  -5.916  -6.77  -5.889  2.2604  2.3751  2.4843  -8.23  -9.221  -9.568  -0.8126  -1.1605  -1.3902
2.7404  2.721  162.351  -5.969  -6.807  -7.098  -4.818  -6.206  -7.09  -6.174  2.2596  2.3742  2.4832  -8.23  -9.221  -9.568  -0.8086  -1.158  -1.3884
2.7404  2.721  193.043  -6.262  -7.12  -7.433  -5.0  -6.508  -7.424  -6.472  2.257  2.3707  2.4795  -8.23  -9.221  -9.568  -0.8623  -1.1999  -1.4278
2.7404  2.72  218.2  -6.473  -7.342  -7.672  -5.103  -6.723  -7.663  -6.686  2.257  2.3707  2.4795  -8.23  -9.221  -9.568  -0.8623  -1.1999  -1.4278
2.7404  2.72  232.946  -6.584  -7.458  -7.798  -5.135  -6.836  -7.788  -6.798  2.257  2.3707  2.4795  -8.23  -9.221  -9.568  -0.8623  -1.1999  -1.4278
2.7404  2.719  239.472  -6.63  -7.507  -7.851  -5.145  -6.882  -7.841  -6.845  2.257  2.3707  2.4795  -8.23  -9.221  -9.568  -0.8623  -1.1999  -1.4278
2.7405  2.718  242.636  -6.651  -7.529  -7.876  -5.147  -6.904  -7.866  -6.867  2.257  2.3707  2.4795  -8.23  -9.221  -9.568  -0.8623  -1.1999  -1.4278
2.7405  2.718  258.675  -6.76  -7.643  -8.0  -5.167  -7.014  -7.99  -6.977  2.257  2.3707  2.4795  -8.23  -9.221  -9.568  -0.8623  -1.1999  -1.4278
2.7405  2.718  209.776  -6.403  -7.269  -7.594  -5.062  -6.652  -7.585  -6.615  2.257  2.3707  2.4795  -8.23  -9.221  -9.568  -0.8623  -1.1999  -1.4278
2.7405  2.718  160.013  -5.939  -6.778  -7.067  -4.792  -6.176  -7.06  -6.144  2.257  2.3707  2.4795  -8.23  -9.221  -9.568  -0.8623  -1.1999  -1.4278
2.7405  2.718  136.005  -5.666  -6.481  -6.751  -4.594  -5.891  -6.744  -5.864  2.257  2.3707  2.4795  -8.23  -9.221  -9.568  -0.8623  -1.1999  -1.4278
2.7405  2.717  145.062  -5.773  -6.598  -6.876  -4.675  -6.003  -6.869  -5.974  2.257  2.3707  2.4795  -8.23  -9.221  -9.568  -0.8623  -1.1999  -1.4278
2.7405  2.717  170.748  -6.05  -6.896  -7.193  -4.863  -6.29  -7.186  -6.257  2.257  2.3707  2.4795  -8.23  -9.221  -9.568  -0.8623  -1.1999  -1.4278
2.7405  2.716  202.281  -6.339  -7.203  -7.522  -5.028  -6.587  -7.514  -6.551  2.257  2.3707  2.4795  -8.23  -9.221  -9.568  -0.8623  -1.1999  -1.4278
2.7405  2.716  228.168  -6.546  -7.419  -7.757  -5.113  -6.797  -7.747  -6.76  2.257  2.3707  2.4795  -8.23  -9.221  -9.568  -0.8623  -1.1999  -1.4278
2.7405  2.715  243.363  -6.654  -7.532  -7.88  -5.142  -6.907  -7.87  -6.87  2.257  2.3707  2.4795  -8.23  -9.221  -9.568  -0.8623  -1.1999  -1.4278
2.7405  2.714  249.894  -6.698  -7.579  -7.931  -5.152  -6.952  -7.921  -6.914  2.2583  2.3727  2.4817  -8.23  -9.221  -9.568  -0.817  -1.158  -1.3884
2.7405  2.712  252.962  -6.719  -7.601  -7.955  -5.152  -6.973  -7.945  -6.936  2.2585  2.3731  2.4822  -8.23  -9.221  -9.568  -0.8203  -1.1605  -1.3902
2.7405  2.712  272.117  -6.842  -7.729  -8.094  -5.153  -7.095  -8.084  -7.06  2.2585  2.3731  2.4822  -8.23  -9.221  -9.568  -0.8203  -1.1605  -1.3902
2.7405  2.712  220.574  -6.486  -7.358  -7.69  -5.091  -6.737  -7.681  -6.7  2.2585  2.3731  2.4822  -8.23  -9.221  -9.568  -0.8203  -1.1605  -1.3902
2.7405  2.712  168.521  -6.026  -6.871  -7.167  -4.844  -6.266  -7.16  -6.233  2.2585  2.3731  2.4822  -8.23  -9.221  -9.568  -0.8203  -1.1605  -1.3902
2.7405  2.712  143.237  -5.749  -6.573  -6.85  -4.654  -5.979  -6.843  -5.95  2.2585  2.3731  2.4822  -8.23  -9.221  -9.568  -0.8203  -1.1605  -1.3902
2.7405  2.711  152.67  -5.856  -6.69  -6.974  -4.729  -6.091  -6.967  -6.06  2.2585  2.3731  2.4822  -8.23  -9.221  -9.568  -0.8203  -1.1605  -1.3902
2.7406  2.711  179.413  -6.129  -6.982  -7.287  -4.906  -6.373  -7.279  -6.338  2.2585  2.3731  2.4822  -8.23  -9.221  -9.568  -0.8203  -1.1605  -1.3902
2.7406  2.71  211.717  -6.413  -7.282  -7.609  -5.053  -6.663  -7.6  -6.626  2.2585  2.3731  2.4822  -8.23  -9.221  -9.568  -0.8203  -1.1605  -1.3902
2.7406  2.709  238.372  -6.613  -7.492  -7.837  -5.112  -6.866  -7.827  -6.829  2.2585  2.3731  2.4822  -8.23  -9.221  -9.568  -0.8203  -1.1605  -1.3902
2.7406  2.707  253.662  -6.717  -7.6  -7.956  -5.126  -6.971  -7.946  -6.934  2.2583  2.3728  2.4818  -8.23  -9.221  -9.568  -0.817  -1.158  -1.3884
2.7406  2.706  260.169  -6.759  -7.644  -8.004  -5.119  -7.012  -7.994  -6.976  2.2583  2.3728  2.4818  -8.23  -9.221  -9.568  -0.817  -1.158  -1.3884
2.7406  2.704  263.181  -6.777  -7.663  -8.026  -5.113  -7.03  -8.015  -6.995  2.2583  2.3728  2.4818  -8.23  -9.221  -9.568  -0.817  -1.158  -1.3884
2.7406  2.704  285.993  -6.919  -7.81  -8.187  -5.11  -7.172  -8.175  -7.138  2.2583  2.3728  2.4818  -8.23  -9.221  -9.568  -0.817  -1.158  -1.3884
2.7406  2.704  232.089  -6.565  -7.442  -7.784  -5.085  -6.817  -7.774  -6.78  2.2583  2.3728  2.4818  -8.23  -9.221  -9.568  -0.817  -1.158  -1.3884
2.7406  2.704  177.728  -6.108  -6.962  -7.267  -4.883  -6.352  -7.259  -6.317  2.2583  2.3728  2.4818  -8.23  -9.221  -9.568  -0.817  -1.158  -1.3884
2.7406  2.703  150.853  -5.829  -6.663  -6.947  -4.702  -6.064  -6.94  -6.033  2.2583  2.3728  2.4818  -8.23  -9.221  -9.568  -0.817  -1.158  -1.3884
2.7406  2.702  160.715  -5.937  -6.779  -7.071  -4.778  -6.175  -7.063  -6.143  2.2583  2.3728  2.4818  -8.23  -9.221  -9.568  -0.817  -1.158  -1.3884
2.7406  2.702  188.259  -6.205  -7.065  -7.378  -4.939  -6.452  -7.369  -6.416  2.2583  2.3728  2.4818  -8.23  -9.221  -9.568  -0.817  -1.158  -1.3884
2.7407  2.701  221.338  -6.483  -7.357  -7.692  -5.061  -6.735  -7.683  -6.697  2.2583  2.3728  2.4818  -8.23  -9.221  -9.568  -0.817  -1.158  -1.3884
2.7407  2.699  248.173  -6.677  -7.56  -7.914  -5.109  -6.932  -7.904  -6.894  2.2583  2.3728  2.4818  -8.23  -9.221  -9.568  -0.817  -1.158  -1.3884
2.7407  2.698  263.545  -6.779  -7.666  -8.029  -5.108  -7.032  -8.018  -6.997  2.2583  2.3728  2.4818  -8.23  -9.221  -9.568  -0.817  -1.158  -1.3884
2.7407  2.696  270.243  -6.82  -7.709  -8.076  -5.106  -7.073  -8.065  -7.039  2.2583  2.3728  2.4818  -8.23  -9.221  -9.568  -0.817  -1.158  -1.3884
2.7407  2.694  273.121  -6.839  -7.728  -8.098  -5.106  -7.092  -8.086  -7.058  2.2583  2.3728  2.4818  -8.23  -9.221  -9.568  -0.817  -1.158  -1.3884
2.7407  2.694  300.577  -7.001  -7.896  -8.281  -5.094  -7.251  -8.268  -7.221  2.2583  2.3728  2.4818  -8.23  -9.221  -9.568  -0.817  -1.158  -1.3884
2.7407  2.694  244.093  -6.648  -7.529  -7.88  -5.104  -6.902  -7.87  -6.864  2.2583  2.3728  2.4818  -8.23  -9.221  -9.568  -0.817  -1.158  -1.3884
2.7407  2.693  187.351  -6.197  -7.057  -7.368  -4.935  -6.444  -7.36  -6.408  2.2583  2.3728  2.4818  -8.23  -9.221  -9.568  -0.817  -1.158  -1.3884
2.7407  2.693  158.692  -5.916  -6.756  -7.046  -4.763  -6.153  -7.039  -6.121  2.2583  2.3728  2.4818  -8.23  -9.221  -9.568  -0.817  -1.158  -1.3884
2.7407  2.692  169.143  -6.023  -6.871  -7.17  -4.831  -6.265  -7.162  -6.23  2.2576  2.3719  2.4808  -8.23  -9.221  -9.568  -0.8137  -1.1555  -1.3866
2.7407  2.691  197.677  -6.287  -7.152  -7.471  -4.976  -6.536  -7.463  -6.499  2.2576  2.3719  2.4808  -8.23  -9.221  -9.568  -0.8137  -1.1555  -1.3866
2.7408  2.689  231.502  -6.557  -7.435  -7.777  -5.074  -6.81  -7.768  -6.773  2.2576  2.3719  2.4808  -8.23  -9.221  -9.568  -0.8137  -1.1555  -1.3866
2.7408  2.687  258.973  -6.745  -7.631  -7.992  -5.094  -6.999  -7.982  -6.963  2.2576  2.3719  2.4808  -8.23  -9.221  -9.568  -0.8137  -1.1555  -1.3866
2.7408  2.685  274.255  -6.843  -7.733  -8.104  -5.088  -7.096  -8.093  -7.062  2.2576  2.3719  2.4808  -8.23  -9.221  -9.568  -0.8137  -1.1555  -1.3866
2.7408  2.683  281.161  -6.883  -7.775  -8.151  -5.082  -7.136  -8.139  -7.102  2.2576  2.3719  2.4808  -8.23  -9.221  -9.568  -0.8137  -1.1555  -1.3866
2.7408  2.68  284.417  -6.902  -7.795  -8.172  -5.075  -7.155  -8.161  -7.122  2.2576  2.3719  2.4808  -8.23  -9.221  -9.568  -0.8137  -1.1555  -1.3866
2.7408  2.68  317.216  -7.084  -7.984  -8.381  -5.049  -7.334  -8.367  -7.306  2.2576  2.3719  2.4808  -8.23  -9.221  -9.568  -0.8137  -1.1555  -1.3866
2.7408  2.68  257.783  -6.735  -7.621  -7.982  -5.082  -6.988  -7.972  -6.953  2.2576  2.3719  2.4808  -8.23  -9.221  -9.568  -0.8137  -1.1555  -1.3866
2.7408  2.679  198.315  -6.29  -7.156  -7.476  -4.97  -6.539  -7.467  -6.502  2.2576  2.3719  2.4808  -8.23  -9.221  -9.568  -0.8137  -1.1555  -1.3866
2.7408  2.679  167.631  -6.005  -6.853  -7.151  -4.814  -6.246  -7.143  -6.212  2.2576  2.3719  2.4808  -8.23  -9.221  -9.568  -0.8137  -1.1555  -1.3866
2.7408  2.678  178.589  -6.111  -6.967  -7.273  -4.878  -6.356  -7.265  -6.321  2.2576  2.3719  2.4808  -8.23  -9.221  -9.568  -0.8137  -1.1555  -1.3866
2.7408  2.676  207.805  -6.369  -7.239  -7.566  -5.007  -6.62  -7.557  -6.582  2.2576  2.3719  2.4808  -8.23  -9.221  -9.568  -0.8137  -1.1555  -1.3866
2.7409  2.674  242.301  -6.628  -7.51  -7.862  -5.078  -6.883  -7.852  -6.845  2.2576  2.3719  2.4808  -8.23  -9.221  -9.568  -0.8137  -1.1555  -1.3866
2.7409  2.672  269.622  -6.808  -7.698  -8.067  -5.071  -7.061  -8.056  -7.027  2.2576  2.3719  2.4808  -8.23  -9.221  -9.568  -0.8137  -1.1555  -1.3866
2.7409  2.67  284.613  -6.901  -7.794  -8.172  -5.062  -7.153  -8.16  -7.121  2.2576  2.3719  2.4808  -8.23  -9.221  -9.568  -0.8137  -1.1555  -1.3866
2.7409  2.667  291.176  -6.937  -7.832  -8.214  -5.054  -7.189  -8.202  -7.157  2.2589  2.3738  2.483  -8.23  -9.221  -9.568  -0.817  -1.12  -1.3464
2.7409  2.663  294.073  -6.954  -7.849  -8.233  -5.049  -7.205  -8.221  -7.174  2.2589  2.3738  2.483  -8.23  -9.221  -9.568  -0.817  -1.12  -1.3464
2.7409  2.663  332.319  -7.155  -8.06  -8.465  -5.015  -7.403  -8.45  -7.378  2.2589  2.3738  2.483  -8.23  -9.221  -9.568  -0.817  -1.12  -1.3464
2.7409  2.663  270.119  -6.81  -7.7  -8.07  -5.063  -7.063  -8.059  -7.029  2.2589  2.3738  2.483  -8.23  -9.221  -9.568  -0.817  -1.12  -1.3464
2.7409  2.662  208.284  -6.372  -7.242  -7.57  -5.004  -6.623  -7.561  -6.585  2.2589  2.3738  2.483  -8.23  -9.221  -9.568  -0.817  -1.12  -1.3464
2.7409  2.662  175.815  -6.084  -6.937  -7.242  -4.859  -6.328  -7.234  -6.293  2.2589  2.3738  2.483  -8.23  -9.221  -9.568  -0.817  -1.12  -1.3464
2.7409  2.661  187.092  -6.189  -7.05  -7.363  -4.917  -6.436  -7.354  -6.4  2.2589  2.3738  2.483  -8.23  -9.221  -9.568  -0.817  -1.12  -1.3464
2.7409  2.659  217.098  -6.441  -7.314  -7.649  -5.024  -6.692  -7.639  -6.655  2.2589  2.3738  2.483  -8.23  -9.221  -9.568  -0.817  -1.12  -1.3464
2.7409  2.657  251.51  -6.69  -7.576  -7.934  -5.064  -6.945  -7.924  -6.908  2.2589  2.3738  2.483  -8.23  -9.221  -9.568  -0.817  -1.12  -1.3464
2.741  2.655  278.968  -6.864  -7.756  -8.132  -5.054  -7.117  -8.12  -7.083  2.2589  2.3738  2.483  -8.23  -9.221  -9.568  -0.817  -1.12  -1.3464
2.741  2.652  294.005  -6.952  -7.847  -8.232  -5.04  -7.203  -8.219  -7.172  2.2589  2.3738  2.483  -8.23  -9.221  -9.568  -0.817  -1.12  -1.3464
2.741  2.648  300.3  -6.987  -7.884  -8.273  -5.032  -7.237  -8.259  -7.208  2.2589  2.3738  2.483  -8.23  -9.221  -9.568  -0.817  -1.12  -1.3464
2.741  2.645  303.148  -7.002  -7.9  -8.291  -5.027  -7.252  -8.277  -7.223  2.2589  2.3738  2.483  -8.23  -9.221  -9.568  -0.817  -1.12  -1.3464
2.741  2.645  346.382  -7.218  -8.129  -8.543  -4.984  -7.465  -8.527  -7.443  2.2589  2.3738  2.483  -8.23  -9.221  -9.568  -0.817  -1.12  -1.3464
2.741  2.644  281.874  -6.88  -7.773  -8.151  -5.047  -7.133  -8.139  -7.1  2.2589  2.3738  2.483  -8.23  -9.221  -9.568  -0.817  -1.12  -1.3464
2.741  2.644  217.999  -6.447  -7.321  -7.657  -5.022  -6.699  -7.647  -6.661  2.2582  2.373  2.4821  -8.23  -9.221  -9.568  -0.8137  -1.1185  -1.3441
2.741  2.643  183.508  -6.156  -7.015  -7.326  -4.901  -6.403  -7.317  -6.366  2.2582  2.373  2.4821  -8.23  -9.221  -9.568  -0.8137  -1.1185  -1.3441
2.741  2.641  195.279  -6.261  -7.126  -7.445  -4.949  -6.51  -7.437  -6.473  2.2582  2.373  2.4821  -8.23  -9.221  -9.568  -0.8137  -1.1185  -1.3441
2.741  2.639  225.868  -6.507  -7.384  -7.725  -5.034  -6.76  -7.716  -6.722  2.2582  2.373  2.4821  -8.23  -9.221  -9.568  -0.8137  -1.1185  -1.3441
2.741  2.637  260.949  -6.749  -7.638  -8.003  -5.05  -7.003  -7.992  -6.968  2.2582  2.373  2.4821  -8.23  -9.221  -9.568  -0.8137  -1.1185  -1.3441
2.7411  2.634  288.307  -6.916  -7.811  -8.193  -5.032  -7.168  -8.181  -7.136  2.2582  2.373  2.4821  -8.23  -9.221  -9.568  -0.8137  -1.1185  -1.3441
2.7411  2.631  303.358  -7.0  -7.899  -8.29  -5.014  -7.25  -8.276  -7.221  2.2582  2.373  2.4821  -8.23  -9.221  -9.568  -0.8137  -1.1185  -1.3441
2.7411  2.627  309.853  -7.034  -7.934  -8.329  -5.004  -7.283  -8.315  -7.256  2.2582  2.373  2.4821  -8.23  -9.221  -9.568  -0.8137  -1.1185  -1.3441
2.7411  2.622  312.792  -7.048  -7.95  -8.346  -4.997  -7.298  -8.332  -7.27  2.2582  2.373  2.4821  -8.23  -9.221  -9.568  -0.8137  -1.1185  -1.3441
2.7411  2.622  360.957  -7.275  -8.193  -8.618  -4.94  -7.52  -8.6  -7.502  2.2582  2.373  2.4821  -8.23  -9.221  -9.568  -0.8137  -1.1185  -1.3441
2.7411  2.622  293.938  -6.946  -7.842  -8.228  -5.017  -7.197  -8.215  -7.166  2.2582  2.373  2.4821  -8.23  -9.221  -9.568  -0.8137  -1.1185  -1.3441
2.7411  2.621  227.591  -6.518  -7.396  -7.739  -5.029  -6.771  -7.73  -6.734  2.2582  2.373  2.4821  -8.23  -9.221  -9.568  -0.8137  -1.1185  -1.3441
2.7411  2.62  191.318  -6.225  -7.088  -7.405  -4.927  -6.473  -7.396  -6.436  2.2582  2.373  2.4821  -8.23  -9.221  -9.568  -0.8137  -1.1185  -1.3441
2.7411  2.619  203.449  -6.328  -7.197  -7.523  -4.974  -6.579  -7.514  -6.541  2.2582  2.373  2.4821  -8.23  -9.221  -9.568  -0.8137  -1.1185  -1.3441
2.7411  2.617  234.561  -6.568  -7.449  -7.797  -5.038  -6.822  -7.787  -6.784  2.2582  2.373  2.4821  -8.23  -9.221  -9.568  -0.8137  -1.1185  -1.3441
2.7411  2.614  269.808  -6.802  -7.694  -8.066  -5.031  -7.055  -8.054  -7.021  2.2582  2.373  2.4821  -8.23  -9.221  -9.568  -0.8137  -1.1185  -1.3441
2.7411  2.611  297.136  -6.962  -7.86  -8.248  -5.005  -7.213  -8.235  -7.183  2.2582  2.373  2.4821  -8.23  -9.221  -9.568  -0.8137  -1.1185  -1.3441
2.7412  2.607  312.0  -7.042  -7.944  -8.341  -4.985  -7.291  -8.327  -7.264  2.2582  2.373  2.4821  -8.23  -9.221  -9.568  -0.8137  -1.1185  -1.3441
2.7412  2.603  317.947  -7.073  -7.976  -8.376  -4.976  -7.321  -8.362  -7.295  2.2582  2.373  2.4821  -8.23  -9.221  -9.568  -0.8137  -1.1185  -1.3441
2.7412  2.598  320.815  -7.085  -7.989  -8.391  -4.97  -7.333  -8.376  -7.308  2.2582  2.373  2.4821  -8.23  -9.221  -9.568  -0.8137  -1.1185  -1.3441
2.7412  2.598  373.555  -7.319  -8.243  -8.678  -4.916  -7.563  -8.657  -7.547  2.2582  2.373  2.4821  -8.23  -9.221  -9.568  -0.8137  -1.1185  -1.3441
2.7412  2.598  304.057  -6.999  -7.899  -8.292  -4.986  -7.249  -8.278  -7.221  2.2582  2.373  2.4821  -8.23  -9.221  -9.568  -0.8137  -1.1185  -1.3441
2.7412  2.597  236.078  -6.576  -7.457  -7.808  -5.032  -6.83  -7.798  -6.792  2.2582  2.373  2.4821  -8.23  -9.221  -9.568  -0.8137  -1.1185  -1.3441
2.7412  2.596  198.178  -6.281  -7.148  -7.471  -4.947  -6.53  -7.462  -6.494  2.2582  2.373  2.4821  -8.23  -9.221  -9.568  -0.8137  -1.1185  -1.3441
2.7412  2.594  210.744  -6.384  -7.257  -7.588  -4.988  -6.635  -7.579  -6.598  2.2582  2.373  2.4821  -8.23  -9.221  -9.568  -0.8137  -1.1185  -1.3441
2.7412  2.592  242.413  -6.619  -7.502  -7.857  -5.028  -6.873  -7.847  -6.836  2.2582  2.373  2.4821  -8.23  -9.221  -9.568  -0.8137  -1.1185  -1.3441
2.7412  2.589  278.071  -6.847  -7.741  -8.119  -5.007  -7.1  -8.107  -7.067  2.2582  2.373  2.4821  -8.23  -9.221  -9.568  -0.8137  -1.1185  -1.3441
2.7412  2.585  305.25  -7.002  -7.902  -8.297  -4.974  -7.252  -8.283  -7.224  2.2595  2.3749  2.4841  -8.23  -9.221  -9.568  -0.817  -1.1026  -1.3016
2.7412  2.581  319.783  -7.078  -7.983  -8.385  -4.956  -7.326  -8.37  -7.301  2.2595  2.3749  2.4841  -8.23  -9.221  -9.568  -0.817  -1.1026  -1.3016
2.7413  2.576  325.728  -7.107  -8.013  -8.419  -4.946  -7.355  -8.404  -7.33  2.2621  2.3783  2.4878  -8.23  -9.221  -9.568  -0.7833  -1.0726  -1.2626
2.7413  2.57  328.439  -7.119  -8.026  -8.434  -4.938  -7.366  -8.418  -7.342  2.2621  2.3783  2.4878  -8.23  -9.221  -9.568  -0.7833  -1.0726  -1.2626
2.7413  2.57  385.882  -7.36  -8.29  -8.734  -4.889  -7.603  -8.711  -7.59  2.2621  2.3783  2.4878  -8.23  -9.221  -9.568  -0.7833  -1.0726  -1.2626
2.7413  2.569  314.308  -7.048  -7.951  -8.351  -4.952  -7.296  -8.336  -7.27  2.2621  2.3783  2.4878  -8.23  -9.221  -9.568  -0.7833  -1.0726  -1.2626
2.7413  2.569  244.205  -6.629  -7.514  -7.871  -5.013  -6.883  -7.861  -6.846  2.2621  2.3783  2.4878  -8.23  -9.221  -9.568  -0.7833  -1.0726  -1.2626
2.7413  2.567  204.576  -6.333  -7.204  -7.532  -4.963  -6.584  -7.523  -6.547  2.2621  2.3783  2.4878  -8.23  -9.221  -9.568  -0.7833  -1.0726  -1.2626
2.7413  2.565  217.548  -6.435  -7.311  -7.649  -4.988  -6.687  -7.639  -6.65  2.2621  2.3783  2.4878  -8.23  -9.221  -9.568  -0.7833  -1.0726  -1.2626
2.7413  2.563  249.951  -6.665  -7.552  -7.913  -5.006  -6.919  -7.903  -6.883  2.2638  2.3806  2.4904  -8.23  -9.221  -9.568  -0.7675  -1.029  -1.2195
2.7413  2.559  285.795  -6.888  -7.784  -8.168  -4.977  -7.14  -8.156  -7.108  2.2632  2.3799  2.4896  -8.23  -9.221  -9.568  -0.7666  -1.0268  -1.217
2.7413  2.555  312.864  -7.038  -7.941  -8.341  -4.943  -7.286  -8.326  -7.26  2.2632  2.3799  2.4896  -8.23  -9.221  -9.568  -0.7666  -1.0268  -1.217
2.7413  2.55  327.608  -7.111  -8.018  -8.426  -4.924  -7.358  -8.41  -7.334  2.2632  2.3799  2.4896  -8.23  -9.221  -9.568  -0.7666  -1.0268  -1.217
2.7413  2.545  333.315  -7.138  -8.048  -8.459  -4.912  -7.384  -8.442  -7.362  2.2632  2.3799  2.4896  -8.23  -9.221  -9.568  -0.7666  -1.0268  -1.217
2.7414  2.538  335.935  -7.149  -8.059  -8.472  -4.904  -7.395  -8.455  -7.373  2.2632  2.3799  2.4896  -8.23  -9.221  -9.568  -0.7666  -1.0268  -1.217
2.7414  2.538  397.333  -7.392  -8.33  -8.785  -4.851  -7.633  -8.76  -7.624  2.2632  2.3799  2.4896  -8.23  -9.221  -9.568  -0.7666  -1.0268  -1.217
2.7414  2.537  323.858  -7.092  -7.998  -8.404  -4.919  -7.339  -8.388  -7.315  2.2632  2.3799  2.4896  -8.23  -9.221  -9.568  -0.7666  -1.0268  -1.217
2.7414  2.536  252.09  -6.677  -7.566  -7.929  -4.99  -6.931  -7.919  -6.896  2.2632  2.3799  2.4896  -8.23  -9.221  -9.568  -0.7666  -1.0268  -1.217
2.7414  2.535  210.987  -6.38  -7.254  -7.588  -4.965  -6.632  -7.578  -6.594  2.2632  2.3799  2.4896  -8.23  -9.221  -9.568  -0.7666  -1.0268  -1.217
2.7414  2.532  224.21  -6.482  -7.36  -7.705  -4.985  -6.735  -7.695  -6.698  2.2636  2.3805  2.4903  -8.23  -9.221  -9.568  -0.7675  -1.029  -1.2195
2.7414  2.529  256.895  -6.708  -7.598  -7.965  -4.983  -6.962  -7.954  -6.927  2.2636  2.3805  2.4903  -8.23  -9.221  -9.568  -0.7675  -1.029  -1.2195
2.7414  2.526  293.262  -6.927  -7.826  -8.215  -4.944  -7.177  -8.202  -7.148  2.2641  2.3814  2.4913  -8.23  -9.221  -9.568  -0.7685  -1.0312  -1.2221
2.7414  2.521  320.668  -7.072  -7.978  -8.383  -4.911  -7.319  -8.367  -7.295  2.2641  2.3814  2.4913  -8.23  -9.221  -9.568  -0.7685  -1.0312  -1.2221
2.7414  2.516  335.394  -7.142  -8.053  -8.467  -4.888  -7.388  -8.45  -7.367  2.2641  2.3814  2.4913  -8.23  -9.221  -9.568  -0.7685  -1.0312  -1.2221
2.7414  2.509  341.079  -7.169  -8.082  -8.499  -4.875  -7.414  -8.482  -7.394  2.2641  2.3814  2.4913  -8.23  -9.221  -9.568  -0.7685  -1.0312  -1.2221
2.7414  2.502  343.918  -7.18  -8.094  -8.513  -4.866  -7.424  -8.495  -7.405  2.2641  2.3814  2.4913  -8.23  -9.221  -9.568  -0.7685  -1.0312  -1.2221
2.7414  2.501  409.784  -7.422  -8.369  -8.834  -4.82  -7.662  -8.806  -7.657  2.2641  2.3814  2.4913  -8.23  -9.221  -9.568  -0.7685  -1.0312  -1.2221
2.7414  2.501  333.853  -7.135  -8.046  -8.459  -4.88  -7.381  -8.442  -7.36  2.2641  2.3814  2.4913  -8.23  -9.221  -9.568  -0.7685  -1.0312  -1.2221
2.7414  2.5  260.169  -6.726  -7.617  -7.988  -4.964  -6.98  -7.977  -6.945  2.2641  2.3814  2.4913  -8.23  -9.221  -9.568  -0.7685  -1.0312  -1.2221
2.7414  2.498  217.648  -6.428  -7.304  -7.645  -4.962  -6.68  -7.635  -6.643  2.2641  2.3814  2.4913  -8.23  -9.221  -9.568  -0.7685  -1.0312  -1.2221
2.7414  2.495  231.183  -6.529  -7.411  -7.762  -4.98  -6.783  -7.752  -6.746  2.2641  2.3814  2.4913  -8.23  -9.221  -9.568  -0.7685  -1.0312  -1.2221
2.7414  2.492  264.701  -6.753  -7.645  -8.019  -4.956  -7.006  -8.008  -6.972  2.2641  2.3814  2.4913  -8.23  -9.221  -9.568  -0.7685  -1.0312  -1.2221
2.7415  2.487  301.339  -6.966  -7.868  -8.265  -4.907  -7.216  -8.25  -7.188  2.2641  2.3814  2.4913  -8.23  -9.221  -9.568  -0.7685  -1.0312  -1.2221
2.7415  2.482  328.969  -7.108  -8.017  -8.428  -4.873  -7.354  -8.411  -7.332  2.2641  2.3814  2.4913  -8.23  -9.221  -9.568  -0.7685  -1.0312  -1.2221
2.7415  2.476  343.681  -7.176  -8.091  -8.51  -4.848  -7.42  -8.492  -7.402  2.2635  2.3807  2.4905  -8.23  -9.221  -9.568  -0.7675  -1.029  -1.2195
2.7415  2.468  350.07  -7.202  -8.119  -8.542  -4.843  -7.445  -8.523  -7.428  2.2635  2.3807  2.4905  -8.23  -9.221  -9.568  -0.7675  -1.029  -1.2195
2.7415  2.46  352.578  -7.213  -8.131  -8.556  -4.837  -7.455  -8.536  -7.44  2.2652  2.383  2.493  -8.23  -9.221  -9.568  -0.7283  -0.9863  -1.1787
2.7415  2.459  423.209  -7.454  -8.41  -8.886  -4.787  -7.691  -8.854  -7.691  2.2652  2.383  2.493  -8.23  -9.221  -9.568  -0.7283  -0.9863  -1.1787
2.7415  2.459  345.188  -7.179  -8.095  -8.516  -4.838  -7.423  -8.497  -7.405  2.2652  2.383  2.493  -8.23  -9.221  -9.568  -0.7283  -0.9863  -1.1787
2.7415  2.457  269.312  -6.777  -7.671  -8.049  -4.928  -7.029  -8.037  -6.997  2.2652  2.383  2.493  -8.23  -9.221  -9.568  -0.7283  -0.9863  -1.1787
2.7415  2.455  224.83  -6.477  -7.357  -7.705  -4.952  -6.73  -7.695  -6.693  2.2652  2.383  2.493  -8.23  -9.221  -9.568  -0.7283  -0.9863  -1.1787
2.7415  2.452  238.921  -6.577  -7.463  -7.821  -4.95  -6.831  -7.811  -6.795  2.2652  2.383  2.493  -8.23  -9.221  -9.568  -0.7283  -0.9863  -1.1787
2.7415  2.448  273.121  -6.798  -7.694  -8.074  -4.917  -7.05  -8.062  -7.018  2.2652  2.383  2.493  -8.23  -9.221  -9.568  -0.7283  -0.9863  -1.1787
2.7415  2.443  310.067  -7.007  -7.912  -8.315  -4.867  -7.254  -8.299  -7.23  2.2652  2.383  2.493  -8.23  -9.221  -9.568  -0.7283  -0.9863  -1.1787
2.7415  2.437  337.952  -7.143  -8.057  -8.475  -4.825  -7.388  -8.457  -7.368  2.2652  2.383  2.493  -8.23  -9.221  -9.568  -0.7283  -0.9863  -1.1787
2.7415  2.43  353.065  -7.209  -8.128  -8.554  -4.819  -7.451  -8.533  -7.436  2.2664  2.3847  2.495  -8.23  -9.221  -9.568  -0.7316  -0.9886  -1.1364
2.7416  2.421  359.381  -7.233  -8.155  -8.585  -4.809  -7.473  -8.563  -7.461  2.2664  2.3847  2.495  -8.23  -9.221  -9.568  -0.7316  -0.9886  -1.1364
2.7416  2.411  361.955  -7.242  -8.166  -8.599  -4.8  -7.482  -8.576  -7.47  2.2664  2.3847  2.495  -8.23  -9.221  -9.568  -0.7316  -0.9886  -1.1364
2.7416  2.411  437.175  -7.475  -8.444  -8.936  -4.734  -7.711  -8.902  -7.716  2.2664  2.3847  2.495  -8.23  -9.221  -9.568  -0.7316  -0.9886  -1.1364
2.7416  2.41  356.825  -7.222  -8.143  -8.57  -4.807  -7.463  -8.549  -7.449  2.2664  2.3847  2.495  -8.23  -9.221  -9.568  -0.7316  -0.9886  -1.1364
2.7416  2.409  278.712  -6.826  -7.723  -8.109  -4.882  -7.077  -8.096  -7.047  2.2664  2.3847  2.495  -8.23  -9.221  -9.568  -0.7316  -0.9886  -1.1364
2.7416  2.406  232.089  -6.524  -7.408  -7.763  -4.927  -6.778  -7.753  -6.741  2.2664  2.3847  2.495  -8.23  -9.221  -9.568  -0.7316  -0.9886  -1.1364
2.7416  2.403  246.749  -6.624  -7.513  -7.879  -4.912  -6.878  -7.868  -6.843  2.2664  2.3847  2.495  -8.23  -9.221  -9.568  -0.7316  -0.9886  -1.1364
2.7416  2.398  281.615  -6.842  -7.741  -8.129  -4.87  -7.093  -8.115  -7.063  2.2664  2.3847  2.495  -8.23  -9.221  -9.568  -0.7316  -0.9886  -1.1364
2.7416  2.392  319.341  -7.045  -7.954  -8.364  -4.82  -7.291  -8.347  -7.269  2.2664  2.3847  2.495  -8.23  -9.221  -9.568  -0.7316  -0.9886  -1.1364
2.7416  2.385  347.1  -7.177  -8.095  -8.519  -4.794  -7.418  -8.498  -7.404  2.2664  2.3847  2.495  -8.23  -9.221  -9.568  -0.7316  -0.9886  -1.1364
2.7416  2.376  362.039  -7.238  -8.162  -8.595  -4.782  -7.477  -8.572  -7.466  2.2664  2.3847  2.495  -8.23  -9.221  -9.568  -0.7316  -0.9886  -1.1364
2.7416  2.366  368.345  -7.26  -8.187  -8.625  -4.771  -7.499  -8.601  -7.489  2.2664  2.3847  2.495  -8.23  -9.221  -9.568  -0.7316  -0.9886  -1.1364
2.7416  2.355  370.984  -7.269  -8.198  -8.638  -4.762  -7.508  -8.614  -7.499  2.2659  2.3841  2.4942  -8.23  -9.221  -9.568  -0.7283  -0.9863  -1.1335
2.7416  2.354  449.94  -7.496  -8.476  -8.981  -4.692  -7.73  -8.943  -7.74  2.2659  2.3841  2.4942  -8.23  -9.221  -9.568  -0.7283  -0.9863  -1.1335
2.7416  2.353  367.837  -7.259  -8.185  -8.622  -4.769  -7.497  -8.598  -7.488  2.2659  2.3841  2.4942  -8.23  -9.221  -9.568  -0.7283  -0.9863  -1.1335
2.7416  2.351  287.644  -6.871  -7.773  -8.167  -4.83  -7.121  -8.153  -7.093  2.2659  2.3841  2.4942  -8.23  -9.221  -9.568  -0.7283  -0.9863  -1.1335
2.7417  2.349  239.527  -6.568  -7.456  -7.819  -4.886  -6.822  -7.809  -6.786  2.2659  2.3841  2.4942  -8.23  -9.221  -9.568  -0.7283  -0.9863  -1.1335
2.7417  2.345  254.539  -6.668  -7.561  -7.935  -4.871  -6.922  -7.923  -6.888  2.2659  2.3841  2.4942  -8.23  -9.221  -9.568  -0.7283  -0.9863  -1.1335
2.7417  2.339  290.038  -6.883  -7.785  -8.18  -4.819  -7.132  -8.166  -7.105  2.2659  2.3841  2.4942  -8.23  -9.221  -9.568  -0.7283  -0.9863  -1.1335
2.7417  2.332  327.835  -7.081  -7.993  -8.41  -4.77  -7.325  -8.391  -7.306  2.2659  2.3841  2.4942  -8.23  -9.221  -9.568  -0.7283  -0.9863  -1.1335
2.7417  2.324  356.004  -7.207  -8.129  -8.559  -4.762  -7.446  -8.536  -7.435  2.2659  2.3841  2.4942  -8.23  -9.221  -9.568  -0.7283  -0.9863  -1.1335
2.7417  2.314  370.728  -7.264  -8.192  -8.633  -4.746  -7.502  -8.608  -7.493  2.2659  2.3841  2.4942  -8.23  -9.221  -9.568  -0.7283  -0.9863  -1.1335
2.7417  2.303  376.752  -7.285  -8.216  -8.661  -4.739  -7.522  -8.635  -7.515  2.2659  2.3841  2.4942  -8.23  -9.221  -9.568  -0.7283  -0.9863  -1.1335
2.7417  2.289  379.276  -7.293  -8.225  -8.673  -4.733  -7.529  -8.646  -7.523  2.2659  2.3841  2.4942  -8.23  -9.221  -9.568  -0.7283  -0.9863  -1.1335
2.7417  2.289  462.227  -7.37  -8.424  -9.012  -4.423  -7.627  -8.97  -7.635  2.2659  2.3841  2.4942  -8.23  -9.221  -9.568  -0.7283  -0.9863  -1.1335
2.7417  2.288  378.055  -7.266  -8.209  -8.668  -4.694  -7.506  -8.641  -7.499  2.2659  2.3841  2.4942  -8.23  -9.221  -9.568  -0.7283  -0.9863  -1.1335
2.7417  2.286  296.862  -6.912  -7.817  -8.219  -4.779  -7.159  -8.204  -7.135  2.2659  2.3841  2.4942  -8.23  -9.221  -9.568  -0.7283  -0.9863  -1.1335
2.7417  2.282  247.204  -6.61  -7.502  -7.873  -4.841  -6.864  -7.862  -6.829  2.2659  2.3841  2.4942  -8.23  -9.221  -9.568  -0.7283  -0.9863  -1.1335
2.7417  2.277  262.395  -6.71  -7.606  -7.987  -4.82  -6.962  -7.975  -6.93  2.2659  2.3841  2.4942  -8.23  -9.221  -9.568  -0.7283  -0.9863  -1.1335
2.7417  2.271  298.37  -6.919  -7.825  -8.228  -4.768  -7.166  -8.213  -7.142  2.2659  2.3841  2.4942  -8.23  -9.221  -9.568  -0.7283  -0.9863  -1.1335
2.7417  2.263  336.554  -7.105  -8.025  -8.452  -4.722  -7.347  -8.431  -7.332  2.2659  2.3841  2.4942  -8.23  -9.221  -9.568  -0.7283  -0.9863  -1.1335
2.7417  2.253  364.716  -7.216  -8.151  -8.599  -4.696  -7.457  -8.573  -7.447  2.2659  2.3841  2.4942  -8.23  -9.221  -9.568  -0.7283  -0.9863  -1.1335
2.7418  2.241  379.188  -7.26  -8.206  -8.669  -4.671  -7.5  -8.641  -7.494  2.2683  2.3873  2.4977  -8.23  -9.221  -9.568  -0.6884  -0.951  -1.089
2.7418  2.227  385.172  -7.276  -8.227  -8.696  -4.658  -7.516  -8.667  -7.512  2.2683  2.3873  2.4977  -8.23  -9.221  -9.568  -0.6884  -0.951  -1.089
2.7418  2.212  387.932  -7.282  -8.236  -8.708  -4.648  -7.521  -8.678  -7.519  2.2683  2.3873  2.4977  -8.23  -9.221  -9.568  -0.6884  -0.951  -1.089
2.7418  2.211  474.63  -7.34  -8.426  -9.051  -4.314  -7.606  -9.005  -7.614  2.2683  2.3873  2.4977  -8.23  -9.221  -9.568  -0.6884  -0.951  -1.089
2.7418  2.21  389.184  -7.284  -8.239  -8.714  -4.644  -7.524  -8.683  -7.521  2.2683  2.3873  2.4977  -8.23  -9.221  -9.568  -0.6884  -0.951  -1.089
2.7418  2.207  306.517  -6.954  -7.864  -8.274  -4.723  -7.2  -8.257  -7.178  2.2683  2.3873  2.4977  -8.23  -9.221  -9.568  -0.6884  -0.951  -1.089
2.7418  2.203  255.303  -6.655  -7.55  -7.93  -4.784  -6.907  -7.917  -6.875  2.2683  2.3873  2.4977  -8.23  -9.221  -9.568  -0.6884  -0.951  -1.089
2.7418  2.198  271.054  -6.753  -7.653  -8.043  -4.762  -7.003  -8.029  -6.975  2.2683  2.3873  2.4977  -8.23  -9.221  -9.568  -0.6884  -0.951  -1.089
2.7418  2.191  307.153  -6.956  -7.866  -8.278  -4.719  -7.202  -8.261  -7.18  2.2683  2.3873  2.4977  -8.23  -9.221  -9.568  -0.6884  -0.951  -1.089
2.7418  2.181  344.79  -7.13  -8.056  -8.493  -4.688  -7.372  -8.471  -7.359  2.2683  2.3873  2.4977  -8.23  -9.221  -9.568  -0.6884  -0.951  -1.089
2.7418  2.17  371.754  -7.228  -8.172  -8.633  -4.659  -7.469  -8.606  -7.462  2.2683  2.3873  2.4977  -8.23  -9.221  -9.568  -0.6884  -0.951  -1.089
2.7418  2.156  385.261  -7.266  -8.223  -8.699  -4.639  -7.508  -8.67  -7.503  2.2689  2.3884  2.4989  -8.23  -9.221  -9.568  -0.6884  -0.951  -1.089
2.7418  2.14  390.71  -7.273  -8.237  -8.723  -4.622  -7.517  -8.693  -7.512  2.2689  2.3884  2.4989  -8.23  -9.221  -9.568  -0.6884  -0.951  -1.089
2.7418  2.122  392.243  -7.273  -8.241  -8.732  -4.613  -7.518  -8.702  -7.513  2.2689  2.3884  2.4989  -8.23  -9.221  -9.568  -0.6884  -0.951  -1.089
2.7418  2.122  478.801  -7.352  -8.443  -8.907  -5.793  -7.741  -8.894  -7.627  2.2689  2.3884  2.4989  -8.23  -9.221  -9.568  -0.6884  -0.951  -1.089
2.7418  2.122  397.425  -7.063  -8.14  -8.577  -5.559  -7.44  -8.564  -7.334  2.2689  2.3884  2.4989  -8.23  -9.221  -9.568  -0.6884  -0.951  -1.089
2.7418  2.122  318.167  -6.722  -7.772  -8.179  -5.283  -7.08  -8.166  -6.986  2.2689  2.3884  2.4989  -8.23  -9.221  -9.568  -0.6884  -0.951  -1.089
2.7418  2.122  268.94  -6.459  -7.482  -7.868  -5.067  -6.799  -7.856  -6.715  2.2689  2.3884  2.4989  -8.23  -9.221  -9.568  -0.6884  -0.951  -1.089
2.7419  2.122  289.504  -6.544  -7.591  -7.989  -5.118  -6.898  -7.977  -6.807  2.2689  2.3884  2.4989  -8.23  -9.221  -9.568  -0.6884  -0.951  -1.089
2.7419  2.121  333.776  -6.722  -7.802  -8.225  -5.237  -7.099  -8.213  -6.994  2.2657  2.3843  2.4945  -8.23  -9.221  -9.568  -0.7283  -0.9863  -1.1115
2.7419  2.121  384.375  -6.89  -7.995  -8.445  -5.343  -7.285  -8.432  -7.169  2.2657  2.3843  2.4945  -8.23  -9.221  -9.568  -0.7283  -0.9863  -1.1115
2.7419  2.121  428.8  -7.005  -8.123  -8.599  -5.401  -7.411  -8.586  -7.288  2.2657  2.3843  2.4945  -8.23  -9.221  -9.568  -0.7283  -0.9863  -1.1115
2.7419  2.121  464.36  -7.065  -8.184  -8.678  -5.414  -7.473  -8.666  -7.348  2.2657  2.3843  2.4945  -8.23  -9.221  -9.568  -0.7283  -0.9863  -1.1115
2.7419  2.12  494.146  -7.099  -8.215  -8.732  -5.397  -7.507  -8.721  -7.382  2.2656  2.3843  2.4946  -8.23  -9.221  -9.568  -0.7283  -0.9863  -1.1115
2.7419  2.12  525.358  -7.12  -8.228  -8.762  -5.374  -7.525  -8.752  -7.4  2.2656  2.3843  2.4946  -8.23  -9.221  -9.568  -0.7283  -0.9863  -1.1115
2.7419  2.119  655.021  -6.964  -8.198  -8.981  -5.023  -7.406  -8.956  -7.281  2.2656  2.3843  2.4946  -8.23  -9.221  -9.568  -0.7283  -0.9863  -1.1115
2.7419  2.119  532.789  -7.094  -8.171  -8.734  -5.392  -7.48  -8.721  -7.365  2.2656  2.3843  2.4946  -8.23  -9.221  -9.568  -0.7283  -0.9863  -1.1115
2.7419  2.119  415.007  -6.778  -7.871  -8.37  -5.167  -7.173  -8.358  -7.054  2.2656  2.3843  2.4946  -8.23  -9.221  -9.568  -0.7283  -0.9863  -1.1115
2.7419  2.119  340.138  -6.507  -7.608  -8.074  -4.96  -6.902  -8.06  -6.785  2.2656  2.3843  2.4946  -8.23  -9.221  -9.568  -0.7283  -0.9863  -1.1115
2.7419  2.119  358.885  -6.592  -7.692  -8.166  -5.033  -6.989  -8.152  -6.87  2.2656  2.3843  2.4946  -8.23  -9.221  -9.568  -0.7283  -0.9863  -1.1115
2.7419  2.119  403.883  -6.769  -7.864  -8.352  -5.178  -7.164  -8.34  -7.045  2.2656  2.3843  2.4946  -8.23  -9.221  -9.568  -0.7283  -0.9863  -1.1115
2.7419  2.119  448.802  -6.928  -8.02  -8.532  -5.303  -7.322  -8.519  -7.204  2.2656  2.3843  2.4946  -8.23  -9.221  -9.568  -0.7283  -0.9863  -1.1115
2.7419  2.119  477.26  -7.025  -8.118  -8.647  -5.378  -7.42  -8.633  -7.301  2.2656  2.3843  2.4946  -8.23  -9.221  -9.568  -0.7283  -0.9863  -1.1115
2.742  2.119  486.917  -7.069  -8.165  -8.697  -5.421  -7.464  -8.682  -7.346  2.2656  2.3843  2.4946  -8.23  -9.221  -9.568  -0.7283  -0.9863  -1.1115
2.742  2.119  483.565  -7.084  -8.181  -8.706  -5.449  -7.48  -8.692  -7.361  2.2656  2.3843  2.4946  -8.23  -9.221  -9.568  -0.7283  -0.9863  -1.1115
2.742  2.119  474.411  -7.089  -8.188  -8.701  -5.473  -7.485  -8.686  -7.367  2.2658  2.3847  2.4951  -8.23  -9.221  -9.568  -0.7316  -0.9886  -1.1124
2.742  2.119  596.424  -6.537  -7.948  -8.909  -4.37  -7.044  -8.874  -6.908  2.2658  2.3847  2.4951  -8.23  -9.221  -9.568  -0.7316  -0.9886  -1.1124
2.742  2.119  482.898  -6.913  -8.097  -8.727  -5.177  -7.34  -8.706  -7.215  2.2658  2.3847  2.4951  -8.23  -9.221  -9.568  -0.7316  -0.9886  -1.1124
2.742  2.119  372.267  -6.78  -7.881  -8.356  -5.246  -7.171  -8.34  -7.058  2.2658  2.3847  2.4951  -8.23  -9.221  -9.568  -0.7316  -0.9886  -1.1124
2.742  2.119  299.333  -6.535  -7.592  -8.013  -5.1  -6.898  -7.999  -6.801  2.2658  2.3847  2.4951  -8.23  -9.221  -9.568  -0.7316  -0.9886  -1.1124
2.742  2.119  310.781  -6.618  -7.673  -8.097  -5.18  -6.979  -8.082  -6.883  2.2658  2.3847  2.4951  -8.23  -9.221  -9.568  -0.7316  -0.9886  -1.1124
2.742  2.119  342.496  -6.777  -7.845  -8.288  -5.312  -7.146  -8.273  -7.046  2.2658  2.3847  2.4951  -8.23  -9.221  -9.568  -0.7316  -0.9886  -1.1124
2.742  2.119  370.898  -6.913  -7.991  -8.453  -5.426  -7.286  -8.437  -7.185  2.2658  2.3847  2.4951  -8.23  -9.221  -9.568  -0.7316  -0.9886  -1.1124
2.742  2.119  381.993  -6.993  -8.07  -8.547  -5.503  -7.363  -8.529  -7.264  2.2658  2.3847  2.4951  -8.23  -9.221  -9.568  -0.7316  -0.9886  -1.1124
2.742  2.119  374.675  -7.039  -8.092  -8.561  -5.58  -7.392  -8.544  -7.303  2.2658  2.3847  2.4951  -8.23  -9.221  -9.568  -0.7316  -0.9886  -1.1124
2.742  2.119  355.185  -7.062  -8.069  -8.515  -5.664  -7.388  -8.499  -7.313  2.2654  2.3842  2.4944  -8.23  -9.221  -9.568  -0.7283  -0.9863  -1.1115
2.7421  2.119  329.424  -7.092  -8.029  -8.443  -5.77  -7.378  -8.429  -7.324  2.2654  2.3842  2.4944  -8.23  -9.221  -9.568  -0.7283  -0.9863  -1.1115
2.7421  2.118  430.581  -6.793  -8.07  -8.86  -5.017  -7.225  -8.827  -7.123  2.2654  2.3842  2.4944  -8.23  -9.221  -9.568  -0.7283  -0.9863  -1.1115
2.7421  2.118  343.206  -7.028  -8.031  -8.531  -5.624  -7.342  -8.512  -7.278  2.2654  2.3842  2.4944  -8.23  -9.221  -9.568  -0.7283  -0.9863  -1.1115
2.7421  2.118  263.242  -6.827  -7.684  -8.044  -5.612  -7.072  -8.033  -7.037  2.2654  2.3842  2.4944  -8.23  -9.221  -9.568  -0.7283  -0.9863  -1.1115
2.7421  2.118  215.405  -6.589  -7.366  -7.678  -5.466  -6.795  -7.67  -6.777  2.2664  2.3857  2.4962  -8.23  -9.221  -9.568  -0.7316  -0.9886  -1.1124
2.7421  2.118  239.527  -6.665  -7.502  -7.842  -5.472  -6.901  -7.832  -6.869  2.2664  2.3857  2.4962  -8.23  -9.221  -9.568  -0.7316  -0.9886  -1.1124
2.7421  2.118  289.038  -6.804  -7.745  -8.143  -5.49  -7.094  -8.129  -7.037  2.2664  2.3857  2.4962  -8.23  -9.221  -9.568  -0.7316  -0.9886  -1.1124
2.7421  2.118  348.703  -6.892  -7.947  -8.424  -5.438  -7.244  -8.406  -7.157  2.2664  2.3857  2.4962  -8.23  -9.221  -9.568  -0.7316  -0.9886  -1.1124
2.7421  2.118  406.963  -6.901  -8.05  -8.609  -5.308  -7.305  -8.587  -7.193  2.2664  2.3857  2.4962  -8.23  -9.221  -9.568  -0.7316  -0.9886  -1.1124
2.7421  2.118  461.801  -6.835  -8.051  -8.708  -5.085  -7.273  -8.683  -7.147  2.2664  2.3857  2.4962  -8.23  -9.221  -9.568  -0.7316  -0.9886  -1.1124
2.7421  2.118  519.224  -6.767  -8.005  -8.744  -4.885  -7.213  -8.72  -7.085  2.2664  2.3857  2.4962  -8.23  -9.221  -9.568  -0.7316  -0.9886  -1.1124
2.7421  2.118  589.19  -6.703  -7.956  -8.748  -4.748  -7.153  -8.723  -7.026  2.266  2.3852  2.4956  -8.23  -9.221  -9.568  -0.7283  -0.9863  -1.1115
2.7421  2.117  762.176  -7.51  -8.558  -9.112  -5.817  -7.884  -9.099  -7.773  2.266  2.3852  2.4956  -8.23  -9.221  -9.568  -0.7283  -0.9863  -1.1115
2.7421  2.117  611.02  -7.059  -8.188  -8.836  -5.271  -7.463  -8.818  -7.345  2.266  2.3852  2.4956  -8.23  -9.221  -9.568  -0.7283  -0.9863  -1.1115
2.7421  2.117  466.934  -6.732  -7.876  -8.497  -4.974  -7.143  -8.48  -7.023  2.266  2.3852  2.4956  -8.23  -9.221  -9.568  -0.7283  -0.9863  -1.1115
2.7421  2.117  373.555  -6.567  -7.688  -8.202  -4.956  -6.972  -8.186  -6.851  2.266  2.3852  2.4956  -8.23  -9.221  -9.568  -0.7283  -0.9863  -1.1115
2.7421  2.117  393.781  -6.629  -7.757  -8.29  -4.993  -7.036  -8.274  -6.915  2.266  2.3852  2.4956  -8.23  -9.221  -9.568  -0.7283  -0.9863  -1.1115
2.7421  2.116  441.626  -6.728  -7.881  -8.477  -5.014  -7.145  -8.459  -7.021  2.266  2.3852  2.4956  -8.23  -9.221  -9.568  -0.7283  -0.9863  -1.1115
2.7422  2.116  486.133  -6.722  -7.927  -8.616  -4.897  -7.157  -8.594  -7.031  2.266  2.3852  2.4956  -8.23  -9.221  -9.568  -0.7283  -0.9863  -1.1115
2.7422  2.116  510.452  -6.695  -7.946  -8.699  -4.796  -7.146  -8.674  -7.017  2.266  2.3852  2.4956  -8.23  -9.221  -9.568  -0.7283  -0.9863  -1.1115
2.7422  2.115  511.629  -6.66  -7.947  -8.732  -4.728  -7.125  -8.705  -6.993  2.266  2.3852  2.4956  -8.23  -9.221  -9.568  -0.7283  -0.9863  -1.1115
2.7422  2.114  498.03  -6.676  -7.966  -8.736  -4.774  -7.142  -8.708  -7.01  2.266  2.3852  2.4956  -8.23  -9.221  -9.568  -0.7283  -0.9863  -1.1115
2.7422  2.114  478.47  -6.728  -8.004  -8.741  -4.884  -7.189  -8.713  -7.058  2.266  2.3852  2.4956  -8.23  -9.221  -9.568  -0.7283  -0.9863  -1.1115
2.7422  2.113  626.405  -4.572  -6.665  -8.282  -1.359  -5.329  -8.223  -5.168  2.266  2.3852  2.4956  -8.23  -9.221  -9.568  -0.7283  -0.9863  -1.1115
2.7422  2.113  502.291  -6.456  -7.851  -8.733  -4.42  -6.96  -8.699  -6.822  2.266  2.3852  2.4956  -8.23  -9.221  -9.568  -0.7283  -0.9863  -1.1115
2.7422  2.113  386.327  -6.754  -7.907  -8.46  -5.154  -7.162  -8.439  -7.047  2.2656  2.3845  2.4947  -8.23  -9.221  -9.568  -0.725  -0.984  -1.1105
2.7422  2.112  311.354  -6.595  -7.665  -8.118  -5.137  -6.96  -8.102  -6.864  2.2656  2.3845  2.4947  -8.23  -9.221  -9.568  -0.725  -0.984  -1.1105
2.7422  2.111  335.703  -6.654  -7.753  -8.234  -5.152  -7.036  -8.216  -6.932  2.2656  2.3845  2.4947  -8.23  -9.221  -9.568  -0.725  -0.984  -1.1105
2.7422  2.111  387.307  -6.743  -7.896  -8.449  -5.135  -7.153  -8.428  -7.036  2.2656  2.3845  2.4947  -8.23  -9.221  -9.568  -0.725  -0.984  -1.1105
2.7422  2.109  441.83  -6.713  -7.944  -8.613  -4.951  -7.156  -8.588  -7.029  2.2656  2.3845  2.4947  -8.23  -9.221  -9.568  -0.725  -0.984  -1.1105
2.7422  2.108  484.345  -6.619  -7.916  -8.686  -4.72  -7.088  -8.658  -6.955  2.2656  2.3845  2.4947  -8.23  -9.221  -9.568  -0.725  -0.984  -1.1105
2.7422  2.106  512.218  -6.496  -7.854  -8.717  -4.469  -6.988  -8.685  -6.85  2.2656  2.3845  2.4947  -8.23  -9.221  -9.568  -0.725  -0.984  -1.1105
2.7422  2.104  533.034  -6.421  -7.802  -8.712  -4.322  -6.918  -8.679  -6.782  2.2678  2.3874  2.4978  -8.23  -9.221  -9.568  -0.688  -0.9498  -1.0875
2.7423  2.102  553.93  -6.358  -7.758  -8.71  -4.2  -6.861  -8.676  -6.725  2.2678  2.3874  2.4978  -8.23  -9.221  -9.568  -0.688  -0.9498  -1.0875
2.7423  2.101  724.028  -7.551  -8.606  -9.17  -5.848  -7.927  -9.157  -7.816  2.2678  2.3874  2.4978  -8.23  -9.221  -9.568  -0.688  -0.9498  -1.0875
2.7423  2.101  584.191  -7.274  -8.34  -8.901  -5.574  -7.655  -8.888  -7.542  2.2678  2.3874  2.4978  -8.23  -9.221  -9.568  -0.688  -0.9498  -1.0875
2.7423  2.1  451.497  -6.643  -7.863  -8.539  -4.848  -7.084  -8.516  -6.956  2.2678  2.3874  2.4978  -8.23  -9.221  -9.568  -0.688  -0.9498  -1.0875
2.7423  2.1  362.706  -6.597  -7.731  -8.251  -5.007  -7.003  -8.233  -6.885  2.2678  2.3874  2.4978  -8.23  -9.221  -9.568  -0.688  -0.9498  -1.0875
2.7423  2.099  385.882  -6.639  -7.79  -8.343  -5.008  -7.054  -8.324  -6.932  2.2678  2.3874  2.4978  -8.23  -9.221  -9.568  -0.688  -0.9498  -1.0875
2.7423  2.097  436.37  -6.658  -7.862  -8.505  -4.906  -7.093  -8.483  -6.966  2.2678  2.3874  2.4978  -8.23  -9.221  -9.568  -0.688  -0.9498  -1.0875
2.7423  2.095  485.574  -6.572  -7.863  -8.642  -4.652  -7.039  -8.614  -6.906  2.2678  2.3874  2.4978  -8.23  -9.221  -9.568  -0.688  -0.9498  -1.0875
2.7423  2.093  517.672  -6.386  -7.771  -8.676  -4.298  -6.886  -8.643  -6.749  2.2678  2.3874  2.4978  -8.23  -9.221  -9.568  -0.688  -0.9498  -1.0875
2.7423  2.09  529.609  -6.272  -7.712  -8.68  -4.097  -6.791  -8.644  -6.652  2.2688  2.3889  2.4995  -8.23  -9.221  -9.568  -0.6884  -0.951  -1.089
2.7423  2.087  528.756  -6.223  -7.689  -8.679  -4.021  -6.753  -8.642  -6.611  2.2669  2.3864  2.4969  -8.23  -9.221  -9.568  -0.7283  -0.9863  -1.1115
2.7423  2.083  521.381  -6.234  -7.702  -8.687  -4.047  -6.766  -8.649  -6.622  2.264  2.3827  2.4928  -8.23  -9.221  -9.568  -0.7675  -1.0195  -1.14
2.7423  2.082  692.875  -7.582  -8.636  -9.198  -5.881  -7.958  -9.185  -7.847  2.264  2.3827  2.4928  -8.23  -9.221  -9.568  -0.7675  -1.0195  -1.14
2.7423  2.082  555.847  -7.296  -8.376  -8.924  -5.62  -7.684  -8.91  -7.568  2.264  2.3827  2.4928  -8.23  -9.221  -9.568  -0.7675  -1.0195  -1.14
2.7423  2.081  427.519  -6.626  -7.871  -8.553  -4.853  -7.075  -8.527  -6.946  2.264  2.3827  2.4928  -8.23  -9.221  -9.568  -0.7675  -1.0195  -1.14
2.7423  2.079  342.969  -6.61  -7.733  -8.237  -5.072  -7.005  -8.218  -6.895  2.264  2.3827  2.4928  -8.23  -9.221  -9.568  -0.7675  -1.0195  -1.14
2.7423  2.077  369.62  -6.649  -7.801  -8.349  -5.049  -7.059  -8.328  -6.942  2.264  2.3827  2.4928  -8.23  -9.221  -9.568  -0.7675  -1.0195  -1.14
2.7423  2.074  425.065  -6.625  -7.859  -8.527  -4.864  -7.07  -8.502  -6.942  2.264  2.3827  2.4928  -8.23  -9.221  -9.568  -0.7675  -1.0195  -1.14
2.7423  2.07  482.12  -7.094  -8.184  -8.699  -5.468  -7.487  -8.685  -7.369  2.264  2.3827  2.4928  -8.23  -9.221  -9.568  -0.7675  -1.0195  -1.14
2.7423  2.066  526.084  -7.179  -8.261  -8.805  -5.507  -7.568  -8.791  -7.452  2.264  2.3827  2.4928  -8.23  -9.221  -9.568  -0.7675  -1.0195  -1.14
2.7424  2.06  555.079  -7.22  -8.294  -8.851  -5.525  -7.605  -8.838  -7.49  2.264  2.3827  2.4928  -8.23  -9.221  -9.568  -0.7675  -1.0195  -1.14
2.7424  2.054  576.574  -7.194  -8.284  -8.874  -5.465  -7.584  -8.858  -7.469  2.264  2.3827  2.4928  -8.23  -9.221  -9.568  -0.7675  -1.0195  -1.14
2.7424  2.046  597.799  -7.11  -8.236  -8.879  -5.327  -7.513  -8.861  -7.395  2.264  2.3827  2.4928  -8.23  -9.221  -9.568  -0.7675  -1.0195  -1.14
2.7424  2.046  792.602  -7.501  -8.602  -9.227  -5.737  -7.894  -9.21  -7.779  2.264  2.3827  2.4928  -8.23  -9.221  -9.568  -0.7675  -1.0195  -1.14
2.7424  2.045  640.111  -6.913  -8.148  -8.931  -4.971  -7.355  -8.906  -7.23  2.264  2.3827  2.4928  -8.23  -9.221  -9.568  -0.7675  -1.0195  -1.14
2.7424  2.042  495.627  -6.986  -8.079  -8.64  -5.291  -7.378  -8.626  -7.262  2.264  2.3827  2.4928  -8.23  -9.221  -9.568  -0.7675  -1.0195  -1.14
2.7424  2.039  397.974  -6.754  -7.849  -8.335  -5.169  -7.149  -8.322  -7.03  2.264  2.3827  2.4928  -8.23  -9.221  -9.568  -0.7675  -1.0195  -1.14
2.7424  2.034  425.652  -6.817  -7.918  -8.433  -5.192  -7.214  -8.418  -7.095  2.264  2.3827  2.4928  -8.23  -9.221  -9.568  -0.7675  -1.0195  -1.14
2.7424  2.027  484.457  -6.964  -8.055  -8.606  -5.282  -7.356  -8.593  -7.239  2.264  2.3827  2.4928  -8.23  -9.221  -9.568  -0.7675  -1.0195  -1.14
2.7424  2.018  542.194  -7.014  -8.13  -8.749  -5.255  -7.414  -8.733  -7.297  2.264  2.3827  2.4928  -8.23  -9.221  -9.568  -0.7675  -1.0195  -1.14
2.7424  2.007  583.116  -6.957  -8.127  -8.823  -5.114  -7.376  -8.803  -7.255  2.264  2.3827  2.4928  -8.23  -9.221  -9.568  -0.7675  -1.0195  -1.14
2.7424  1.994  605.139  -6.904  -8.111  -8.854  -5.008  -7.337  -8.831  -7.213  2.264  2.3827  2.4928  -8.23  -9.221  -9.568  -0.7675  -1.0195  -1.14
2.7424  1.979  613.275  -6.825  -8.068  -8.857  -4.875  -7.27  -8.832  -7.145  2.264  2.3827  2.4928  -8.23  -9.221  -9.568  -0.7675  -1.0195  -1.14
2.7424  1.962  616.531  -6.797  -8.052  -8.857  -4.828  -7.247  -8.831  -7.12  2.2636  2.3822  2.4923  -8.23  -9.221  -9.568  -0.7666  -1.0183  -1.138
2.7424  1.961  829.956  -6.357  -7.892  -9.004  -3.969  -6.908  -8.963  -6.766  2.2636  2.3822  2.4923  -8.23  -9.221  -9.568  -0.7666  -1.0183  -1.138
2.7424  1.959  666.738  -6.499  -7.894  -8.865  -4.317  -6.999  -8.831  -6.865  2.2636  2.3822  2.4923  -8.23  -9.221  -9.568  -0.7666  -1.0183  -1.138
2.7424  1.956  512.808  -6.913  -8.044  -8.672  -5.145  -7.319  -8.655  -7.2  2.2636  2.3822  2.4923  -8.23  -9.221  -9.568  -0.7666  -1.0183  -1.138
2.7424  1.95  408.653  -6.766  -7.866  -8.37  -5.158  -7.163  -8.356  -7.044  2.2636  2.3822  2.4923  -8.23  -9.221  -9.568  -0.7666  -1.0183  -1.138
2.7424  1.942  440.205  -6.818  -7.929  -8.476  -5.155  -7.22  -8.46  -7.099  2.2636  2.3822  2.4923  -8.23  -9.221  -9.568  -0.7666  -1.0183  -1.138
2.7425  1.931  503.333  -6.865  -8.001  -8.634  -5.093  -7.273  -8.617  -7.153  2.2636  2.3822  2.4923  -8.23  -9.221  -9.568  -0.7666  -1.0183  -1.138
2.7425  1.917  567.225  -6.676  -7.933  -8.732  -4.712  -7.127  -8.706  -7.0  2.2636  2.3822  2.4923  -8.23  -9.221  -9.568  -0.7666  -1.0183  -1.138
2.7425  1.901  614.123  -6.431  -7.805  -8.748  -4.287  -6.924  -8.714  -6.79  2.2636  2.3822  2.4923  -8.23  -9.221  -9.568  -0.7666  -1.0183  -1.138
2.7425  1.881  642.177  -6.259  -7.706  -8.728  -4.003  -6.778  -8.691  -6.641  2.2636  2.3822  2.4923  -8.23  -9.221  -9.568  -0.7666  -1.0183  -1.138
2.7425  1.858  659.561  -6.136  -7.631  -8.702  -3.808  -6.672  -8.662  -6.533  2.2636  2.3822  2.4923  -8.23  -9.221  -9.568  -0.7666  -1.0183  -1.138
2.7425  1.832  673.372  -5.854  -7.449  -8.621  -3.378  -6.427  -8.578  -6.282  2.2636  2.3822  2.4923  -8.23  -9.221  -9.568  -0.7666  -1.0183  -1.138
2.7425  1.831  910.448  -6.024  -7.684  -8.921  -3.452  -6.621  -8.874  -6.473  2.2636  2.3822  2.4923  -8.23  -9.221  -9.568  -0.7666  -1.0183  -1.138
2.7425  1.828  733.931  -5.815  -7.458  -8.678  -3.268  -6.406  -8.633  -6.259  2.2636  2.3822  2.4923  -8.23  -9.221  -9.568  -0.7666  -1.0183  -1.138
2.7425  1.822  567.747  -6.353  -7.705  -8.614  -4.25  -6.838  -8.583  -6.706  2.2636  2.3822  2.4923  -8.23  -9.221  -9.568  -0.7666  -1.0183  -1.138
2.7425  1.813  453.268  -6.679  -7.812  -8.425  -4.928  -7.086  -8.409  -6.966  2.2645  2.3837  2.4939  -8.23  -9.221  -9.568  -0.7675  -1.0195  -1.14
2.7425  1.8  488.377  -6.605  -7.795  -8.5  -4.749  -7.032  -8.479  -6.909  2.2645  2.3837  2.4939  -8.23  -9.221  -9.568  -0.7675  -1.0195  -1.14
2.7425  1.783  559.442  -6.288  -7.649  -8.568  -4.172  -6.776  -8.536  -6.643  2.2645  2.3837  2.4939  -8.23  -9.221  -9.568  -0.7675  -1.0195  -1.14
2.7425  1.761  630.456  -5.783  -7.361  -8.515  -3.333  -6.35  -8.473  -6.206  2.2645  2.3837  2.4939  -8.23  -9.221  -9.568  -0.7675  -1.0195  -1.14
2.7425  1.735  683.998  -5.631  -7.289  -8.525  -3.06  -6.227  -8.479  -6.08  2.2645  2.3837  2.4939  -8.23  -9.221  -9.568  -0.7675  -1.0195  -1.14
2.7425  1.704  716.729  -5.468  -7.192  -8.49  -2.796  -6.088  -8.442  -5.938  2.2645  2.3837  2.4939  -8.23  -9.221  -9.568  -0.7675  -1.0195  -1.14
2.7425  1.669  737.488  -5.419  -7.164  -8.48  -2.715  -6.047  -8.432  -5.896  2.2645  2.3837  2.4939  -8.23  -9.221  -9.568  -0.7675  -1.0195  -1.14
2.7425  1.629  753.278  -5.04  -6.91  -8.341  -2.144  -5.714  -8.288  -5.559  2.2645  2.3837  2.4939  -8.23  -9.221  -9.568  -0.7675  -1.0195  -1.14
2.7425  1.628  1034.797  -5.051  -7.034  -8.569  -1.98  -5.766  -8.513  -5.609  2.2645  2.3837  2.4939  -8.23  -9.221  -9.568  -0.7675  -1.0195  -1.14
2.7425  1.623  830.721  -4.877  -6.834  -8.345  -1.845  -5.582  -8.29  -5.426  2.2645  2.3837  2.4939  -8.23  -9.221  -9.568  -0.7675  -1.0195  -1.14
2.7426  1.614  640.848  -5.068  -6.865  -8.229  -2.285  -5.715  -8.179  -5.562  2.2645  2.3837  2.4939  -8.23  -9.221  -9.568  -0.7675  -1.0195  -1.14
2.7426  1.599  509.395  -6.026  -7.411  -8.353  -3.881  -6.524  -8.32  -6.389  2.2645  2.3837  2.4939  -8.23  -9.221  -9.568  -0.7675  -1.0195  -1.14
2.7426  1.577  553.42  -5.685  -7.212  -8.31  -3.315  -6.233  -8.27  -6.092  2.2645  2.3837  2.4939  -8.23  -9.221  -9.568  -0.7675  -1.0195  -1.14
2.7426  1.549  639.521  -5.084  -6.86  -8.206  -2.331  -5.723  -8.156  -5.571  2.2645  2.3837  2.4939  -8.23  -9.221  -9.568  -0.7675  -1.0195  -1.14
2.7426  1.515  727.872  -4.719  -6.654  -8.145  -1.722  -5.417  -8.091  -5.26  2.2645  2.3837  2.4939  -8.23  -9.221  -9.568  -0.7675  -1.0195  -1.14
2.7426  1.473  795.161  -4.721  -6.68  -8.194  -1.687  -5.428  -8.139  -5.27  2.2645  2.3837  2.4939  -8.23  -9.221  -9.568  -0.7675  -1.0195  -1.14
2.7426  1.424  837.636  -4.97  -6.86  -8.31  -2.042  -5.651  -8.257  -5.496  2.2645  2.3837  2.4939  -8.23  -9.221  -9.568  -0.7675  -1.0195  -1.14
2.7426  1.369  863.883  -5.189  -7.012  -8.401  -2.364  -5.845  -8.349  -5.692  2.2645  2.3837  2.4939  -8.23  -9.221  -9.568  -0.7675  -1.0195  -1.14
2.7426  1.309  878.527  -5.533  -7.246  -8.534  -2.878  -6.149  -8.486  -6.0  2.2645  2.3837  2.4939  -8.23  -9.221  -9.568  -0.7675  -1.0195  -1.14
2.7426  1.308  1236.674  -5.789  -7.538  -8.859  -3.08  -6.419  -8.81  -6.268  2.2645  2.3837  2.4939  -8.23  -9.221  -9.568  -0.7675  -1.0195  -1.14
2.7426  1.303  983.909  -5.634  -7.351  -8.643  -2.972  -6.251  -8.595  -6.102  2.2645  2.3837  2.4939  -8.23  -9.221  -9.568  -0.7675  -1.0195  -1.14
2.7426  1.294  753.972  -5.731  -7.314  -8.474  -3.272  -6.3  -8.431  -6.156  2.2645  2.3837  2.4939  -8.23  -9.221  -9.568  -0.7675  -1.0195  -1.14
2.7426  1.279  596.012  -5.036  -6.762  -8.061  -2.363  -5.657  -8.012  -5.507  2.2645  2.3837  2.4939  -8.23  -9.221  -9.568  -0.7675  -1.0195  -1.14
2.7426  1.257  655.775  -4.773  -6.61  -8.01  -1.929  -5.435  -7.959  -5.281  2.2645  2.3837  2.4939  -8.23  -9.221  -9.568  -0.7675  -1.0195  -1.14
2.7426  1.23  767.105  -6.021  -7.485  -8.525  -3.739  -6.546  -8.488  -6.408  2.2645  2.3837  2.4939  -8.23  -9.221  -9.568  -0.7675  -1.0195  -1.14
2.7426  1.195  877.92  -6.057  -7.55  -8.62  -3.731  -6.593  -8.581  -6.453  2.2645  2.3837  2.4939  -8.23  -9.221  -9.568  -0.7675  -1.0195  -1.14
2.7426  1.155  955.774  -6.066  -7.582  -8.674  -3.707  -6.61  -8.634  -6.469  2.2645  2.3837  2.4939  -8.23  -9.221  -9.568  -0.7675  -1.0195  -1.14
2.7426  1.108  992.099  -6.314  -7.754  -8.771  -4.066  -6.83  -8.734  -6.694  2.2645  2.3837  2.4939  -8.23  -9.221  -9.568  -0.7675  -1.0195  -1.14
2.7426  1.055  988.451  -6.525  -7.895  -8.837  -4.381  -7.016  -8.804  -6.883  2.2645  2.3837  2.4939  -8.23  -9.221  -9.568  -0.7675  -1.0195  -1.14
2.7426  0.998  952.04  -4.279  -6.399  -8.06  -0.996  -5.044  -8.0  -4.884  2.2645  2.3837  2.4939  -8.23  -9.221  -9.568  -0.7675  -1.0195  -1.14
2.7426  0.997  1331.543  -4.972  -6.989  -8.554  -1.85  -5.7  -8.497  -5.541  2.2645  2.3837  2.4939  -8.23  -9.221  -9.568  -0.7675  -1.0195  -1.14
2.7426  0.994  1075.363  -4.407  -6.525  -8.185  -1.127  -5.172  -8.125  -5.012  2.2645  2.3837  2.4939  -8.23  -9.221  -9.568  -0.7675  -1.0195  -1.14
2.7427  0.987  835.324  -4.262  -6.33  -7.944  -1.058  -5.008  -7.886  -4.849  2.2645  2.3837  2.4939  -8.23  -9.221  -9.568  -0.7675  -1.0195  -1.14
2.7427  0.976  659.713  -4.302  -6.268  -7.787  -1.258  -5.011  -7.732  -4.854  2.2645  2.3837  2.4939  -8.23  -9.221  -9.568  -0.7675  -1.0195  -1.14
2.7427  0.961  718.381  -4.346  -6.322  -7.85  -1.287  -5.059  -7.795  -4.901  2.2645  2.3837  2.4939  -8.23  -9.221  -9.568  -0.7675  -1.0195  -1.14
2.7427  0.941  823.105  -4.648  -6.569  -8.048  -1.673  -5.341  -7.994  -5.184  2.2645  2.3837  2.4939  -8.23  -9.221  -9.568  -0.7675  -1.0195  -1.14
2.7427  0.916  907.936  -4.965  -6.819  -8.235  -2.093  -5.633  -8.183  -5.479  2.2645  2.3837  2.4939  -8.23  -9.221  -9.568  -0.7675  -1.0195  -1.14
2.7427  0.887  922.264  -5.29  -7.058  -8.396  -2.55  -5.926  -8.347  -5.775  2.2645  2.3837  2.4939  -8.23  -9.221  -9.568  -0.7675  -1.0195  -1.14
2.7427  0.853  847.92  -5.617  -7.286  -8.533  -3.031  -6.217  -8.486  -6.069  2.2645  2.3837  2.4939  -8.23  -9.221  -9.568  -0.7675  -1.0195  -1.14
2.7427  0.815  696.715  -5.822  -7.419  -8.593  -3.342  -6.395  -8.55  -6.251  2.2656  2.3853  2.4959  -8.23  -9.221  -9.568  -0.7694  -1.022  -1.144
2.7427  0.773  503.217  -6.047  -7.575  -8.627  -3.776  -6.597  -8.585  -6.454  2.2656  2.3853  2.4959  -8.23  -9.221  -9.568  -0.7694  -1.022  -1.144
