#Mini MPD Rad MV_j MI_c MJ_2M MH_2M MK_2M MHw JH JKs HKs medianJ medianH medianKs sigmaJ sigmaH sigmaKs maxJ maxH maxKs minJ minH minKs medianJH medianJKs medianHKs sigmaJH sigmaJKs sigmaHKs maxJH maxJKs maxHKs minJH minJKs minHKs counts
0.002  0.002  0.105  60.05  49.68  37.257  34.027  53.596  36.219  3.23  -16.339  -19.569  37.257  34.027  53.596  0.3  0.3  0.3  999.0  999.0  999.0  -999.0  -999.0  -999.0  3.23  -16.339  -19.569  0.2  0.2  0.2  10.0  10.0  10.0  -10.0  -10.0  -10.0  0.0
0.003  0.003  0.105  55.32  45.63  34.125  32.029  49.186  33.528  2.096  -15.061  -17.157  34.125  32.029  49.186  0.3  0.3  0.3  999.0  999.0  999.0  -999.0  -999.0  -999.0  2.096  -15.061  -17.157  0.2  0.2  0.2  10.0  10.0  10.0  -10.0  -10.0  -10.0  0.0
0.004  0.004  0.105  50.68  41.76  31.374  30.144  45.126  31.058  1.23  -13.752  -14.982  31.374  30.144  45.126  0.3  0.3  0.3  999.0  999.0  999.0  -999.0  -999.0  -999.0  1.23  -13.752  -14.982  0.2  0.2  0.2  10.0  10.0  10.0  -10.0  -10.0  -10.0  0.0
0.005  0.005  0.105  46.5  38.3  29.128  28.509  41.686  28.981  0.619  -12.558  -13.177  29.128  28.509  41.686  0.3  0.3  0.3  999.0  999.0  999.0  -999.0  -999.0  -999.0  0.619  -12.558  -13.177  0.2  0.2  0.2  10.0  10.0  10.0  -10.0  -10.0  -10.0  0.0
0.006  0.006  0.104  42.71  35.18  27.154  27.049  38.646  27.131  0.105  -11.492  -11.597  27.154  27.049  38.646  0.3  0.3  0.3  999.0  999.0  999.0  -999.0  -999.0  -999.0  0.105  -11.492  -11.597  0.2  0.2  0.2  10.0  10.0  10.0  -10.0  -10.0  -10.0  0.0
0.007  0.007  0.103  39.29  32.37  25.426  25.745  35.936  25.492  -0.319  -10.51  -10.191  25.426  25.745  35.936  0.3  0.3  0.3  999.0  999.0  999.0  -999.0  -999.0  -999.0  -0.319  -10.51  -10.191  0.2  0.2  0.2  10.0  10.0  10.0  -10.0  -10.0  -10.0  0.0
0.008  0.008  0.103  36.31  29.93  23.951  24.625  33.626  24.083  -0.674  -9.675  -9.001  23.951  24.625  33.626  0.3  0.3  0.3  999.0  999.0  999.0  -999.0  -999.0  -999.0  -0.674  -9.675  -9.001  0.2  0.2  0.2  10.0  10.0  10.0  -10.0  -10.0  -10.0  0.0
0.009  0.009  0.102  33.73  27.82  22.701  23.651  31.616  22.878  -0.95  -8.915  -7.965  22.701  23.651  31.616  0.3  0.3  0.3  999.0  999.0  999.0  -999.0  -999.0  -999.0  -0.95  -8.915  -7.965  0.2  0.2  0.2  10.0  10.0  10.0  -10.0  -10.0  -10.0  0.0
0.01  0.01  0.101  33.05  27.06  22.269  23.117  30.466  22.43  -0.848  -8.197  -7.349  22.269  23.117  30.466  0.3  0.3  0.3  999.0  999.0  999.0  -999.0  -999.0  -999.0  -0.848  -8.197  -7.349  0.2  0.2  0.2  10.0  10.0  10.0  -10.0  -10.0  -10.0  0.0
0.012  0.012  0.1  31.58  25.46  21.375  22.018  28.136  21.501  -0.643  -6.761  -6.118  21.375  22.018  28.136  0.3  0.3  0.3  999.0  999.0  999.0  -999.0  -999.0  -999.0  -0.643  -6.761  -6.118  0.2  0.2  0.2  10.0  10.0  10.0  -10.0  -10.0  -10.0  0.0
0.015  0.015  0.098  30.2  24.0  20.524  21.017  25.986  20.623  -0.493  -5.462  -4.969  20.524  21.017  25.986  0.3  0.3  0.3  999.0  999.0  999.0  -999.0  -999.0  -999.0  -0.493  -5.462  -4.969  0.2  0.2  0.2  10.0  10.0  10.0  -10.0  -10.0  -10.0  0.0
0.02  0.02  0.095  29.24  22.66  19.661  19.836  23.286  19.698  -0.175  -3.625  -3.45  19.661  19.836  23.286  0.3  0.3  0.3  999.0  999.0  999.0  -999.0  -999.0  -999.0  -0.175  -3.625  -3.45  0.2  0.2  0.2  10.0  10.0  10.0  -10.0  -10.0  -10.0  0.0
0.03  0.03  0.09  28.17  21.17  18.208  18.269  20.016  18.221  -0.061  -1.808  -1.747  18.208  18.269  20.016  0.3  0.3  0.3  999.0  999.0  999.0  -999.0  -999.0  -999.0  -0.061  -1.808  -1.747  0.2  0.2  0.2  10.0  10.0  10.0  -10.0  -10.0  -10.0  0.0
0.04  0.04  0.085  27.58  20.4  16.95  17.091  17.966  16.98  -0.141  -1.016  -0.875  16.95  17.091  17.966  0.3  0.3  0.3  999.0  999.0  999.0  -999.0  -999.0  -999.0  -0.141  -1.016  -0.875  0.2  0.2  0.2  10.0  10.0  10.0  -10.0  -10.0  -10.0  0.0
0.05  0.05  0.082  27.09  19.82  15.878  16.045  16.356  15.913  -0.167  -0.478  -0.311  15.878  16.045  16.356  0.3  0.3  0.3  999.0  999.0  999.0  -999.0  -999.0  -999.0  -0.167  -0.478  -0.311  0.2  0.2  0.2  10.0  10.0  10.0  -10.0  -10.0  -10.0  0.0
0.06  0.06  0.079  26.44  19.2  14.965  15.133  15.126  15.001  -0.168  -0.161  0.007  14.965  15.133  15.126  0.3  0.3  0.3  999.0  999.0  999.0  -999.0  -999.0  -999.0  -0.168  -0.161  0.007  0.2  0.2  0.2  10.0  10.0  10.0  -10.0  -10.0  -10.0  0.0
0.07  0.07  0.081  24.33  17.6  13.487  13.506  13.416  13.491  -0.019  0.071  0.09  13.487  13.506  13.416  0.3  0.3  0.3  999.0  999.0  999.0  -999.0  -999.0  -999.0  -0.019  0.071  0.09  0.2  0.2  0.2  10.0  10.0  10.0  -10.0  -10.0  -10.0  0.0
0.072  0.072  0.083  23.11  16.75  12.943  12.855  12.776  12.924  0.088  0.167  0.079  12.943  12.855  12.776  0.3  0.3  0.3  999.0  999.0  999.0  -999.0  -999.0  -999.0  0.088  0.167  0.079  0.2  0.2  0.2  10.0  10.0  10.0  -10.0  -10.0  -10.0  0.0
0.075  0.075  0.089  21.03  15.34  12.187  11.928  11.756  12.129  0.259  0.431  0.172  12.187  11.928  11.756  0.3  0.3  0.3  999.0  999.0  999.0  -999.0  -999.0  -999.0  0.259  0.431  0.172  0.2  0.2  0.2  10.0  10.0  10.0  -10.0  -10.0  -10.0  0.0
0.08  0.08  0.099  19.11  13.89  11.438  11.081  10.796  11.356  0.357  0.642  0.285  11.438  11.081  10.796  0.3  0.3  0.3  999.0  999.0  999.0  -999.0  -999.0  -999.0  0.357  0.642  0.285  0.2  0.2  0.2  10.0  10.0  10.0  -10.0  -10.0  -10.0  0.0
0.09  0.09  0.12  16.668  12.478  10.465  9.78  9.48  10.301  0.685  0.985  0.3  10.759  10.428  10.257  0.161  0.069  0.077  11.176  10.573  10.486  10.686  10.361  10.229  0.363  0.519  0.155  0.123  0.187  0.065  0.604  0.865  0.261  0.194  0.255  0.061  110.0
0.12  0.12  0.152  15.195  11.614  9.823  9.122  8.793  9.655  0.701  1.03  0.329  9.587  9.064  8.891  0.243  0.207  0.16  10.072  9.47  9.199  9.385  8.895  8.748  0.514  0.696  0.173  0.037  0.084  0.047  0.601  0.872  0.271  0.489  0.636  0.147  77.0
0.15  0.15  0.181  14.224  10.965  9.287  8.641  8.296  9.133  0.646  0.991  0.345  9.287  8.641  8.296  0.3  0.3  0.3  999.0  999.0  999.0  -999.0  -999.0  -999.0  0.646  0.991  0.345  0.2  0.2  0.2  10.0  10.0  10.0  -10.0  -10.0  -10.0  0.0
0.18  0.18  0.208  13.541  10.469  8.878  8.26  7.916  8.731  0.618  0.962  0.344  8.878  8.26  7.916  0.3  0.3  0.3  999.0  999.0  999.0  -999.0  -999.0  -999.0  0.618  0.962  0.344  0.2  0.2  0.2  10.0  10.0  10.0  -10.0  -10.0  -10.0  0.0
0.21  0.21  0.233  12.997  10.067  8.542  7.94  7.601  8.4  0.602  0.941  0.339  8.542  7.94  7.601  0.3  0.3  0.3  999.0  999.0  999.0  -999.0  -999.0  -999.0  0.602  0.941  0.339  0.2  0.2  0.2  10.0  10.0  10.0  -10.0  -10.0  -10.0  0.0
0.24  0.24  0.257  12.539  9.727  8.253  7.662  7.33  8.113  0.591  0.923  0.332  8.134  7.581  7.374  0.005  0.005  0.006  8.142  7.588  7.382  8.125  7.572  7.365  0.553  0.76  0.207  0.0  0.0  0.0  0.553  0.76  0.207  0.553  0.759  0.206  11.0
0.27  0.27  0.28  12.138  9.431  7.997  7.413  7.09  7.859  0.584  0.907  0.323  7.997  7.413  7.09  0.3  0.3  0.3  999.0  999.0  999.0  -999.0  -999.0  -999.0  0.584  0.907  0.323  0.2  0.2  0.2  10.0  10.0  10.0  -10.0  -10.0  -10.0  0.0
0.3  0.3  0.304  11.779  9.163  7.766  7.187  6.872  7.629  0.579  0.894  0.315  7.538  6.977  6.779  0.235  0.211  0.183  7.99  7.384  7.136  7.306  6.779  6.613  0.561  0.759  0.198  0.025  0.052  0.028  0.606  0.854  0.248  0.527  0.693  0.166  78.0
0.33  0.33  0.33  11.452  8.917  7.554  6.978  6.672  7.418  0.576  0.882  0.306  7.82  7.227  6.972  0.332  0.3  0.256  7.829  7.237  6.981  7.121  6.596  6.434  0.592  0.848  0.255  0.032  0.076  0.044  0.593  0.848  0.256  0.525  0.687  0.162  3.0
0.36  0.36  0.357  11.149  8.685  7.357  6.782  6.485  7.221  0.575  0.872  0.297  7.357  6.782  6.485  0.3  0.3  0.3  999.0  999.0  999.0  -999.0  -999.0  -999.0  0.575  0.872  0.297  0.2  0.2  0.2  10.0  10.0  10.0  -10.0  -10.0  -10.0  0.0
0.39  0.39  0.383  10.865  8.465  7.172  6.597  6.309  7.036  0.575  0.863  0.288  7.172  6.597  6.309  0.3  0.3  0.3  999.0  999.0  999.0  -999.0  -999.0  -999.0  0.575  0.863  0.288  0.2  0.2  0.2  10.0  10.0  10.0  -10.0  -10.0  -10.0  0.0
0.42  0.42  0.411  10.597  8.256  6.996  6.42  6.142  6.86  0.576  0.854  0.278  6.996  6.42  6.142  0.3  0.3  0.3  999.0  999.0  999.0  -999.0  -999.0  -999.0  0.576  0.854  0.278  0.2  0.2  0.2  10.0  10.0  10.0  -10.0  -10.0  -10.0  0.0
0.45  0.45  0.441  10.341  8.057  6.828  6.251  5.982  6.692  0.577  0.846  0.269  6.503  5.928  5.763  0.204  0.169  0.136  6.95  6.326  6.096  6.377  5.878  5.739  0.575  0.74  0.166  0.04  0.073  0.034  0.624  0.854  0.23  0.499  0.636  0.137  77.0
0.48  0.48  0.472  10.096  7.867  6.666  6.087  5.827  6.529  0.579  0.839  0.26  6.666  6.087  5.827  0.3  0.3  0.3  999.0  999.0  999.0  -999.0  -999.0  -999.0  0.579  0.839  0.26  0.2  0.2  0.2  10.0  10.0  10.0  -10.0  -10.0  -10.0  0.0
0.55  0.55  0.548  9.137  7.233  6.151  5.55  5.32  6.009  0.601  0.831  0.23  5.68  5.191  5.085  0.231  0.161  0.118  6.228  5.579  5.369  5.618  5.142  5.034  0.518  0.621  0.106  0.081  0.121  0.044  0.649  0.859  0.21  0.432  0.537  0.103  78.0
0.6  0.6  0.596  8.477  6.778  5.783  5.162  4.972  5.636  0.621  0.811  0.19  5.302  4.878  4.787  0.218  0.116  0.083  5.867  5.199  5.018  5.236  4.837  4.749  0.436  0.526  0.091  0.109  0.141  0.033  0.669  0.85  0.181  0.38  0.47  0.088  90.0
0.65  0.65  0.633  7.792  6.325  5.42  4.807  4.664  5.275  0.613  0.756  0.143  4.971  4.597  4.521  0.268  0.134  0.102  5.635  4.953  4.789  4.877  4.536  4.465  0.381  0.456  0.076  0.139  0.169  0.032  0.682  0.846  0.164  0.341  0.412  0.071  107.0
0.691  0.691  0.662  7.236  5.967  5.147  4.583  4.466  5.014  0.564  0.681  0.117  4.676  4.352  4.292  0.074  0.046  0.042  4.803  4.42  4.352  4.63  4.306  4.248  0.324  0.384  0.06  0.03  0.035  0.004  0.384  0.451  0.068  0.324  0.382  0.058  4.0
0.7  0.7  0.668  7.125  5.893  5.092  4.542  4.428  4.963  0.55  0.664  0.114  4.644  4.312  4.254  0.263  0.132  0.108  5.302  4.64  4.514  4.525  4.213  4.162  0.335  0.395  0.06  0.133  0.156  0.024  0.662  0.788  0.126  0.312  0.363  0.051  114.0
0.7  0.7  0.668  7.12  5.889  5.089  4.54  4.426  4.96  0.549  0.663  0.114  4.643  4.312  4.254  0.267  0.134  0.11  5.304  4.641  4.515  4.525  4.213  4.162  0.335  0.395  0.06  0.134  0.158  0.024  0.663  0.789  0.126  0.312  0.363  0.051  107.0
0.726  0.726  0.688  6.804  5.673  4.927  4.426  4.32  4.81  0.501  0.607  0.106  4.486  4.176  4.126  0.241  0.133  0.113  5.012  4.435  4.339  4.354  4.054  4.009  0.313  0.364  0.051  0.109  0.129  0.02  0.576  0.673  0.096  0.3  0.345  0.045  9.0
0.75  0.75  0.707  6.54  5.485  4.783  4.319  4.22  4.675  0.464  0.563  0.099  4.32  4.024  3.983  0.281  0.17  0.149  4.996  4.414  4.315  4.158  3.877  3.842  0.297  0.341  0.044  0.112  0.134  0.022  0.582  0.681  0.098  0.281  0.316  0.035  109.0
0.755  0.755  0.712  6.484  5.444  4.752  4.294  4.196  4.646  0.458  0.556  0.098  4.182  3.899  3.864  0.159  0.114  0.104  4.582  4.176  4.113  4.116  3.838  3.805  0.283  0.321  0.036  0.048  0.058  0.011  0.406  0.469  0.063  0.278  0.311  0.033  11.0
0.787  0.787  0.744  6.172  5.208  4.564  4.148  4.056  4.468  0.416  0.508  0.092  4.112  3.83  3.792  0.276  0.189  0.17  4.706  4.204  4.121  3.917  3.654  3.624  0.286  0.326  0.039  0.089  0.109  0.02  0.502  0.585  0.083  0.259  0.286  0.027  12.0
0.799  0.799  0.756  6.059  5.122  4.495  4.093  4.003  4.403  0.402  0.492  0.09  4.39  3.991  3.927  0.223  0.162  0.147  4.453  4.045  3.979  3.772  3.523  3.497  0.399  0.463  0.064  0.064  0.079  0.016  0.407  0.473  0.066  0.249  0.275  0.026  17.0
0.814  0.813  0.773  5.924  5.018  4.411  4.025  3.937  4.322  0.386  0.474  0.088  3.851  3.583  3.549  0.141  0.116  0.109  4.125  3.809  3.762  3.696  3.452  3.427  0.259  0.288  0.029  0.028  0.036  0.008  0.316  0.362  0.046  0.244  0.269  0.025  9.0
0.838  0.837  0.802  5.712  4.847  4.271  3.911  3.826  4.189  0.36  0.445  0.085  3.706  3.459  3.429  0.188  0.153  0.145  4.105  3.778  3.729  3.431  3.214  3.192  0.258  0.288  0.031  0.037  0.046  0.01  0.327  0.376  0.049  0.212  0.234  0.022  20.0
0.848  0.847  0.816  5.62  4.774  4.211  3.861  3.778  4.131  0.35  0.433  0.083  3.595  3.368  3.345  0.368  0.286  0.267  4.377  3.944  3.872  3.34  3.138  3.117  0.231  0.254  0.024  0.084  0.104  0.02  0.433  0.505  0.072  0.202  0.223  0.02  11.0
0.866  0.865  0.84  5.467  4.651  4.109  3.774  3.694  4.033  0.335  0.415  0.08  3.496  3.293  3.273  0.276  0.225  0.214  3.986  3.649  3.597  3.201  2.99  2.967  0.211  0.234  0.023  0.055  0.067  0.013  0.337  0.389  0.052  0.189  0.208  0.019  13.0
0.888  0.887  0.873  5.282  4.501  3.981  3.664  3.589  3.909  0.317  0.392  0.075  3.366  3.121  3.092  0.306  0.26  0.25  3.891  3.57  3.521  3.008  2.799  2.776  0.244  0.273  0.029  0.05  0.06  0.011  0.321  0.37  0.049  0.172  0.191  0.019  13.0
0.897  0.896  0.888  5.209  4.441  3.93  3.619  3.546  3.859  0.311  0.384  0.073  3.476  3.218  3.184  0.265  0.224  0.216  3.861  3.551  3.504  2.849  2.699  2.68  0.259  0.292  0.033  0.044  0.052  0.009  0.31  0.355  0.045  0.15  0.169  0.019  28.0
0.905  0.904  0.901  5.144  4.387  3.883  3.577  3.505  3.814  0.306  0.378  0.072  3.241  3.004  2.976  0.336  0.289  0.282  3.689  3.4  3.36  2.503  2.363  2.343  0.226  0.25  0.025  0.051  0.06  0.009  0.289  0.329  0.04  0.14  0.16  0.018  35.0
0.919  0.918  0.927  5.03  4.29  3.798  3.502  3.432  3.731  0.296  0.366  0.07  3.141  2.913  2.882  0.497  0.453  0.446  3.855  3.522  3.47  1.982  1.796  1.773  0.2  0.221  0.023  0.056  0.066  0.01  0.333  0.385  0.052  0.135  0.155  0.018  27.0
0.933  0.932  0.953  4.921  4.198  3.716  3.43  3.361  3.651  0.286  0.355  0.069  2.325  2.163  2.142  1.151  1.225  1.242  3.39  3.141  3.109  -0.511  -0.93  -1.004  0.227  0.253  0.026  0.097  0.116  0.02  0.411  0.484  0.073  0.113  0.131  0.018  45.0
0.946  0.945  0.981  4.815  4.108  3.637  3.358  3.291  3.574  0.279  0.346  0.067  -0.771  -1.062  -1.104  1.791  1.861  1.876  3.272  3.032  3.003  -2.561  -3.063  -3.151  0.346  0.399  0.052  0.093  0.112  0.02  0.484  0.569  0.085  0.103  0.122  0.019  118.0
0.955  0.954  1.001  4.743  4.045  3.581  3.307  3.241  3.519  0.274  0.34  0.066  -1.076  -1.448  -1.512  2.631  2.786  2.814  2.953  2.755  2.733  -5.593  -6.369  -6.51  0.44  0.513  0.073  0.165  0.194  0.03  0.717  0.837  0.12  0.107  0.127  0.017  216.0
0.967  0.966  1.029  4.647  3.962  3.505  3.238  3.173  3.445  0.267  0.332  0.065  -0.994  -1.376  -1.434  2.302  2.457  2.485  2.667  2.467  2.437  -5.176  -5.972  -6.126  0.4  0.465  0.065  0.166  0.196  0.031  0.726  0.851  0.126  0.083  0.101  0.018  160.0
0.979  0.978  1.058  4.556  3.881  3.432  3.171  3.107  3.373  0.261  0.325  0.064  -2.032  -2.495  -2.572  2.299  2.446  2.475  2.66  2.492  2.471  -5.521  -6.245  -6.37  0.472  0.551  0.078  0.158  0.192  0.034  0.807  0.975  0.168  0.074  0.092  0.018  298.0
0.995  0.995  1.103  4.422  3.763  3.324  3.07  3.008  3.267  0.254  0.316  0.062  -1.598  -2.066  -2.139  2.293  2.453  2.489  2.169  2.011  1.991  -5.424  -6.177  -6.392  0.453  0.527  0.075  0.177  0.218  0.042  0.827  1.008  0.179  0.079  0.098  0.019  295.0
0.999  0.998  1.113  4.393  3.737  3.3  3.047  2.986  3.243  0.253  0.314  0.061  -3.078  -3.644  -3.73  2.326  2.494  2.53  2.196  2.071  2.052  -5.523  -6.246  -6.422  0.571  0.66  0.088  0.179  0.22  0.043  0.829  1.01  0.179  0.061  0.079  0.018  352.0
1.017  1.016  1.169  4.252  3.608  3.179  2.933  2.873  3.124  0.246  0.306  0.06  -1.572  -2.085  -2.156  2.105  2.238  2.269  2.243  2.048  2.02  -5.455  -6.254  -6.486  0.476  0.557  0.078  0.155  0.193  0.039  0.82  1.003  0.183  0.122  0.143  0.021  287.0
1.034  1.032  1.226  4.124  3.489  3.065  2.823  2.764  3.011  0.242  0.301  0.059  -1.65  -2.134  -2.218  2.004  2.142  2.174  2.125  1.905  1.878  -5.451  -6.321  -6.523  0.484  0.568  0.08  0.152  0.187  0.036  0.829  1.004  0.175  0.199  0.224  0.025  238.0
1.044  1.043  1.268  4.038  3.408  2.987  2.747  2.689  2.933  0.24  0.298  0.058  -2.708  -3.272  -3.359  2.085  2.236  2.277  1.807  1.379  1.314  -5.573  -6.35  -6.557  0.559  0.645  0.088  0.17  0.218  0.051  0.865  1.073  0.207  0.194  0.218  0.024  319.0
1.046  1.045  1.276  4.023  3.393  2.972  2.734  2.675  2.919  0.238  0.297  0.059  -1.03  -1.469  -1.527  2.08  2.197  2.219  2.89  2.64  2.606  -5.157  -5.939  -6.087  0.446  0.514  0.066  0.131  0.155  0.025  0.696  0.815  0.119  0.195  0.219  0.024  142.0
1.058  1.057  1.329  3.921  3.296  2.878  2.642  2.584  2.825  0.236  0.294  0.058  -2.174  -2.768  -2.86  2.21  2.389  2.459  2.053  1.804  1.771  -5.777  -6.731  -7.085  0.588  0.68  0.092  0.187  0.265  0.082  0.937  1.244  0.307  0.211  0.237  0.026  211.0
1.062  1.061  1.347  3.887  3.264  2.847  2.612  2.554  2.794  0.235  0.293  0.058  -1.177  -1.622  -1.685  2.279  2.448  2.499  2.848  2.585  2.548  -5.464  -6.385  -6.673  0.516  0.593  0.077  0.182  0.239  0.06  0.866  1.105  0.239  0.212  0.238  0.026  150.0
1.074  1.072  1.408  3.784  3.164  2.748  2.514  2.457  2.695  0.234  0.291  0.057  -1.097  -1.559  -1.634  2.189  2.346  2.387  2.406  2.158  2.123  -5.212  -6.098  -6.333  0.509  0.585  0.076  0.164  0.208  0.046  0.827  1.005  0.19  0.22  0.247  0.027  129.0
1.083  1.082  1.468  3.694  3.074  2.658  2.424  2.366  2.605  0.234  0.292  0.058  -1.132  -1.666  -1.746  2.15  2.292  2.329  2.425  2.175  2.139  -5.278  -6.143  -6.35  0.539  0.619  0.08  0.148  0.187  0.04  0.824  1.007  0.184  0.224  0.253  0.029  98.0
1.093  1.092  1.538  3.6  2.978  2.56  2.325  2.267  2.507  0.235  0.293  0.058  -1.222  -1.773  -1.856  2.073  2.233  2.301  2.428  2.178  2.144  -5.577  -6.492  -6.825  0.544  0.632  0.083  0.165  0.238  0.076  0.888  1.177  0.289  0.24  0.273  0.033  111.0
1.1  1.099  1.594  3.532  2.907  2.487  2.25  2.191  2.434  0.237  0.296  0.059  -1.071  -1.56  -1.628  2.452  2.634  2.69  2.91  2.635  2.59  -5.454  -6.37  -6.653  0.471  0.542  0.071  0.191  0.251  0.063  0.867  1.109  0.242  0.23  0.26  0.03  139.0
1.103  1.101  1.618  3.506  2.879  2.458  2.221  2.162  2.405  0.237  0.296  0.059  -4.008  -4.76  -4.932  2.16  2.331  2.397  1.548  1.132  1.068  -5.766  -6.73  -7.04  0.763  0.934  0.172  0.176  0.247  0.074  0.93  1.204  0.284  0.231  0.262  0.031  234.0
1.111  1.109  1.693  3.433  2.798  2.371  2.129  2.069  2.317  0.242  0.302  0.06  -1.914  -2.578  -2.697  2.203  2.374  2.434  2.486  2.237  2.2  -5.452  -6.367  -6.649  0.653  0.764  0.112  0.176  0.239  0.065  0.884  1.137  0.253  0.236  0.269  0.033  92.0
1.12  1.118  1.805  3.348  2.695  2.255  2.003  1.941  2.198  0.252  0.314  0.062  -1.578  -2.193  -2.288  1.839  1.961  1.987  2.462  2.21  2.173  -3.279  -3.969  -4.105  0.611  0.71  0.097  0.128  0.155  0.028  0.68  0.815  0.135  0.242  0.276  0.034  71.0
1.128  1.126  1.942  3.299  2.611  2.145  1.873  1.806  2.084  0.272  0.339  0.067  -4.428  -5.262  -5.494  2.134  2.303  2.392  1.335  0.844  0.766  -6.155  -7.106  -7.539  0.831  1.055  0.218  0.173  0.268  0.099  0.949  1.315  0.376  0.256  0.293  0.037  316.0
1.133  1.131  2.046  3.314  2.584  2.088  1.792  1.721  2.021  0.296  0.367  0.071  -2.366  -3.026  -3.143  2.505  2.683  2.76  2.146  1.738  1.673  -5.566  -6.477  -6.804  0.66  0.777  0.117  0.182  0.263  0.084  0.904  1.193  0.295  0.249  0.285  0.036  89.0
1.135  1.133  2.12  3.358  2.589  2.064  1.746  1.671  1.992  0.318  0.393  0.075  -1.014  -1.542  -1.627  1.299  1.369  1.381  2.564  2.275  2.229  -1.202  -1.748  -1.836  0.509  0.587  0.082  0.084  0.099  0.015  0.585  0.685  0.1  0.251  0.287  0.036  63.0
1.137  1.135  2.175  3.415  2.611  2.06  1.718  1.64  1.982  0.342  0.42  0.078  -2.306  -2.948  -3.074  2.626  2.823  2.935  2.375  2.083  2.04  -6.189  -7.138  -7.57  0.644  0.769  0.126  0.201  0.317  0.12  0.939  1.335  0.396  0.253  0.29  0.037  170.0
1.139  1.137  2.246  3.477  2.633  2.05  1.683  1.602  1.966  0.367  0.448  0.081  -3.46  -4.2  -4.388  2.172  2.33  2.416  1.302  0.847  0.779  -6.017  -6.98  -7.357  0.749  0.942  0.193  0.162  0.252  0.093  0.948  1.274  0.346  0.257  0.295  0.038  164.0
1.141  1.139  2.363  3.516  2.626  2.007  1.611  1.525  1.916  0.396  0.482  0.086  -1.096  -1.674  -1.762  2.103  2.255  2.327  2.071  1.718  1.658  -5.562  -6.473  -6.799  0.578  0.668  0.099  0.155  0.228  0.076  0.893  1.189  0.296  0.26  0.297  0.037  85.0
1.142  1.14  2.44  3.506  2.599  1.964  1.557  1.47  1.87  0.407  0.494  0.087  -1.051  -1.592  -1.679  2.024  2.168  2.237  1.888  1.527  1.472  -5.562  -6.473  -6.799  0.561  0.657  0.097  0.147  0.219  0.075  0.892  1.187  0.295  0.262  0.301  0.039  88.0
1.143  1.141  2.528  3.487  2.562  1.913  1.494  1.406  1.816  0.419  0.507  0.088  -1.027  -1.566  -1.656  1.704  1.814  1.848  2.171  1.9  1.845  -4.411  -5.234  -5.448  0.553  0.65  0.097  0.115  0.151  0.038  0.779  0.967  0.188  0.245  0.28  0.035  84.0
1.145  1.143  2.63  3.445  2.506  1.847  1.419  1.329  1.748  0.428  0.518  0.09  -3.782  -4.566  -4.778  2.44  2.626  2.75  2.033  1.619  1.564  -6.276  -7.229  -7.715  0.779  0.986  0.208  0.188  0.316  0.134  0.937  1.378  0.441  0.245  0.28  0.035  220.0
1.145  1.143  2.656  3.432  2.49  1.829  1.4  1.309  1.73  0.429  0.52  0.091  -3.737  -4.506  -4.742  2.44  2.625  2.749  1.94  1.607  1.541  -6.276  -7.229  -7.715  0.777  0.984  0.207  0.187  0.315  0.134  0.937  1.378  0.441  0.245  0.28  0.035  221.0
1.146  1.144  2.823  3.342  2.387  1.715  1.278  1.187  1.614  0.437  0.528  0.091  -3.718  -4.506  -4.742  2.514  2.705  2.841  1.939  1.549  1.485  -6.276  -7.229  -7.715  0.788  1.024  0.236  0.194  0.334  0.144  0.938  1.384  0.446  0.248  0.283  0.035  189.0
1.148  1.146  3.0  3.242  2.277  1.598  1.154  1.062  1.495  0.444  0.536  0.092  -2.84  -3.535  -3.71  2.368  2.548  2.656  1.936  1.545  1.484  -6.213  -7.161  -7.591  0.702  0.874  0.172  0.183  0.294  0.114  0.938  1.333  0.395  0.249  0.286  0.037  172.0
1.149  1.147  3.223  3.116  2.143  1.456  1.006  0.912  1.352  0.45  0.544  0.094  -1.079  -1.592  -1.682  2.866  3.084  3.198  2.564  2.304  2.268  -6.213  -7.161  -7.591  0.567  0.667  0.097  0.222  0.338  0.122  0.939  1.339  0.4  0.249  0.286  0.036  131.0
1.151  1.148  3.437  3.002  2.021  1.328  0.873  0.779  1.223  0.455  0.549  0.094  -0.985  -1.55  -1.648  1.896  2.024  2.052  2.562  2.287  2.243  -3.66  -4.403  -4.574  0.552  0.638  0.089  0.136  0.165  0.03  0.679  0.817  0.143  0.25  0.286  0.036  119.0
1.152  1.149  3.62  2.907  1.921  1.223  0.764  0.67  1.117  0.459  0.553  0.094  -3.272  -3.996  -4.164  2.293  2.465  2.548  2.102  1.698  1.632  -6.049  -7.011  -7.391  0.721  0.891  0.169  0.175  0.262  0.089  0.946  1.267  0.322  0.259  0.297  0.038  188.0
1.153  1.151  3.868  2.786  1.793  1.089  0.626  0.531  0.982  0.463  0.558  0.095  -3.871  -4.64  -4.822  2.517  2.7  2.785  2.22  1.773  1.697  -6.049  -7.011  -7.391  0.777  0.97  0.196  0.185  0.273  0.091  0.948  1.27  0.323  0.27  0.312  0.042  167.0
1.154  1.152  4.132  2.666  1.666  0.955  0.488  0.393  0.847  0.467  0.562  0.095  -3.892  -4.694  -4.94  2.634  2.827  2.959  2.157  1.766  1.715  -6.296  -7.244  -7.735  0.802  1.047  0.245  0.195  0.33  0.14  0.937  1.382  0.445  0.261  0.3  0.038  198.0
1.155  1.153  4.428  2.542  1.533  0.816  0.344  0.248  0.706  0.472  0.568  0.096  -3.464  -4.225  -4.444  2.577  2.767  2.9  2.123  1.769  1.722  -6.296  -7.244  -7.735  0.761  0.98  0.219  0.192  0.328  0.141  0.937  1.383  0.445  0.254  0.292  0.038  192.0
1.156  1.153  4.73  2.425  1.409  0.685  0.208  0.111  0.574  0.477  0.574  0.097  -4.209  -5.033  -5.299  2.578  2.76  2.893  2.059  1.574  1.503  -6.296  -7.244  -7.735  0.824  1.09  0.266  0.185  0.322  0.141  0.938  1.384  0.446  0.254  0.292  0.038  175.0
1.156  1.154  5.046  2.313  1.288  0.557  0.074  -0.023  0.445  0.483  0.58  0.097  -1.094  -1.63  -1.715  2.021  2.153  2.194  2.381  2.121  2.076  -4.73  -5.581  -5.812  0.593  0.696  0.095  0.14  0.183  0.045  0.805  1.007  0.202  0.251  0.288  0.037  87.0
1.157  1.155  5.388  2.202  1.167  0.429  -0.059  -0.158  0.315  0.488  0.587  0.099  -1.983  -2.603  -2.731  2.029  2.165  2.218  2.102  1.732  1.673  -5.445  -6.354  -6.631  0.637  0.755  0.117  0.143  0.2  0.059  0.863  1.102  0.244  0.251  0.288  0.037  119.0
1.158  1.155  5.763  2.088  1.043  0.298  -0.197  -0.296  0.183  0.495  0.594  0.099  -3.888  -4.682  -4.893  2.273  2.445  2.546  1.911  1.542  1.484  -6.233  -7.18  -7.608  0.787  1.002  0.215  0.175  0.279  0.108  0.937  1.33  0.393  0.251  0.288  0.037  222.0
1.158  1.156  6.15  1.977  0.923  0.168  -0.332  -0.432  0.051  0.5  0.6  0.1  -4.009  -4.805  -5.029  2.364  2.542  2.645  2.1  1.746  1.684  -6.233  -7.18  -7.608  0.797  1.018  0.222  0.181  0.287  0.111  0.937  1.331  0.394  0.256  0.293  0.037  215.0
1.159  1.156  6.573  1.868  0.803  0.04  -0.467  -0.568  -0.078  0.507  0.608  0.101  -3.888  -4.682  -4.911  2.457  2.641  2.75  2.083  1.7  1.646  -6.233  -7.18  -7.608  0.795  1.025  0.23  0.187  0.299  0.116  0.938  1.335  0.396  0.272  0.314  0.04  196.0
1.159  1.157  7.012  1.763  0.687  -0.084  -0.598  -0.701  -0.204  0.514  0.617  0.103  -4.299  -5.123  -5.363  2.627  2.821  2.935  2.153  1.785  1.711  -6.233  -7.18  -7.608  0.828  1.073  0.249  0.197  0.314  0.12  0.939  1.337  0.398  0.272  0.314  0.04  176.0
1.16  1.157  7.46  1.662  0.575  -0.205  -0.726  -0.83  -0.327  0.521  0.625  0.104  -4.323  -5.15  -5.392  2.697  2.899  3.017  2.174  1.792  1.719  -6.233  -7.18  -7.608  0.827  1.069  0.241  0.204  0.325  0.124  0.939  1.34  0.401  0.257  0.295  0.038  151.0
1.16  1.157  7.963  1.558  0.459  -0.331  -0.858  -0.963  -0.454  0.527  0.632  0.105  -0.97  -1.524  -1.62  1.416  1.5  1.514  2.386  2.106  2.066  -1.207  -1.815  -1.915  0.51  0.593  0.086  0.098  0.116  0.018  0.592  0.689  0.099  0.257  0.295  0.038  66.0
1.16  1.158  8.489  1.457  0.346  -0.453  -0.987  -1.094  -0.578  0.534  0.641  0.107  -0.972  -1.526  -1.623  1.399  1.478  1.492  2.346  2.078  2.032  -1.442  -2.067  -2.172  0.521  0.609  0.088  0.093  0.11  0.018  0.599  0.696  0.098  0.257  0.295  0.038  66.0
1.161  1.158  9.054  1.357  0.234  -0.575  -1.117  -1.226  -0.702  0.542  0.651  0.109  -0.976  -1.53  -1.627  1.364  1.44  1.453  2.404  2.13  2.088  -1.792  -2.444  -2.556  0.543  0.633  0.09  0.091  0.108  0.017  0.621  0.725  0.104  0.257  0.295  0.038  70.0
1.161  1.158  9.646  1.26  0.124  -0.694  -1.244  -1.354  -0.823  0.55  0.66  0.11  -0.976  -1.53  -1.627  1.408  1.491  1.506  2.434  2.165  2.124  -2.019  -2.683  -2.803  0.546  0.637  0.091  0.098  0.116  0.019  0.639  0.746  0.108  0.252  0.288  0.036  71.0
1.161  1.158  10.248  1.168  0.019  -0.809  -1.365  -1.477  -0.94  0.556  0.668  0.112  -0.978  -1.533  -1.63  1.455  1.543  1.56  2.434  2.161  2.119  -2.353  -3.031  -3.167  0.546  0.637  0.091  0.102  0.123  0.021  0.662  0.779  0.117  0.252  0.288  0.036  73.0
1.162  1.158  10.599  1.116  -0.041  -0.875  -1.434  -1.547  -1.006  0.559  0.672  0.113  -0.987  -1.547  -1.644  1.5  1.595  1.615  2.396  2.127  2.085  -2.68  -3.372  -3.526  0.552  0.648  0.096  0.108  0.132  0.025  0.675  0.808  0.133  0.252  0.288  0.036  72.0
1.162  1.159  10.274  1.159  0.011  -0.817  -1.372  -1.484  -0.947  0.555  0.667  0.112  -1.003  -1.558  -1.649  1.645  1.749  1.774  2.433  2.153  2.108  -3.112  -3.833  -4.009  0.551  0.647  0.094  0.116  0.144  0.03  0.693  0.848  0.155  0.252  0.288  0.036  78.0
1.162  1.159  9.675  1.245  0.112  -0.704  -1.252  -1.362  -0.833  0.548  0.658  0.11  -1.045  -1.578  -1.657  1.721  1.83  1.86  2.426  2.142  2.096  -3.536  -4.293  -4.489  0.552  0.648  0.096  0.12  0.153  0.036  0.721  0.896  0.176  0.252  0.288  0.036  82.0
1.162  1.159  9.496  1.272  0.143  -0.67  -1.215  -1.325  -0.798  0.545  0.655  0.11  -1.053  -1.578  -1.659  1.744  1.855  1.887  2.418  2.135  2.09  -3.64  -4.406  -4.608  0.552  0.648  0.096  0.122  0.157  0.037  0.729  0.91  0.181  0.252  0.288  0.036  83.0
1.162  1.159  9.907  1.208  0.07  -0.749  -1.3  -1.411  -0.878  0.551  0.662  0.111  -1.086  -1.598  -1.679  1.828  1.949  1.99  2.287  2.0  1.955  -4.324  -5.15  -5.389  0.554  0.65  0.097  0.13  0.175  0.047  0.784  0.994  0.21  0.252  0.288  0.036  89.0
1.162  1.159  10.565  1.111  -0.042  -0.872  -1.43  -1.542  -1.003  0.558  0.67  0.112  -1.182  -1.709  -1.786  2.057  2.2  2.261  2.206  1.876  1.824  -5.558  -6.467  -6.79  0.576  0.679  0.1  0.149  0.214  0.068  0.878  1.158  0.28  0.252  0.288  0.036  111.0
1.163  1.159  11.273  1.015  -0.153  -0.994  -1.56  -1.674  -1.127  0.566  0.68  0.114  -1.509  -2.111  -2.222  1.986  2.126  2.187  2.196  1.87  1.815  -5.558  -6.467  -6.79  0.602  0.712  0.109  0.147  0.212  0.067  0.877  1.156  0.279  0.251  0.288  0.036  114.0
1.163  1.159  12.041  0.919  -0.267  -1.119  -1.692  -1.808  -1.254  0.573  0.689  0.116  -3.443  -4.2  -4.417  2.334  2.505  2.62  2.022  1.587  1.517  -6.207  -7.144  -7.59  0.757  0.953  0.202  0.175  0.293  0.122  0.927  1.348  0.421  0.251  0.288  0.036  203.0
1.163  1.159  12.846  0.826  -0.376  -1.239  -1.821  -1.938  -1.376  0.582  0.699  0.117  -3.701  -4.478  -4.697  2.358  2.532  2.655  1.966  1.562  1.484  -6.311  -7.262  -7.757  0.777  0.997  0.218  0.178  0.305  0.132  0.935  1.373  0.438  0.251  0.288  0.036  228.0
1.163  1.159  13.688  0.735  -0.484  -1.359  -1.948  -2.067  -1.498  0.589  0.708  0.119  -3.649  -4.42  -4.637  2.377  2.553  2.675  2.043  1.584  1.516  -6.311  -7.262  -7.757  0.773  0.988  0.215  0.179  0.306  0.132  0.935  1.372  0.438  0.251  0.288  0.037  230.0
1.164  1.159  14.603  0.645  -0.592  -1.479  -2.077  -2.198  -1.62  0.598  0.719  0.121  -3.544  -4.306  -4.516  2.386  2.561  2.683  2.043  1.579  1.505  -6.311  -7.262  -7.757  0.761  0.971  0.207  0.179  0.306  0.132  0.934  1.371  0.437  0.251  0.288  0.037  234.0
1.164  1.159  15.58  0.556  -0.7  -1.598  -2.205  -2.327  -1.742  0.607  0.729  0.122  -3.44  -4.18  -4.371  2.389  2.564  2.685  2.042  1.572  1.492  -6.311  -7.262  -7.757  0.748  0.948  0.2  0.178  0.305  0.131  0.933  1.369  0.435  0.251  0.288  0.037  239.0
1.164  1.159  16.59  0.47  -0.805  -1.715  -2.33  -2.455  -1.861  0.615  0.74  0.125  -4.298  -5.13  -5.347  2.274  2.441  2.549  1.801  1.365  1.297  -6.311  -7.262  -7.757  0.824  1.065  0.236  0.17  0.284  0.121  0.934  1.365  0.433  0.251  0.288  0.037  285.0
1.164  1.159  17.716  0.384  -0.912  -1.835  -2.459  -2.586  -1.983  0.624  0.751  0.127  -4.463  -5.317  -5.573  2.264  2.429  2.536  1.701  1.25  1.18  -6.311  -7.262  -7.757  0.847  1.095  0.245  0.17  0.281  0.118  0.942  1.365  0.433  0.251  0.288  0.037  309.0
1.164  1.159  18.865  0.299  -1.013  -1.949  -2.578  -2.709  -2.098  0.629  0.76  0.131  -4.527  -5.374  -5.645  2.216  2.379  2.485  1.373  0.855  0.766  -6.311  -7.262  -7.757  0.852  1.1  0.247  0.167  0.278  0.118  0.942  1.365  0.433  0.251  0.288  0.037  302.0
1.164  1.159  20.089  0.213  -1.114  -2.062  -2.696  -2.831  -2.213  0.634  0.769  0.135  -4.56  -5.416  -5.706  2.207  2.37  2.475  1.44  0.936  0.85  -6.311  -7.262  -7.757  0.856  1.104  0.249  0.166  0.277  0.118  0.943  1.365  0.433  0.251  0.288  0.037  297.0
1.164  1.159  21.402  0.127  -1.215  -2.177  -2.814  -2.954  -2.328  0.637  0.777  0.14  -4.606  -5.462  -5.725  2.195  2.358  2.464  1.313  0.799  0.715  -6.311  -7.262  -7.757  0.856  1.116  0.25  0.166  0.277  0.118  0.943  1.365  0.433  0.251  0.288  0.037  293.0
1.164  1.158  22.801  0.045  -1.313  -2.288  -2.93  -3.076  -2.441  0.642  0.788  0.146  -4.606  -5.462  -5.725  2.219  2.382  2.489  1.437  0.951  0.874  -6.311  -7.262  -7.757  0.856  1.116  0.25  0.167  0.279  0.119  0.943  1.365  0.433  0.251  0.288  0.037  293.0
1.165  1.158  24.264  -0.037  -1.412  -2.4  -3.046  -3.198  -2.554  0.646  0.798  0.152  -4.624  -5.489  -5.742  2.248  2.413  2.52  1.702  1.251  1.181  -6.311  -7.262  -7.757  0.86  1.117  0.251  0.169  0.281  0.119  0.944  1.365  0.433  0.251  0.288  0.037  288.0
1.165  1.158  25.832  -0.117  -1.506  -2.51  -3.16  -3.317  -2.665  0.65  0.807  0.157  -4.711  -5.577  -5.849  2.249  2.413  2.52  1.694  1.243  1.173  -6.311  -7.262  -7.757  0.864  1.129  0.253  0.168  0.281  0.119  0.945  1.366  0.433  0.251  0.288  0.037  276.0
1.165  1.158  27.489  -0.197  -1.602  -2.62  -3.275  -3.438  -2.776  0.655  0.818  0.163  -4.72  -5.589  -5.854  2.284  2.449  2.557  1.702  1.251  1.181  -6.311  -7.262  -7.757  0.866  1.129  0.253  0.169  0.283  0.12  0.946  1.366  0.434  0.251  0.288  0.037  268.0
1.165  1.157  29.265  -0.275  -1.697  -2.73  -3.39  -3.559  -2.887  0.66  0.829  0.169  -4.703  -5.569  -5.808  2.347  2.518  2.628  1.866  1.427  1.354  -6.311  -7.262  -7.757  0.861  1.124  0.252  0.175  0.29  0.122  0.947  1.367  0.434  0.251  0.288  0.037  265.0
1.165  1.157  31.071  -0.35  -1.789  -2.837  -3.502  -3.677  -2.996  0.665  0.84  0.175  -4.642  -5.498  -5.797  2.363  2.536  2.646  1.857  1.417  1.344  -6.311  -7.262  -7.757  0.86  1.122  0.252  0.176  0.292  0.123  0.946  1.366  0.434  0.251  0.288  0.037  266.0
1.165  1.156  33.079  -0.421  -1.883  -2.946  -3.619  -3.8  -3.107  0.673  0.854  0.181  -4.678  -5.534  -5.806  2.366  2.538  2.648  1.876  1.437  1.363  -6.311  -7.262  -7.757  0.861  1.124  0.252  0.176  0.292  0.123  0.947  1.367  0.434  0.251  0.288  0.037  264.0
1.165  1.156  35.152  -0.484  -1.976  -3.054  -3.736  -3.922  -3.217  0.682  0.868  0.186  -4.704  -5.571  -5.826  2.398  2.573  2.684  1.93  1.513  1.431  -6.311  -7.262  -7.757  0.862  1.126  0.252  0.179  0.295  0.123  0.947  1.367  0.434  0.251  0.288  0.037  262.0
1.165  1.156  37.381  -0.548  -2.069  -3.163  -3.853  -4.042  -3.328  0.69  0.879  0.189  -4.703  -5.569  -5.808  2.402  2.577  2.688  1.928  1.511  1.429  -6.311  -7.262  -7.757  0.861  1.124  0.252  0.179  0.295  0.123  0.947  1.367  0.434  0.259  0.297  0.038  263.0
1.165  1.155  39.724  -0.61  -2.161  -3.271  -3.97  -4.164  -3.439  0.699  0.893  0.194  -4.706  -5.573  -5.844  2.43  2.606  2.717  1.931  1.516  1.433  -6.311  -7.262  -7.757  0.863  1.129  0.253  0.18  0.296  0.124  0.947  1.367  0.434  0.259  0.297  0.038  261.0
1.165  1.154  42.146  -0.663  -2.249  -3.375  -4.083  -4.282  -3.545  0.708  0.907  0.199  -4.711  -5.577  -5.849  2.434  2.61  2.722  1.934  1.518  1.435  -6.311  -7.262  -7.757  0.864  1.129  0.253  0.18  0.297  0.124  0.947  1.367  0.434  0.259  0.297  0.038  260.0
1.165  1.154  44.736  -0.718  -2.338  -3.481  -4.197  -4.401  -3.653  0.716  0.92  0.204  -4.735  -5.602  -5.862  2.432  2.608  2.719  1.948  1.524  1.443  -6.311  -7.262  -7.757  0.868  1.13  0.254  0.18  0.297  0.124  0.947  1.367  0.434  0.259  0.297  0.038  256.0
1.165  1.153  47.507  -0.772  -2.426  -3.587  -4.312  -4.521  -3.761  0.725  0.934  0.209  -4.735  -5.602  -5.862  2.432  2.608  2.719  1.948  1.524  1.443  -6.311  -7.262  -7.757  0.868  1.13  0.254  0.18  0.297  0.124  0.947  1.367  0.434  0.259  0.297  0.038  256.0
1.165  1.152  50.368  -0.813  -2.509  -3.689  -4.421  -4.635  -3.865  0.732  0.946  0.214  -4.735  -5.602  -5.862  2.432  2.608  2.719  1.948  1.524  1.443  -6.311  -7.262  -7.757  0.868  1.13  0.254  0.18  0.297  0.124  0.947  1.367  0.434  0.259  0.297  0.038  256.0
1.165  1.151  53.34  -0.856  -2.593  -3.79  -4.531  -4.75  -3.969  0.741  0.96  0.219  -4.678  -5.536  -5.806  2.591  2.778  2.893  2.021  1.562  1.482  -6.311  -7.262  -7.757  0.86  1.116  0.245  0.191  0.312  0.13  0.948  1.378  0.441  0.259  0.297  0.038  212.0
1.165  1.15  56.579  -0.896  -2.676  -3.891  -4.641  -4.865  -4.072  0.75  0.974  0.224  -4.678  -5.536  -5.806  2.591  2.778  2.893  2.021  1.562  1.482  -6.311  -7.262  -7.757  0.86  1.116  0.245  0.191  0.312  0.13  0.948  1.378  0.441  0.259  0.297  0.038  212.0
1.165  1.149  60.821  -0.926  -2.776  -4.019  -4.778  -5.009  -4.202  0.759  0.99  0.231  -4.678  -5.536  -5.806  2.591  2.778  2.893  2.021  1.562  1.482  -6.311  -7.262  -7.757  0.86  1.116  0.245  0.191  0.312  0.13  0.948  1.378  0.441  0.259  0.297  0.038  212.0
1.165  1.148  65.201  -0.951  -2.87  -4.14  -4.909  -5.146  -4.326  0.769  1.006  0.237  -3.384  -4.094  -4.251  2.633  2.823  2.909  2.225  1.9  1.847  -6.077  -7.038  -7.416  0.709  0.866  0.157  0.195  0.285  0.093  0.949  1.274  0.325  0.259  0.297  0.038  150.0
1.165  1.146  70.009  -0.963  -2.962  -4.264  -5.041  -5.285  -4.452  0.777  1.021  0.244  -3.384  -4.094  -4.251  2.633  2.823  2.909  2.225  1.9  1.847  -6.077  -7.038  -7.416  0.709  0.866  0.157  0.195  0.285  0.093  0.949  1.274  0.325  0.259  0.297  0.038  150.0
1.165  1.145  75.033  -0.963  -3.05  -4.384  -5.17  -5.421  -4.575  0.786  1.037  0.251  -3.384  -4.094  -4.251  2.633  2.823  2.909  2.225  1.9  1.847  -6.077  -7.038  -7.416  0.709  0.866  0.157  0.195  0.285  0.093  0.949  1.274  0.325  0.259  0.297  0.038  150.0
1.165  1.143  80.289  -0.956  -3.134  -4.503  -5.296  -5.554  -4.695  0.793  1.051  0.258  -3.98  -4.755  -4.942  2.631  2.819  2.906  2.217  1.836  1.772  -6.077  -7.038  -7.416  0.775  0.962  0.187  0.193  0.283  0.092  0.949  1.278  0.329  0.259  0.297  0.038  139.0
1.165  1.141  85.912  -0.926  -3.212  -4.62  -5.423  -5.687  -4.815  0.803  1.067  0.264  -3.98  -4.755  -4.942  2.631  2.819  2.906  2.217  1.836  1.772  -6.077  -7.038  -7.416  0.775  0.962  0.187  0.193  0.283  0.092  0.949  1.278  0.329  0.259  0.297  0.038  139.0
1.165  1.139  91.866  -0.891  -3.286  -4.734  -5.545  -5.817  -4.931  0.811  1.083  0.272  -3.98  -4.755  -4.942  2.631  2.819  2.906  2.217  1.836  1.772  -6.077  -7.038  -7.416  0.775  0.962  0.187  0.193  0.283  0.092  0.949  1.278  0.329  0.259  0.297  0.038  139.0
1.165  1.136  98.278  -0.83  -3.35  -4.851  -5.668  -5.948  -5.05  0.817  1.097  0.28  -3.98  -4.755  -4.942  2.631  2.819  2.906  2.217  1.836  1.772  -6.077  -7.038  -7.416  0.775  0.962  0.187  0.193  0.283  0.092  0.949  1.278  0.329  0.259  0.297  0.038  139.0
1.165  1.134  104.847  -0.757  -3.409  -4.964  -5.788  -6.075  -5.165  0.824  1.111  0.287  -3.98  -4.755  -4.942  2.631  2.819  2.906  2.217  1.836  1.772  -6.077  -7.038  -7.416  0.775  0.962  0.187  0.193  0.283  0.092  0.949  1.278  0.329  0.259  0.297  0.038  139.0
1.166  1.131  111.906  -0.663  -3.458  -5.077  -5.907  -6.202  -5.279  0.83  1.125  0.295  -3.98  -4.755  -4.942  2.631  2.819  2.906  2.217  1.836  1.772  -6.077  -7.038  -7.416  0.775  0.962  0.187  0.193  0.283  0.092  0.949  1.278  0.329  0.259  0.297  0.038  139.0
1.166  1.128  119.304  -0.554  -3.497  -5.187  -6.023  -6.326  -5.391  0.836  1.139  0.303  -4.037  -4.818  -5.009  2.597  2.782  2.868  2.036  1.562  1.481  -6.077  -7.038  -7.416  0.778  0.97  0.191  0.19  0.28  0.092  0.949  1.278  0.329  0.269  0.311  0.041  138.0
1.166  1.124  127.249  -0.431  -3.528  -5.299  -6.14  -6.451  -5.504  0.841  1.152  0.311  -4.037  -4.818  -5.009  2.597  2.782  2.868  2.036  1.562  1.481  -6.077  -7.038  -7.416  0.778  0.97  0.191  0.19  0.28  0.092  0.949  1.278  0.329  0.269  0.311  0.041  138.0
1.166  1.121  135.567  -0.276  -3.535  -5.407  -6.251  -6.572  -5.613  0.844  1.165  0.321  -4.037  -4.818  -5.009  2.597  2.782  2.868  2.036  1.562  1.481  -6.077  -7.038  -7.416  0.778  0.97  0.191  0.19  0.28  0.092  0.949  1.278  0.329  0.269  0.311  0.041  138.0
1.166  1.116  144.197  -0.114  -3.537  -5.512  -6.36  -6.69  -5.719  0.848  1.178  0.33  -4.037  -4.818  -5.009  2.597  2.782  2.868  2.036  1.562  1.481  -6.077  -7.038  -7.416  0.778  0.97  0.191  0.19  0.28  0.092  0.949  1.278  0.329  0.269  0.311  0.041  138.0
1.166  1.112  152.952  0.086  -3.505  -5.612  -6.463  -6.802  -5.82  0.851  1.19  0.339  -4.037  -4.818  -5.009  2.597  2.782  2.868  2.036  1.562  1.481  -6.077  -7.038  -7.416  0.778  0.97  0.191  0.19  0.28  0.092  0.949  1.278  0.329  0.269  0.311  0.041  138.0
1.166  1.11  156.155  0.157  -3.494  -5.647  -6.5  -6.841  -5.856  0.853  1.194  0.341  -4.037  -4.818  -5.009  2.597  2.782  2.868  2.036  1.562  1.481  -6.077  -7.038  -7.416  0.778  0.97  0.191  0.19  0.28  0.092  0.949  1.278  0.329  0.269  0.311  0.041  138.0
1.166  1.11  11.019  0.812  -0.269  -1.051  -1.568  -1.672  -1.172  0.517  0.621  0.104  -4.116  -4.898  -5.093  2.61  2.796  2.883  2.067  1.608  1.53  -6.077  -7.038  -7.416  0.786  0.981  0.195  0.191  0.28  0.092  0.95  1.279  0.33  0.269  0.311  0.041  135.0
1.166  1.11  11.08  0.802  -0.28  -1.062  -1.58  -1.685  -1.183  0.518  0.623  0.105  -4.154  -4.943  -5.141  2.618  2.804  2.891  2.027  1.593  1.52  -6.077  -7.038  -7.416  0.789  0.987  0.198  0.19  0.28  0.092  0.95  1.28  0.33  0.269  0.311  0.041  133.0
1.166  1.111  11.07  0.8  -0.28  -1.063  -1.579  -1.684  -1.184  0.516  0.621  0.105  -4.292  -5.114  -5.325  2.697  2.893  2.983  2.179  1.813  1.744  -6.077  -7.038  -7.416  0.815  1.026  0.211  0.2  0.292  0.095  0.95  1.282  0.332  0.269  0.311  0.041  128.0
1.166  1.111  11.037  0.801  -0.277  -1.058  -1.574  -1.678  -1.179  0.516  0.62  0.104  -4.154  -4.943  -5.141  2.743  2.942  3.034  2.2  1.819  1.752  -6.077  -7.038  -7.416  0.789  0.987  0.198  0.203  0.298  0.097  0.951  1.284  0.333  0.269  0.311  0.041  123.0
1.166  1.111  10.991  0.803  -0.273  -1.052  -1.566  -1.671  -1.172  0.514  0.619  0.105  -1.033  -1.563  -1.648  1.722  1.838  1.874  2.237  1.957  1.915  -3.25  -4.0  -4.21  0.529  0.614  0.085  0.126  0.166  0.043  0.723  0.917  0.193  0.269  0.311  0.041  63.0
1.167  1.111  10.946  0.806  -0.268  -1.046  -1.559  -1.663  -1.166  0.513  0.617  0.104  -1.035  -1.565  -1.65  1.886  2.017  2.064  2.323  2.052  2.007  -3.776  -4.569  -4.806  0.53  0.614  0.085  0.14  0.19  0.053  0.764  0.982  0.218  0.253  0.29  0.037  68.0
1.167  1.111  10.901  0.808  -0.264  -1.04  -1.552  -1.655  -1.16  0.512  0.615  0.103  -1.039  -1.568  -1.653  1.996  2.137  2.192  2.296  2.025  1.981  -4.238  -5.065  -5.329  0.53  0.614  0.085  0.149  0.207  0.061  0.797  1.037  0.24  0.253  0.29  0.037  72.0
1.167  1.111  10.856  0.81  -0.26  -1.034  -1.545  -1.648  -1.153  0.511  0.614  0.103  -1.067  -1.596  -1.68  2.351  2.517  2.601  2.237  1.954  1.911  -5.673  -6.574  -6.952  0.542  0.638  0.096  0.172  0.26  0.092  0.882  1.215  0.332  0.253  0.29  0.037  84.0
1.167  1.112  10.823  0.812  -0.256  -1.029  -1.539  -1.642  -1.148  0.51  0.613  0.103  -1.063  -1.591  -1.676  2.361  2.527  2.612  2.236  1.951  1.908  -5.673  -6.574  -6.952  0.537  0.626  0.093  0.172  0.26  0.092  0.882  1.214  0.332  0.253  0.29  0.037  85.0
1.167  1.112  10.796  0.812  -0.253  -1.025  -1.534  -1.637  -1.144  0.509  0.612  0.103  -1.081  -1.611  -1.708  2.349  2.514  2.599  2.237  1.905  1.85  -5.673  -6.574  -6.952  0.564  0.663  0.099  0.171  0.259  0.092  0.883  1.217  0.334  0.253  0.29  0.037  81.0
1.167  1.112  10.768  0.813  -0.251  -1.022  -1.529  -1.632  -1.14  0.507  0.61  0.103  -1.086  -1.618  -1.708  2.316  2.474  2.559  2.201  1.797  1.727  -5.673  -6.574  -6.952  0.565  0.664  0.099  0.165  0.253  0.092  0.883  1.218  0.335  0.253  0.29  0.037  80.0
1.167  1.112  10.741  0.814  -0.249  -1.019  -1.526  -1.628  -1.137  0.507  0.609  0.102  -1.081  -1.611  -1.708  2.289  2.449  2.533  2.207  1.826  1.778  -5.673  -6.574  -6.952  0.551  0.649  0.098  0.166  0.254  0.091  0.883  1.216  0.333  0.253  0.29  0.037  83.0
1.168  1.112  10.714  0.814  -0.248  -1.016  -1.522  -1.625  -1.134  0.506  0.609  0.103  -1.076  -1.61  -1.707  2.327  2.491  2.575  2.233  1.894  1.84  -5.673  -6.574  -6.952  0.545  0.638  0.096  0.17  0.258  0.092  0.882  1.215  0.332  0.253  0.29  0.037  84.0
1.168  1.113  10.704  0.813  -0.246  -1.014  -1.52  -1.622  -1.132  0.506  0.608  0.102  -1.067  -1.608  -1.703  2.316  2.48  2.565  2.23  1.886  1.834  -5.673  -6.574  -6.952  0.548  0.641  0.096  0.17  0.258  0.092  0.882  1.213  0.331  0.253  0.29  0.037  86.0
1.168  1.113  10.704  0.813  -0.246  -1.014  -1.519  -1.622  -1.132  0.505  0.608  0.103  -1.067  -1.608  -1.703  2.316  2.48  2.565  2.23  1.886  1.834  -5.673  -6.574  -6.952  0.548  0.641  0.096  0.17  0.258  0.092  0.882  1.213  0.331  0.253  0.29  0.037  86.0
1.168  1.113  10.699  0.813  -0.246  -1.014  -1.519  -1.621  -1.132  0.505  0.607  0.102  -1.067  -1.608  -1.703  2.35  2.517  2.603  2.233  1.894  1.84  -5.673  -6.574  -6.952  0.548  0.641  0.096  0.172  0.261  0.093  0.882  1.215  0.332  0.253  0.29  0.037  84.0
1.168  1.113  10.677  0.813  -0.246  -1.012  -1.517  -1.619  -1.13  0.505  0.607  0.102  -1.081  -1.611  -1.708  2.302  2.465  2.55  2.207  1.822  1.772  -5.673  -6.574  -6.952  0.555  0.649  0.095  0.169  0.257  0.092  0.882  1.214  0.332  0.253  0.29  0.037  85.0
1.168  1.113  10.667  0.812  -0.245  -1.011  -1.515  -1.617  -1.129  0.504  0.606  0.102  -1.159  -1.696  -1.784  2.166  2.319  2.397  2.22  1.859  1.815  -5.673  -6.574  -6.952  0.566  0.664  0.099  0.158  0.241  0.086  0.88  1.204  0.325  0.253  0.29  0.037  98.0
1.168  1.113  10.662  0.811  -0.246  -1.011  -1.514  -1.617  -1.128  0.503  0.606  0.103  -1.142  -1.678  -1.765  2.174  2.325  2.402  2.216  1.849  1.804  -5.673  -6.574  -6.952  0.565  0.663  0.099  0.157  0.239  0.086  0.879  1.204  0.324  0.253  0.29  0.037  99.0
1.168  1.113  10.67  0.809  -0.247  -1.012  -1.515  -1.617  -1.129  0.503  0.605  0.102  -1.319  -1.874  -1.964  2.139  2.287  2.364  2.281  1.979  1.93  -5.673  -6.574  -6.952  0.566  0.666  0.099  0.154  0.235  0.086  0.88  1.205  0.325  0.253  0.29  0.037  97.0
1.169  1.114  10.665  0.807  -0.248  -1.013  -1.516  -1.618  -1.13  0.503  0.605  0.102  -1.319  -1.874  -1.964  2.13  2.275  2.349  2.271  1.947  1.894  -5.673  -6.574  -6.952  0.567  0.666  0.099  0.151  0.23  0.083  0.878  1.201  0.322  0.253  0.29  0.037  103.0
1.169  1.114  10.677  0.804  -0.251  -1.016  -1.518  -1.62  -1.133  0.502  0.604  0.102  -3.518  -4.268  -4.46  2.404  2.577  2.677  1.922  1.564  1.508  -6.0  -6.936  -7.325  0.747  0.939  0.192  0.177  0.281  0.106  0.928  1.293  0.367  0.262  0.301  0.039  156.0
1.169  1.114  10.702  0.801  -0.254  -1.019  -1.521  -1.623  -1.136  0.502  0.604  0.102  -4.251  -5.072  -5.322  2.482  2.661  2.772  1.761  1.266  1.18  -6.254  -7.2  -7.628  0.821  1.065  0.24  0.182  0.297  0.118  0.939  1.336  0.397  0.262  0.301  0.039  180.0
1.169  1.114  10.702  0.801  -0.254  -1.019  -1.522  -1.624  -1.136  0.503  0.605  0.102  -4.251  -5.072  -5.322  2.482  2.661  2.772  1.761  1.266  1.18  -6.254  -7.2  -7.628  0.821  1.065  0.24  0.182  0.297  0.118  0.939  1.336  0.397  0.262  0.301  0.039  180.0
1.169  1.114  10.702  0.799  -0.256  -1.021  -1.524  -1.626  -1.138  0.503  0.605  0.102  -4.227  -5.044  -5.278  2.511  2.691  2.803  1.779  1.307  1.226  -6.254  -7.2  -7.628  0.816  1.051  0.234  0.184  0.299  0.119  0.939  1.336  0.397  0.262  0.301  0.039  177.0
1.169  1.114  10.731  0.795  -0.261  -1.026  -1.529  -1.631  -1.143  0.503  0.605  0.102  -3.738  -4.506  -4.71  2.585  2.772  2.885  2.056  1.667  1.605  -6.254  -7.2  -7.628  0.768  0.973  0.204  0.19  0.307  0.12  0.939  1.336  0.397  0.262  0.301  0.039  172.0
1.169  1.114  10.773  0.79  -0.267  -1.033  -1.536  -1.638  -1.15  0.503  0.605  0.102  -3.63  -4.388  -4.586  2.58  2.767  2.879  2.057  1.672  1.61  -6.254  -7.2  -7.628  0.758  0.956  0.198  0.19  0.305  0.119  0.939  1.337  0.398  0.262  0.301  0.039  168.0
1.169  1.115  10.826  0.784  -0.274  -1.04  -1.544  -1.646  -1.158  0.504  0.606  0.102  -3.685  -4.448  -4.649  2.562  2.746  2.858  2.002  1.618  1.557  -6.254  -7.2  -7.628  0.763  0.964  0.201  0.187  0.303  0.119  0.939  1.337  0.398  0.262  0.301  0.039  167.0
1.17  1.115  10.878  0.777  -0.282  -1.05  -1.555  -1.657  -1.168  0.505  0.607  0.102  -3.63  -4.388  -4.586  2.591  2.78  2.892  2.057  1.672  1.61  -6.254  -7.2  -7.628  0.758  0.956  0.198  0.192  0.307  0.119  0.939  1.337  0.398  0.262  0.301  0.039  168.0
1.17  1.115  10.943  0.769  -0.293  -1.062  -1.568  -1.67  -1.18  0.506  0.608  0.102  -3.685  -4.448  -4.649  2.594  2.78  2.892  2.057  1.668  1.593  -6.254  -7.2  -7.628  0.763  0.964  0.201  0.189  0.305  0.119  0.939  1.337  0.398  0.268  0.31  0.042  167.0
1.17  1.115  11.032  0.759  -0.305  -1.076  -1.583  -1.686  -1.194  0.507  0.61  0.103  -3.899  -4.683  -4.897  2.559  2.744  2.855  2.058  1.671  1.594  -6.254  -7.2  -7.628  0.784  0.998  0.214  0.188  0.302  0.118  0.939  1.337  0.398  0.268  0.31  0.042  163.0
1.17  1.115  11.134  0.748  -0.319  -1.091  -1.6  -1.703  -1.21  0.509  0.612  0.103  -3.738  -4.506  -4.71  2.555  2.738  2.849  2.057  1.668  1.594  -6.254  -7.2  -7.628  0.768  0.973  0.204  0.186  0.3  0.118  0.939  1.337  0.398  0.268  0.31  0.042  166.0
1.17  1.115  11.237  0.736  -0.334  -1.108  -1.618  -1.722  -1.227  0.51  0.614  0.104  -3.738  -4.506  -4.71  2.551  2.734  2.845  2.01  1.619  1.555  -6.254  -7.2  -7.628  0.768  0.973  0.204  0.185  0.3  0.118  0.939  1.337  0.398  0.268  0.31  0.042  166.0
1.17  1.116  11.388  0.72  -0.355  -1.132  -1.645  -1.749  -1.252  0.513  0.617  0.104  -3.685  -4.448  -4.649  2.602  2.785  2.897  2.053  1.651  1.585  -6.254  -7.2  -7.628  0.763  0.964  0.201  0.187  0.302  0.118  0.939  1.337  0.398  0.268  0.31  0.042  167.0
1.17  1.116  11.438  0.713  -0.362  -1.14  -1.654  -1.758  -1.26  0.514  0.618  0.104  -4.245  -5.062  -5.296  2.712  2.904  3.018  2.148  1.687  1.61  -6.254  -7.2  -7.628  0.816  1.051  0.235  0.195  0.311  0.12  0.939  1.338  0.398  0.254  0.292  0.038  156.0
1.171  1.116  11.821  0.674  -0.412  -1.198  -1.716  -1.822  -1.319  0.518  0.624  0.106  -4.321  -5.146  -5.386  2.721  2.913  3.028  2.156  1.699  1.622  -6.254  -7.2  -7.628  0.825  1.065  0.24  0.196  0.312  0.12  0.939  1.338  0.399  0.254  0.292  0.038  152.0
1.171  1.116  12.475  0.607  -0.495  -1.294  -1.821  -1.928  -1.417  0.527  0.634  0.107  -4.344  -5.176  -5.42  2.717  2.91  3.025  2.1  1.666  1.593  -6.254  -7.2  -7.628  0.831  1.076  0.244  0.196  0.313  0.12  0.94  1.339  0.399  0.254  0.292  0.038  150.0
1.171  1.116  13.193  0.54  -0.582  -1.393  -1.931  -2.039  -1.519  0.538  0.646  0.108  -4.405  -5.247  -5.499  2.709  2.901  3.016  2.053  1.651  1.585  -6.254  -7.2  -7.628  0.837  1.084  0.248  0.194  0.311  0.121  0.94  1.339  0.399  0.254  0.292  0.038  147.0
1.171  1.116  14.001  0.469  -0.672  -1.497  -2.044  -2.155  -1.625  0.547  0.658  0.111  -4.44  -5.277  -5.524  2.761  2.958  3.075  2.121  1.669  1.594  -6.254  -7.2  -7.628  0.842  1.094  0.252  0.199  0.318  0.122  0.94  1.339  0.4  0.254  0.292  0.038  145.0
1.171  1.116  14.841  0.397  -0.763  -1.602  -2.159  -2.272  -1.733  0.557  0.67  0.113  -4.44  -5.277  -5.524  2.761  2.958  3.075  2.121  1.669  1.594  -6.254  -7.2  -7.628  0.842  1.094  0.252  0.199  0.318  0.122  0.94  1.339  0.4  0.254  0.292  0.038  145.0
1.171  1.116  15.724  0.329  -0.852  -1.704  -2.27  -2.385  -1.837  0.566  0.681  0.115  -4.44  -5.277  -5.524  2.761  2.958  3.075  2.121  1.669  1.594  -6.254  -7.2  -7.628  0.842  1.094  0.252  0.199  0.318  0.122  0.94  1.339  0.4  0.254  0.292  0.038  145.0
1.171  1.116  16.659  0.26  -0.941  -1.806  -2.383  -2.5  -1.942  0.577  0.694  0.117  -4.44  -5.277  -5.524  2.761  2.958  3.075  2.121  1.669  1.594  -6.254  -7.2  -7.628  0.842  1.094  0.252  0.199  0.318  0.122  0.94  1.339  0.4  0.254  0.292  0.038  145.0
1.171  1.116  17.614  0.192  -1.027  -1.906  -2.491  -2.61  -2.044  0.585  0.704  0.119  -4.44  -5.277  -5.524  2.761  2.958  3.075  2.121  1.669  1.594  -6.254  -7.2  -7.628  0.842  1.094  0.252  0.199  0.318  0.122  0.94  1.339  0.4  0.254  0.292  0.038  145.0
1.171  1.116  18.542  0.131  -1.105  -1.995  -2.586  -2.709  -2.135  0.591  0.714  0.123  -4.44  -5.277  -5.524  2.761  2.958  3.075  2.121  1.669  1.594  -6.254  -7.2  -7.628  0.842  1.094  0.252  0.199  0.318  0.122  0.94  1.339  0.4  0.254  0.292  0.038  145.0
1.171  1.116  18.572  0.128  -1.107  -1.998  -2.589  -2.712  -2.138  0.591  0.714  0.123  -4.44  -5.277  -5.524  2.761  2.958  3.075  2.121  1.669  1.594  -6.254  -7.2  -7.628  0.842  1.094  0.252  0.199  0.318  0.122  0.94  1.339  0.4  0.254  0.292  0.038  145.0
1.171  1.116  18.602  0.127  -1.109  -2.0  -2.591  -2.714  -2.14  0.591  0.714  0.123  -4.44  -5.277  -5.524  2.761  2.958  3.075  2.121  1.669  1.594  -6.254  -7.2  -7.628  0.842  1.094  0.252  0.199  0.318  0.122  0.94  1.339  0.4  0.254  0.292  0.038  145.0
1.171  1.116  19.969  0.041  -1.216  -2.123  -2.721  -2.85  -2.264  0.598  0.727  0.129  -4.44  -5.277  -5.524  2.761  2.958  3.075  2.121  1.669  1.594  -6.254  -7.2  -7.628  0.842  1.094  0.252  0.199  0.318  0.122  0.94  1.339  0.4  0.254  0.292  0.038  145.0
1.171  1.116  21.24  -0.037  -1.311  -2.233  -2.837  -2.97  -2.376  0.604  0.737  0.133  -4.44  -5.277  -5.524  2.761  2.958  3.075  2.121  1.669  1.594  -6.254  -7.2  -7.628  0.842  1.094  0.252  0.199  0.318  0.122  0.94  1.339  0.4  0.254  0.292  0.038  145.0
1.171  1.116  22.901  -0.127  -1.424  -2.364  -2.975  -3.115  -2.509  0.611  0.751  0.14  -4.44  -5.277  -5.524  2.761  2.958  3.075  2.121  1.669  1.594  -6.254  -7.2  -7.628  0.842  1.094  0.252  0.199  0.318  0.122  0.94  1.339  0.4  0.254  0.292  0.038  145.0
1.171  1.116  22.169  -0.088  -1.374  -2.306  -2.913  -3.051  -2.45  0.607  0.745  0.138  -4.486  -5.343  -5.604  2.766  2.963  3.081  2.133  1.671  1.594  -6.254  -7.2  -7.628  0.85  1.108  0.257  0.2  0.319  0.123  0.94  1.34  0.4  0.254  0.292  0.038  142.0
1.171  1.116  20.066  0.035  -1.224  -2.132  -2.731  -2.86  -2.274  0.599  0.728  0.129  -4.486  -5.343  -5.604  2.766  2.963  3.081  2.133  1.671  1.594  -6.254  -7.2  -7.628  0.85  1.108  0.257  0.2  0.319  0.123  0.94  1.34  0.4  0.254  0.292  0.038  142.0
1.171  1.115  21.079  -0.026  -1.298  -2.219  -2.821  -2.954  -2.361  0.602  0.735  0.133  -2.735  -3.446  -3.614  2.936  3.145  3.273  2.183  1.853  1.796  -6.254  -7.2  -7.628  0.716  0.892  0.176  0.212  0.341  0.133  0.942  1.35  0.408  0.254  0.292  0.038  118.0
1.171  1.115  22.323  -0.094  -1.383  -2.317  -2.925  -3.063  -2.461  0.608  0.746  0.138  -0.656  -1.252  -1.356  1.296  1.383  1.4  2.343  2.088  2.05  -1.207  -1.813  -1.914  0.553  0.649  0.096  0.099  0.117  0.019  0.601  0.707  0.109  0.254  0.292  0.038  60.0
1.171  1.114  23.706  -0.166  -1.473  -2.422  -3.036  -3.18  -2.567  0.614  0.758  0.144  -0.624  -1.241  -1.356  1.328  1.419  1.436  2.353  2.097  2.059  -1.207  -1.813  -1.914  0.552  0.648  0.096  0.102  0.122  0.02  0.601  0.708  0.109  0.254  0.292  0.038  59.0
1.171  1.113  25.215  -0.241  -1.565  -2.529  -3.149  -3.298  -2.676  0.62  0.769  0.149  -0.624  -1.241  -1.356  1.342  1.435  1.453  2.373  2.115  2.076  -1.207  -1.813  -1.914  0.552  0.648  0.096  0.104  0.123  0.02  0.602  0.708  0.11  0.254  0.292  0.038  57.0
1.171  1.113  26.832  -0.314  -1.656  -2.636  -3.263  -3.417  -2.785  0.627  0.781  0.154  -0.624  -1.241  -1.356  1.33  1.421  1.439  2.353  2.097  2.059  -1.207  -1.813  -1.914  0.553  0.649  0.096  0.102  0.122  0.02  0.601  0.708  0.109  0.254  0.292  0.038  59.0
1.171  1.112  28.586  -0.387  -1.748  -2.744  -3.377  -3.538  -2.894  0.633  0.794  0.161  -0.564  -1.178  -1.292  1.333  1.425  1.443  2.363  2.106  2.067  -1.207  -1.813  -1.914  0.552  0.648  0.096  0.103  0.123  0.02  0.602  0.708  0.109  0.254  0.292  0.038  58.0
1.171  1.111  30.455  -0.462  -1.84  -2.854  -3.492  -3.66  -3.006  0.638  0.806  0.168  -0.574  -1.186  -1.3  1.315  1.407  1.424  2.363  2.106  2.067  -1.326  -1.941  -2.043  0.553  0.649  0.096  0.103  0.123  0.02  0.609  0.718  0.112  0.254  0.292  0.038  58.0
1.171  1.11  32.446  -0.529  -1.934  -2.964  -3.611  -3.784  -3.118  0.647  0.82  0.173  -0.574  -1.186  -1.3  1.315  1.407  1.424  2.363  2.106  2.067  -1.326  -1.941  -2.043  0.553  0.649  0.096  0.103  0.123  0.02  0.609  0.718  0.112  0.254  0.292  0.038  58.0
1.171  1.108  34.566  -0.593  -2.027  -3.073  -3.731  -3.909  -3.23  0.658  0.836  0.178  -0.574  -1.186  -1.3  1.315  1.407  1.424  2.363  2.106  2.067  -1.326  -1.941  -2.043  0.553  0.649  0.096  0.103  0.123  0.02  0.609  0.718  0.112  0.254  0.292  0.038  58.0
1.171  1.107  36.784  -0.656  -2.119  -3.183  -3.85  -4.033  -3.342  0.667  0.85  0.183  -0.574  -1.186  -1.3  1.308  1.395  1.412  2.333  2.038  1.991  -1.326  -1.941  -2.043  0.553  0.649  0.096  0.098  0.117  0.019  0.609  0.717  0.112  0.254  0.292  0.038  60.0
1.171  1.106  39.197  -0.711  -2.209  -3.292  -3.97  -4.158  -3.454  0.678  0.866  0.188  -0.574  -1.186  -1.3  1.308  1.395  1.412  2.333  2.038  1.991  -1.326  -1.941  -2.043  0.553  0.649  0.096  0.098  0.117  0.019  0.609  0.717  0.112  0.254  0.292  0.038  60.0
1.171  1.104  42.224  -0.741  -2.294  -3.406  -4.101  -4.298  -3.572  0.695  0.892  0.197  -0.574  -1.186  -1.3  1.308  1.395  1.412  2.333  2.038  1.991  -1.326  -1.941  -2.043  0.553  0.649  0.096  0.098  0.117  0.019  0.609  0.717  0.112  0.254  0.292  0.038  60.0
1.171  1.102  45.243  -0.775  -2.381  -3.518  -4.228  -4.431  -3.688  0.71  0.913  0.203  -0.574  -1.186  -1.3  1.284  1.37  1.386  2.333  2.038  1.991  -1.326  -1.941  -2.043  0.553  0.65  0.096  0.097  0.116  0.019  0.609  0.717  0.112  0.254  0.292  0.038  60.0
1.172  1.099  48.345  -0.824  -2.472  -3.63  -4.35  -4.56  -3.803  0.72  0.93  0.21  -0.523  -1.132  -1.245  1.298  1.385  1.402  2.333  2.04  1.993  -1.442  -2.066  -2.17  0.553  0.649  0.096  0.099  0.118  0.019  0.61  0.722  0.112  0.254  0.292  0.038  59.0
1.172  1.097  51.518  -0.865  -2.56  -3.74  -4.47  -4.685  -3.916  0.73  0.945  0.215  -0.514  -1.123  -1.236  1.289  1.375  1.392  2.333  2.038  1.991  -1.442  -2.066  -2.17  0.553  0.65  0.096  0.098  0.117  0.019  0.609  0.722  0.112  0.254  0.292  0.038  60.0
1.172  1.094  55.012  -0.904  -2.65  -3.852  -4.593  -4.814  -4.031  0.741  0.962  0.221  -0.514  -1.123  -1.236  1.289  1.375  1.392  2.333  2.038  1.991  -1.442  -2.066  -2.17  0.553  0.65  0.096  0.098  0.117  0.019  0.609  0.722  0.112  0.254  0.292  0.038  60.0
1.172  1.09  58.838  -0.935  -2.741  -3.968  -4.719  -4.946  -4.149  0.751  0.978  0.227  -0.523  -1.132  -1.245  1.298  1.384  1.401  2.333  2.036  1.988  -1.442  -2.066  -2.17  0.553  0.65  0.096  0.098  0.117  0.019  0.609  0.722  0.112  0.254  0.292  0.038  61.0
1.172  1.086  63.017  -0.951  -2.83  -4.086  -4.847  -5.081  -4.27  0.761  0.995  0.234  -0.523  -1.132  -1.245  1.298  1.384  1.401  2.333  2.036  1.988  -1.442  -2.066  -2.17  0.553  0.65  0.096  0.098  0.117  0.019  0.609  0.722  0.112  0.254  0.292  0.038  61.0
1.172  1.083  67.105  -0.966  -2.911  -4.192  -4.963  -5.204  -4.379  0.771  1.012  0.241  -0.523  -1.132  -1.245  1.298  1.384  1.401  2.333  2.036  1.988  -1.442  -2.066  -2.17  0.553  0.65  0.096  0.098  0.117  0.019  0.609  0.722  0.112  0.254  0.292  0.038  61.0
1.172  1.081  71.327  -0.959  -2.985  -4.297  -5.075  -5.322  -4.485  0.778  1.025  0.247  -0.523  -1.132  -1.245  1.298  1.384  1.401  2.333  2.036  1.988  -1.442  -2.066  -2.17  0.553  0.65  0.096  0.098  0.117  0.019  0.609  0.722  0.112  0.254  0.292  0.038  61.0
1.172  1.078  76.06  -0.947  -3.062  -4.406  -5.194  -5.447  -4.597  0.788  1.041  0.253  -0.523  -1.132  -1.245  1.298  1.384  1.401  2.333  2.036  1.988  -1.442  -2.066  -2.17  0.553  0.65  0.096  0.098  0.117  0.019  0.609  0.722  0.112  0.254  0.292  0.038  61.0
1.172  1.075  81.181  -0.918  -3.135  -4.517  -5.313  -5.574  -4.71  0.796  1.057  0.261  -0.523  -1.132  -1.245  1.298  1.384  1.401  2.333  2.036  1.988  -1.442  -2.066  -2.17  0.553  0.65  0.096  0.098  0.117  0.019  0.609  0.722  0.112  0.254  0.292  0.038  61.0
1.172  1.072  86.448  -0.873  -3.199  -4.622  -5.427  -5.695  -4.818  0.805  1.073  0.268  -0.523  -1.132  -1.245  1.298  1.384  1.401  2.333  2.036  1.988  -1.442  -2.066  -2.17  0.553  0.65  0.096  0.098  0.117  0.019  0.609  0.722  0.112  0.254  0.292  0.038  61.0
1.172  1.068  92.057  -0.817  -3.26  -4.729  -5.542  -5.817  -4.927  0.813  1.088  0.275  -0.574  -1.186  -1.3  1.309  1.395  1.412  2.333  2.038  1.991  -1.442  -2.066  -2.17  0.553  0.65  0.096  0.098  0.117  0.019  0.609  0.722  0.112  0.254  0.292  0.038  60.0
1.172  1.063  98.436  -0.729  -3.313  -4.841  -5.661  -5.944  -5.041  0.82  1.103  0.283  -0.574  -1.186  -1.3  1.309  1.395  1.412  2.333  2.038  1.991  -1.442  -2.066  -2.17  0.553  0.65  0.096  0.098  0.117  0.019  0.609  0.722  0.112  0.254  0.292  0.038  60.0
1.172  1.057  105.404  -0.618  -3.361  -4.956  -5.784  -6.076  -5.158  0.828  1.12  0.292  -0.574  -1.186  -1.3  1.309  1.395  1.412  2.333  2.038  1.991  -1.442  -2.066  -2.17  0.553  0.65  0.096  0.098  0.117  0.019  0.609  0.722  0.112  0.254  0.292  0.038  60.0
1.172  1.048  112.552  -0.478  -3.39  -5.066  -5.901  -6.201  -5.27  0.835  1.135  0.3  -0.574  -1.186  -1.3  1.309  1.395  1.412  2.333  2.038  1.991  -1.442  -2.066  -2.17  0.553  0.65  0.096  0.098  0.117  0.019  0.609  0.722  0.112  0.254  0.292  0.038  60.0
1.172  1.041  116.588  -0.392  -3.4  -5.123  -5.961  -6.267  -5.328  0.838  1.144  0.306  -0.574  -1.186  -1.3  1.309  1.395  1.412  2.333  2.038  1.991  -1.442  -2.066  -2.17  0.553  0.65  0.096  0.098  0.117  0.019  0.609  0.722  0.112  0.254  0.292  0.038  60.0
1.172  1.038  119.002  -0.339  -3.404  -5.157  -5.998  -6.307  -5.362  0.841  1.15  0.309  -0.574  -1.186  -1.3  1.309  1.395  1.412  2.333  2.038  1.991  -1.442  -2.066  -2.17  0.553  0.65  0.096  0.098  0.117  0.019  0.609  0.722  0.112  0.254  0.292  0.038  60.0
1.172  1.037  119.552  -0.317  -3.4  -5.164  -6.005  -6.315  -5.369  0.841  1.151  0.31  -0.574  -1.186  -1.3  1.309  1.395  1.412  2.333  2.038  1.991  -1.442  -2.066  -2.17  0.553  0.65  0.096  0.098  0.117  0.019  0.609  0.722  0.112  0.254  0.292  0.038  60.0
1.172  1.035  123.156  -0.237  -3.399  -5.215  -6.057  -6.371  -5.421  0.842  1.156  0.314  -0.574  -1.186  -1.3  1.309  1.395  1.412  2.333  2.038  1.991  -1.442  -2.066  -2.17  0.553  0.65  0.096  0.098  0.117  0.019  0.609  0.722  0.112  0.254  0.292  0.038  60.0
1.172  1.035  128.545  -0.116  -3.397  -5.286  -6.131  -6.453  -5.493  0.845  1.167  0.322  -0.574  -1.186  -1.3  1.309  1.395  1.412  2.333  2.038  1.991  -1.442  -2.066  -2.17  0.553  0.65  0.096  0.098  0.117  0.019  0.609  0.722  0.112  0.254  0.292  0.038  60.0
1.172  1.034  116.186  -0.385  -3.393  -5.115  -5.954  -6.26  -5.32  0.839  1.145  0.306  -0.574  -1.186  -1.3  1.309  1.395  1.412  2.333  2.038  1.991  -1.442  -2.066  -2.17  0.553  0.65  0.096  0.098  0.117  0.019  0.609  0.722  0.112  0.254  0.292  0.038  60.0
1.172  1.034  114.645  -0.406  -3.385  -5.094  -5.931  -6.236  -5.298  0.837  1.142  0.305  -0.574  -1.186  -1.3  1.309  1.395  1.412  2.333  2.038  1.991  -1.442  -2.066  -2.17  0.553  0.65  0.096  0.098  0.117  0.019  0.609  0.722  0.112  0.254  0.292  0.038  60.0
1.172  1.034  117.046  -0.366  -3.396  -5.129  -5.969  -6.276  -5.334  0.84  1.147  0.307  -0.574  -1.186  -1.3  1.309  1.395  1.412  2.333  2.038  1.991  -1.442  -2.066  -2.17  0.553  0.65  0.096  0.098  0.117  0.019  0.609  0.722  0.112  0.254  0.292  0.038  60.0
1.172  1.033  122.646  -0.254  -3.402  -5.208  -6.049  -6.363  -5.413  0.841  1.155  0.314  -0.574  -1.186  -1.3  1.309  1.395  1.412  2.333  2.038  1.991  -1.442  -2.066  -2.17  0.553  0.65  0.096  0.098  0.117  0.019  0.609  0.722  0.112  0.254  0.292  0.038  60.0
1.172  1.032  127.279  -0.151  -3.4  -5.27  -6.115  -6.434  -5.477  0.845  1.164  0.319  -0.574  -1.186  -1.3  1.309  1.395  1.412  2.333  2.038  1.991  -1.442  -2.066  -2.17  0.553  0.65  0.096  0.098  0.117  0.019  0.609  0.722  0.112  0.254  0.292  0.038  60.0
1.172  1.032  131.933  -0.047  -3.398  -5.33  -6.178  -6.503  -5.537  0.848  1.173  0.325  -0.574  -1.186  -1.3  1.309  1.395  1.412  2.333  2.038  1.991  -1.442  -2.066  -2.17  0.553  0.65  0.096  0.098  0.117  0.019  0.609  0.722  0.112  0.254  0.292  0.038  60.0
1.172  1.031  136.979  0.079  -3.384  -5.393  -6.244  -6.575  -5.601  0.851  1.182  0.331  -0.574  -1.186  -1.3  1.309  1.395  1.412  2.333  2.038  1.991  -1.442  -2.066  -2.17  0.553  0.65  0.096  0.098  0.117  0.019  0.609  0.722  0.112  0.254  0.292  0.038  60.0
1.172  1.03  141.467  0.202  -3.36  -5.447  -6.3  -6.636  -5.656  0.853  1.189  0.336  -0.574  -1.186  -1.3  1.309  1.395  1.412  2.333  2.038  1.991  -1.442  -2.066  -2.17  0.553  0.65  0.096  0.098  0.117  0.019  0.609  0.722  0.112  0.254  0.292  0.038  60.0
1.172  1.029  147.964  0.371  -3.326  -5.519  -6.375  -6.718  -5.729  0.856  1.199  0.343  -0.574  -1.186  -1.3  1.309  1.395  1.412  2.333  2.038  1.991  -1.442  -2.066  -2.17  0.553  0.65  0.096  0.098  0.117  0.019  0.609  0.722  0.112  0.254  0.292  0.038  60.0
1.172  1.027  155.401  0.556  -3.288  -5.6  -6.46  -6.811  -5.811  0.86  1.211  0.351  -0.574  -1.186  -1.3  1.309  1.395  1.412  2.333  2.038  1.991  -1.442  -2.066  -2.17  0.553  0.65  0.096  0.098  0.117  0.019  0.609  0.722  0.112  0.254  0.292  0.038  60.0
1.172  1.024  163.627  0.735  -3.243  -5.685  -6.547  -6.906  -5.896  0.862  1.221  0.359  -0.574  -1.186  -1.3  1.309  1.395  1.412  2.333  2.038  1.991  -1.442  -2.066  -2.17  0.553  0.65  0.096  0.098  0.117  0.019  0.609  0.722  0.112  0.254  0.292  0.038  60.0
1.172  1.02  172.169  0.941  -3.184  -5.767  -6.633  -7.001  -5.979  0.866  1.234  0.368  -0.505  -1.114  -1.228  1.304  1.389  1.406  2.333  2.036  1.988  -1.442  -2.066  -2.17  0.553  0.65  0.096  0.098  0.117  0.019  0.609  0.722  0.112  0.254  0.292  0.038  61.0
1.172  1.017  174.805  0.995  -3.167  -5.791  -6.658  -7.028  -6.004  0.867  1.237  0.37  -0.505  -1.114  -1.228  1.304  1.389  1.406  2.333  2.036  1.988  -1.442  -2.066  -2.17  0.553  0.65  0.096  0.098  0.117  0.019  0.609  0.722  0.112  0.254  0.292  0.038  61.0
1.172  1.017  174.805  0.995  -3.167  -5.791  -6.658  -7.028  -6.004  0.867  1.237  0.37  -0.505  -1.114  -1.228  1.304  1.389  1.406  2.333  2.036  1.988  -1.442  -2.066  -2.17  0.553  0.65  0.096  0.098  0.117  0.019  0.609  0.722  0.112  0.254  0.292  0.038  61.0
1.172  1.017  111.881  -0.371  -3.337  -5.041  -5.878  -6.182  -5.245  0.837  1.141  0.304  -0.505  -1.114  -1.228  1.304  1.389  1.406  2.333  2.036  1.988  -1.442  -2.066  -2.17  0.553  0.65  0.096  0.098  0.117  0.019  0.609  0.722  0.112  0.254  0.292  0.038  61.0
1.172  1.016  91.318  -0.731  -3.215  -4.701  -5.517  -5.794  -4.9  0.816  1.093  0.277  -0.505  -1.114  -1.228  1.304  1.389  1.406  2.333  2.036  1.988  -1.442  -2.066  -2.17  0.553  0.65  0.096  0.098  0.117  0.019  0.609  0.722  0.112  0.254  0.292  0.038  61.0
1.172  1.015  67.043  -0.97  -2.912  -4.191  -4.96  -5.201  -4.377  0.769  1.01  0.241  -0.505  -1.114  -1.228  1.304  1.389  1.406  2.333  2.036  1.988  -1.442  -2.066  -2.17  0.553  0.65  0.096  0.098  0.117  0.019  0.609  0.722  0.112  0.254  0.292  0.038  61.0
1.172  1.014  69.527  -0.948  -2.949  -4.251  -5.026  -5.271  -4.439  0.775  1.02  0.245  -0.505  -1.114  -1.228  1.304  1.389  1.406  2.333  2.036  1.988  -1.442  -2.066  -2.17  0.553  0.65  0.096  0.098  0.117  0.019  0.609  0.722  0.112  0.254  0.292  0.038  61.0
1.172  1.011  86.051  -0.779  -3.157  -4.599  -5.409  -5.679  -4.796  0.81  1.08  0.27  -0.505  -1.114  -1.228  1.304  1.389  1.406  2.333  2.036  1.988  -1.442  -2.066  -2.17  0.553  0.65  0.096  0.098  0.117  0.019  0.609  0.722  0.112  0.254  0.292  0.038  61.0
1.172  1.009  113.856  -0.282  -3.324  -5.064  -5.905  -6.212  -5.269  0.841  1.148  0.307  -0.505  -1.114  -1.228  1.304  1.389  1.406  2.333  2.036  1.988  -1.442  -2.066  -2.17  0.553  0.65  0.096  0.098  0.117  0.019  0.609  0.722  0.112  0.254  0.292  0.038  61.0
1.172  1.006  143.766  0.464  -3.248  -5.454  -6.312  -6.655  -5.664  0.858  1.201  0.343  -0.505  -1.114  -1.228  1.304  1.389  1.406  2.333  2.036  1.988  -1.442  -2.066  -2.17  0.553  0.65  0.096  0.098  0.117  0.019  0.609  0.722  0.112  0.254  0.292  0.038  61.0
1.172  1.002  167.13  0.983  -3.129  -5.704  -6.571  -6.937  -5.917  0.867  1.233  0.366  -0.505  -1.114  -1.228  1.304  1.389  1.406  2.333  2.036  1.988  -1.442  -2.066  -2.17  0.553  0.65  0.096  0.098  0.117  0.019  0.609  0.722  0.112  0.254  0.292  0.038  61.0
1.172  0.998  181.157  1.229  -3.055  -5.834  -6.705  -7.083  -6.048  0.871  1.249  0.378  -0.505  -1.114  -1.228  1.304  1.389  1.406  2.333  2.036  1.988  -1.442  -2.066  -2.17  0.553  0.65  0.096  0.098  0.117  0.019  0.609  0.722  0.112  0.254  0.292  0.038  61.0
1.172  0.993  187.999  1.363  -3.006  -5.893  -6.766  -7.151  -6.107  0.873  1.258  0.385  -0.505  -1.114  -1.228  1.304  1.389  1.406  2.333  2.036  1.988  -1.442  -2.066  -2.17  0.553  0.65  0.096  0.098  0.117  0.019  0.609  0.722  0.112  0.254  0.292  0.038  61.0
1.172  0.988  189.913  1.328  -3.038  -5.917  -6.79  -7.174  -6.131  0.873  1.257  0.384  -0.505  -1.114  -1.228  1.304  1.389  1.406  2.333  2.036  1.988  -1.442  -2.066  -2.17  0.553  0.65  0.096  0.098  0.117  0.019  0.609  0.722  0.112  0.254  0.292  0.038  61.0
1.172  0.987  101.708  -0.376  -3.216  -4.859  -5.693  -5.989  -5.063  0.834  1.13  0.296  -0.505  -1.114  -1.228  1.304  1.389  1.406  2.333  2.036  1.988  -1.442  -2.066  -2.17  0.553  0.65  0.096  0.098  0.117  0.019  0.609  0.722  0.112  0.254  0.292  0.038  61.0
1.172  0.986  74.637  -0.8  -2.976  -4.344  -5.137  -5.395  -4.536  0.793  1.051  0.258  -0.505  -1.114  -1.228  1.304  1.389  1.406  2.333  2.036  1.988  -1.442  -2.066  -2.17  0.553  0.65  0.096  0.098  0.117  0.019  0.609  0.722  0.112  0.254  0.292  0.038  61.0
1.172  0.984  77.242  -0.764  -3.008  -4.401  -5.2  -5.462  -4.595  0.799  1.061  0.262  -0.505  -1.114  -1.228  1.304  1.389  1.406  2.333  2.036  1.988  -1.442  -2.066  -2.17  0.553  0.65  0.096  0.098  0.117  0.019  0.609  0.722  0.112  0.254  0.292  0.038  61.0
1.172  0.982  95.116  -0.494  -3.176  -4.745  -5.573  -5.86  -4.947  0.828  1.115  0.287  -0.505  -1.114  -1.228  1.304  1.389  1.406  2.333  2.036  1.988  -1.442  -2.066  -2.17  0.553  0.65  0.096  0.098  0.117  0.019  0.609  0.722  0.112  0.254  0.292  0.038  61.0
1.172  0.979  124.927  0.157  -3.239  -5.203  -6.054  -6.38  -5.411  0.851  1.177  0.326  -0.505  -1.114  -1.228  1.304  1.389  1.406  2.333  2.036  1.988  -1.442  -2.066  -2.17  0.553  0.65  0.096  0.098  0.117  0.019  0.609  0.722  0.112  0.254  0.292  0.038  61.0
1.172  0.976  157.02  0.938  -3.088  -5.582  -6.447  -6.808  -5.794  0.865  1.226  0.361  -0.505  -1.114  -1.228  1.304  1.389  1.406  2.333  2.036  1.988  -1.442  -2.066  -2.17  0.553  0.65  0.096  0.098  0.117  0.019  0.609  0.722  0.112  0.254  0.292  0.038  61.0
1.172  0.972  181.575  1.374  -2.968  -5.823  -6.697  -7.079  -6.037  0.874  1.256  0.382  -0.505  -1.114  -1.228  1.304  1.389  1.406  2.333  2.036  1.988  -1.442  -2.066  -2.17  0.553  0.65  0.096  0.098  0.117  0.019  0.609  0.722  0.112  0.254  0.292  0.038  61.0
1.172  0.968  195.819  1.496  -2.934  -5.945  -6.822  -7.215  -6.16  0.877  1.27  0.393  -0.505  -1.114  -1.228  1.304  1.389  1.406  2.333  2.036  1.988  -1.442  -2.066  -2.17  0.553  0.65  0.096  0.098  0.117  0.019  0.609  0.722  0.112  0.254  0.292  0.038  61.0
1.172  0.963  202.281  1.54  -2.917  -5.997  -6.875  -7.273  -6.213  0.878  1.276  0.398  -0.505  -1.114  -1.228  1.304  1.389  1.406  2.333  2.036  1.988  -1.442  -2.066  -2.17  0.553  0.65  0.096  0.098  0.117  0.019  0.609  0.722  0.112  0.254  0.292  0.038  61.0
1.172  0.958  203.074  1.49  -2.963  -6.014  -6.891  -7.287  -6.229  0.877  1.273  0.396  -0.505  -1.114  -1.228  1.304  1.389  1.406  2.333  2.036  1.988  -1.442  -2.066  -2.17  0.553  0.65  0.096  0.098  0.117  0.019  0.609  0.722  0.112  0.254  0.292  0.038  61.0
1.172  0.956  110.143  -0.129  -3.214  -4.984  -5.827  -6.136  -5.19  0.843  1.152  0.309  -0.505  -1.114  -1.228  1.304  1.389  1.406  2.333  2.036  1.988  -1.442  -2.066  -2.17  0.553  0.65  0.096  0.098  0.117  0.019  0.609  0.722  0.112  0.254  0.292  0.038  61.0
1.172  0.955  80.641  -0.685  -3.033  -4.464  -5.271  -5.54  -4.66  0.807  1.076  0.269  -0.505  -1.114  -1.228  1.304  1.389  1.406  2.333  2.036  1.988  -1.442  -2.066  -2.17  0.553  0.65  0.096  0.098  0.117  0.019  0.609  0.722  0.112  0.254  0.292  0.038  61.0
1.172  0.952  83.494  -0.642  -3.063  -4.522  -5.335  -5.608  -4.72  0.813  1.086  0.273  -0.505  -1.114  -1.228  1.304  1.389  1.406  2.333  2.036  1.988  -1.442  -2.066  -2.17  0.553  0.65  0.096  0.098  0.117  0.019  0.609  0.722  0.112  0.254  0.292  0.038  61.0
1.172  0.949  102.838  -0.264  -3.183  -4.866  -5.703  -6.004  -5.07  0.837  1.138  0.301  -0.505  -1.114  -1.228  1.304  1.389  1.406  2.333  2.036  1.988  -1.442  -2.066  -2.17  0.553  0.65  0.096  0.098  0.117  0.019  0.609  0.722  0.112  0.254  0.292  0.038  61.0
1.172  0.945  134.789  0.563  -3.126  -5.318  -6.176  -6.517  -5.528  0.858  1.199  0.341  -0.505  -1.114  -1.228  1.304  1.389  1.406  2.333  2.036  1.988  -1.442  -2.066  -2.17  0.553  0.65  0.096  0.098  0.117  0.019  0.609  0.722  0.112  0.254  0.292  0.038  61.0
1.172  0.941  169.066  1.298  -2.95  -5.692  -6.563  -6.938  -5.906  0.871  1.246  0.375  -0.505  -1.114  -1.228  1.304  1.389  1.406  2.333  2.036  1.988  -1.442  -2.066  -2.17  0.553  0.65  0.096  0.098  0.117  0.019  0.609  0.722  0.112  0.254  0.292  0.038  61.0
1.172  0.935  195.684  1.579  -2.868  -5.929  -6.807  -7.203  -6.145  0.878  1.274  0.396  -0.505  -1.114  -1.228  1.304  1.389  1.406  2.333  2.036  1.988  -1.442  -2.066  -2.17  0.553  0.65  0.096  0.098  0.117  0.019  0.609  0.722  0.112  0.254  0.292  0.038  61.0
1.172  0.929  211.084  1.658  -2.849  -6.05  -6.932  -7.336  -6.267  0.882  1.286  0.404  -0.505  -1.114  -1.228  1.304  1.389  1.406  2.333  2.036  1.988  -1.442  -2.066  -2.17  0.553  0.65  0.096  0.098  0.117  0.019  0.609  0.722  0.112  0.254  0.292  0.038  61.0
1.172  0.923  218.25  1.693  -2.84  -6.102  -6.984  -7.393  -6.319  0.882  1.291  0.409  -0.505  -1.114  -1.228  1.304  1.389  1.406  2.333  2.036  1.988  -1.442  -2.066  -2.17  0.553  0.65  0.096  0.098  0.117  0.019  0.609  0.722  0.112  0.254  0.292  0.038  61.0
1.172  0.915  217.949  1.634  -2.892  -6.116  -6.998  -7.406  -6.333  0.882  1.29  0.408  -0.505  -1.114  -1.228  1.304  1.389  1.406  2.333  2.036  1.988  -1.442  -2.066  -2.17  0.553  0.65  0.096  0.098  0.117  0.019  0.609  0.722  0.112  0.254  0.292  0.038  61.0
1.172  0.913  120.769  0.26  -3.15  -5.124  -5.976  -6.303  -5.332  0.852  1.179  0.327  -0.505  -1.114  -1.228  1.304  1.389  1.406  2.333  2.036  1.988  -1.442  -2.066  -2.17  0.553  0.65  0.096  0.098  0.117  0.019  0.609  0.722  0.112  0.254  0.292  0.038  61.0
1.172  0.911  88.075  -0.487  -3.071  -4.6  -5.422  -5.705  -4.8  0.822  1.105  0.283  -0.505  -1.114  -1.228  1.304  1.389  1.406  2.333  2.036  1.988  -1.442  -2.066  -2.17  0.553  0.65  0.096  0.098  0.117  0.019  0.609  0.722  0.112  0.254  0.292  0.038  61.0
1.172  0.907  91.465  -0.411  -3.091  -4.659  -5.487  -5.774  -4.861  0.828  1.115  0.287  -0.505  -1.114  -1.228  1.304  1.389  1.406  2.333  2.036  1.988  -1.442  -2.066  -2.17  0.553  0.65  0.096  0.098  0.117  0.019  0.609  0.722  0.112  0.254  0.292  0.038  61.0
1.172  0.902  112.578  0.112  -3.132  -5.003  -5.85  -6.168  -5.21  0.847  1.165  0.318  -0.505  -1.114  -1.228  1.304  1.389  1.406  2.333  2.036  1.988  -1.442  -2.066  -2.17  0.553  0.65  0.096  0.098  0.117  0.019  0.609  0.722  0.112  0.254  0.292  0.038  61.0
1.172  0.896  147.521  1.078  -2.949  -5.447  -6.312  -6.673  -5.659  0.865  1.226  0.361  -0.505  -1.114  -1.228  1.304  1.389  1.406  2.333  2.036  1.988  -1.442  -2.066  -2.17  0.553  0.65  0.096  0.098  0.117  0.019  0.609  0.722  0.112  0.254  0.292  0.038  61.0
1.172  0.89  185.291  1.659  -2.774  -5.814  -6.692  -7.086  -6.03  0.878  1.272  0.394  -0.505  -1.114  -1.228  1.304  1.389  1.406  2.333  2.036  1.988  -1.442  -2.066  -2.17  0.553  0.65  0.096  0.098  0.117  0.019  0.609  0.722  0.112  0.254  0.292  0.038  61.0
1.172  0.882  214.514  1.804  -2.74  -6.048  -6.931  -7.342  -6.265  0.883  1.294  0.411  -0.505  -1.114  -1.228  1.304  1.389  1.406  2.333  2.036  1.988  -1.442  -2.066  -2.17  0.553  0.65  0.096  0.098  0.117  0.019  0.609  0.722  0.112  0.254  0.292  0.038  61.0
1.172  0.873  231.876  1.873  -2.731  -6.167  -7.05  -7.472  -6.384  0.883  1.305  0.422  -0.505  -1.114  -1.228  1.304  1.389  1.406  2.333  2.036  1.988  -1.442  -2.066  -2.17  0.553  0.65  0.096  0.098  0.117  0.019  0.609  0.722  0.112  0.254  0.292  0.038  61.0
1.172  0.863  240.522  1.925  -2.713  -6.219  -7.104  -7.532  -6.436  0.885  1.313  0.428  -0.505  -1.114  -1.228  1.304  1.389  1.406  2.333  2.036  1.988  -1.442  -2.066  -2.17  0.553  0.65  0.096  0.098  0.117  0.019  0.609  0.722  0.112  0.254  0.292  0.038  61.0
1.172  0.852  233.214  1.751  -2.842  -6.215  -7.099  -7.52  -6.432  0.884  1.305  0.421  -0.505  -1.114  -1.228  1.304  1.389  1.406  2.333  2.036  1.988  -1.442  -2.066  -2.17  0.553  0.65  0.096  0.098  0.117  0.019  0.609  0.722  0.112  0.254  0.292  0.038  61.0
1.172  0.849  135.287  0.996  -2.905  -5.282  -6.146  -6.499  -5.494  0.864  1.217  0.353  -0.505  -1.114  -1.228  1.304  1.389  1.406  2.333  2.036  1.988  -1.442  -2.066  -2.17  0.553  0.65  0.096  0.098  0.117  0.019  0.609  0.722  0.112  0.254  0.292  0.038  61.0
1.172  0.845  98.278  -0.063  -3.043  -4.756  -5.596  -5.899  -4.961  0.84  1.143  0.303  -0.505  -1.114  -1.228  1.304  1.389  1.406  2.333  2.036  1.988  -1.442  -2.066  -2.17  0.553  0.65  0.096  0.098  0.117  0.019  0.609  0.722  0.112  0.254  0.292  0.038  61.0
1.172  0.839  102.342  0.078  -3.031  -4.818  -5.662  -5.972  -5.024  0.844  1.154  0.31  -0.505  -1.114  -1.228  1.304  1.389  1.406  2.333  2.036  1.988  -1.442  -2.066  -2.17  0.553  0.65  0.096  0.098  0.117  0.019  0.609  0.722  0.112  0.254  0.292  0.038  61.0
1.172  0.832  126.286  0.898  -2.886  -5.157  -6.018  -6.364  -5.368  0.861  1.207  0.346  -0.505  -1.114  -1.228  1.304  1.389  1.406  2.333  2.036  1.988  -1.442  -2.066  -2.17  0.553  0.65  0.096  0.098  0.117  0.019  0.609  0.722  0.112  0.254  0.292  0.038  61.0
1.172  0.823  166.094  1.77  -2.623  -5.594  -6.471  -6.859  -5.809  0.877  1.265  0.388  -0.505  -1.114  -1.228  1.304  1.389  1.406  2.333  2.036  1.988  -1.442  -2.066  -2.17  0.553  0.65  0.096  0.098  0.117  0.019  0.609  0.722  0.112  0.254  0.292  0.038  61.0
1.172  0.812  209.149  2.011  -2.561  -5.953  -6.836  -7.251  -6.17  0.883  1.298  0.415  -0.505  -1.114  -1.228  1.304  1.389  1.406  2.333  2.036  1.988  -1.442  -2.066  -2.17  0.553  0.65  0.096  0.098  0.117  0.019  0.609  0.722  0.112  0.254  0.292  0.038  61.0
1.172  0.8  243.139  2.174  -2.549  -6.178  -7.062  -7.497  -6.395  0.884  1.319  0.435  -0.505  -1.114  -1.228  1.304  1.389  1.406  2.333  2.036  1.988  -1.442  -2.066  -2.17  0.553  0.65  0.096  0.098  0.117  0.019  0.609  0.722  0.112  0.254  0.292  0.038  61.0
1.172  0.786  263.303  2.283  -2.547  -6.292  -7.172  -7.617  -6.508  0.88  1.325  0.445  -0.505  -1.114  -1.228  1.304  1.389  1.406  2.333  2.036  1.988  -1.442  -2.066  -2.17  0.553  0.65  0.096  0.098  0.117  0.019  0.609  0.722  0.112  0.254  0.292  0.038  61.0
1.172  0.771  273.058  2.356  -2.537  -6.337  -7.217  -7.67  -6.553  0.88  1.333  0.453  -0.505  -1.114  -1.228  1.304  1.389  1.406  2.333  2.036  1.988  -1.442  -2.066  -2.17  0.553  0.65  0.096  0.098  0.117  0.019  0.609  0.722  0.112  0.254  0.292  0.038  61.0
1.172  0.754  236.622  1.691  -2.934  -6.264  -7.151  -7.58  -6.482  0.887  1.316  0.429  -0.505  -1.114  -1.228  1.304  1.389  1.406  2.333  2.036  1.988  -1.442  -2.066  -2.17  0.553  0.65  0.096  0.098  0.117  0.019  0.609  0.722  0.112  0.254  0.292  0.038  61.0
1.172  0.749  152.741  1.772  -2.572  -5.44  -6.316  -6.698  -5.655  0.876  1.258  0.382  -0.505  -1.114  -1.228  1.304  1.389  1.406  2.333  2.036  1.988  -1.442  -2.066  -2.17  0.553  0.65  0.096  0.098  0.117  0.019  0.609  0.722  0.112  0.254  0.292  0.038  61.0
1.172  0.743  109.082  0.473  -2.934  -4.905  -5.756  -6.084  -5.113  0.851  1.179  0.328  -0.505  -1.114  -1.228  1.304  1.389  1.406  2.333  2.036  1.988  -1.442  -2.066  -2.17  0.553  0.65  0.096  0.098  0.117  0.019  0.609  0.722  0.112  0.254  0.292  0.038  61.0
1.172  0.734  113.882  0.732  -2.854  -4.967  -5.822  -6.159  -5.176  0.855  1.192  0.337  -0.505  -1.114  -1.228  1.304  1.389  1.406  2.333  2.036  1.988  -1.442  -2.066  -2.17  0.553  0.65  0.096  0.098  0.117  0.019  0.609  0.722  0.112  0.254  0.292  0.038  61.0
1.172  0.723  141.826  1.693  -2.553  -5.303  -6.177  -6.552  -5.517  0.874  1.249  0.375  -0.505  -1.114  -1.228  1.304  1.389  1.406  2.333  2.036  1.988  -1.442  -2.066  -2.17  0.553  0.65  0.096  0.098  0.117  0.019  0.609  0.722  0.112  0.254  0.292  0.038  61.0
1.172  0.709  188.476  2.196  -2.364  -5.732  -6.617  -7.03  -5.949  0.885  1.298  0.413  -0.505  -1.114  -1.228  1.304  1.389  1.406  2.333  2.036  1.988  -1.442  -2.066  -2.17  0.553  0.65  0.096  0.098  0.117  0.019  0.609  0.722  0.112  0.254  0.292  0.038  61.0
1.172  0.694  238.207  2.47  -2.346  -6.074  -6.955  -7.399  -6.29  0.881  1.325  0.444  -0.505  -1.114  -1.228  1.304  1.389  1.406  2.333  2.036  1.988  -1.442  -2.066  -2.17  0.553  0.65  0.096  0.098  0.117  0.019  0.609  0.722  0.112  0.254  0.292  0.038  61.0
1.172  0.676  273.625  2.644  -2.373  -6.274  -7.153  -7.616  -6.49  0.879  1.342  0.463  -0.505  -1.114  -1.228  1.304  1.389  1.406  2.333  2.036  1.988  -1.442  -2.066  -2.17  0.553  0.65  0.096  0.098  0.117  0.019  0.609  0.722  0.112  0.254  0.292  0.038  61.0
1.172  0.655  286.52  2.686  -2.4  -6.343  -7.233  -7.714  -6.562  0.89  1.371  0.481  -0.505  -1.114  -1.228  1.304  1.389  1.406  2.333  2.036  1.988  -1.442  -2.066  -2.17  0.553  0.65  0.096  0.098  0.117  0.019  0.609  0.722  0.112  0.254  0.292  0.038  61.0
1.172  0.634  279.354  2.52  -2.483  -6.343  -7.248  -7.734  -6.566  0.905  1.391  0.486  -0.505  -1.114  -1.228  1.304  1.389  1.406  2.333  2.036  1.988  -1.442  -2.066  -2.17  0.553  0.65  0.096  0.098  0.117  0.019  0.609  0.722  0.112  0.254  0.292  0.038  61.0
1.172  0.61  192.201  -0.31  -3.975  -6.034  -6.924  -7.372  -6.253  0.89  1.338  0.448  -0.505  -1.114  -1.228  1.304  1.389  1.406  2.333  2.036  1.988  -1.442  -2.066  -2.17  0.553  0.65  0.096  0.098  0.117  0.019  0.609  0.722  0.112  0.254  0.292  0.038  61.0
