#Mini MPD Rad MV_j MI_c MJ_2M MH_2M MK_2M MHw sigmaJ sigmaH sigmaKs minJ minH minKs maxJ maxH maxKs
0.002  0.002  0.105  60.05  49.68  37.257  34.027  53.596  36.219  0.2  0.2  0.2  -999.0  -999.0  -999.0  999.0  999.0  999.0
0.003  0.003  0.105  55.32  45.63  34.125  32.029  49.186  33.528  0.2  0.2  0.2  -999.0  -999.0  -999.0  999.0  999.0  999.0
0.004  0.004  0.105  50.68  41.76  31.374  30.144  45.126  31.058  0.2  0.2  0.2  -999.0  -999.0  -999.0  999.0  999.0  999.0
0.005  0.005  0.105  46.5  38.3  29.128  28.509  41.686  28.981  0.2  0.2  0.2  -999.0  -999.0  -999.0  999.0  999.0  999.0
0.006  0.006  0.104  42.71  35.18  27.154  27.049  38.646  27.131  0.2  0.2  0.2  -999.0  -999.0  -999.0  999.0  999.0  999.0
0.007  0.007  0.103  39.29  32.37  25.426  25.745  35.936  25.492  0.2  0.2  0.2  -999.0  -999.0  -999.0  999.0  999.0  999.0
0.008  0.008  0.103  36.31  29.93  23.951  24.625  33.626  24.083  0.2  0.2  0.2  -999.0  -999.0  -999.0  999.0  999.0  999.0
0.009  0.009  0.102  33.73  27.82  22.701  23.651  31.616  22.878  0.2  0.2  0.2  -999.0  -999.0  -999.0  999.0  999.0  999.0
0.01  0.01  0.101  33.05  27.06  22.269  23.117  30.466  22.43  0.2  0.2  0.2  -999.0  -999.0  -999.0  999.0  999.0  999.0
0.012  0.012  0.1  31.58  25.46  21.375  22.018  28.136  21.501  0.2  0.2  0.2  -999.0  -999.0  -999.0  999.0  999.0  999.0
0.015  0.015  0.098  30.2  24.0  20.524  21.017  25.986  20.623  0.2  0.2  0.2  -999.0  -999.0  -999.0  999.0  999.0  999.0
0.02  0.02  0.095  29.24  22.66  19.661  19.836  23.286  19.698  0.2  0.2  0.2  -999.0  -999.0  -999.0  999.0  999.0  999.0
0.03  0.03  0.09  28.17  21.17  18.208  18.269  20.016  18.221  0.2  0.2  0.2  -999.0  -999.0  -999.0  999.0  999.0  999.0
0.04  0.04  0.085  27.58  20.4  16.95  17.091  17.966  16.98  0.2  0.2  0.2  -999.0  -999.0  -999.0  999.0  999.0  999.0
0.05  0.05  0.082  27.09  19.82  15.878  16.045  16.356  15.913  0.2  0.2  0.2  -999.0  -999.0  -999.0  999.0  999.0  999.0
0.06  0.06  0.079  26.44  19.2  14.965  15.133  15.126  15.001  0.2  0.2  0.2  -999.0  -999.0  -999.0  999.0  999.0  999.0
0.07  0.07  0.081  24.33  17.6  13.487  13.506  13.416  13.491  0.2  0.2  0.2  -999.0  -999.0  -999.0  999.0  999.0  999.0
0.072  0.072  0.083  23.11  16.75  12.943  12.855  12.776  12.924  0.2  0.2  0.2  -999.0  -999.0  -999.0  999.0  999.0  999.0
0.075  0.075  0.089  21.03  15.34  12.187  11.928  11.756  12.129  0.2  0.2  0.2  -999.0  -999.0  -999.0  999.0  999.0  999.0
0.08  0.08  0.099  19.11  13.89  11.438  11.081  10.796  11.356  0.2  0.2  0.2  -999.0  -999.0  -999.0  999.0  999.0  999.0
0.09  0.09  0.121  16.668  12.478  10.465  9.78  9.48  10.301  0.1578  0.0664  0.0792  10.659  10.343  10.189  11.176  10.573  10.4751
0.12  0.12  0.154  15.195  11.614  9.823  9.122  8.793  9.655  0.236  0.2027  0.157  9.386  8.902  8.755  10.074  9.472  9.2014
0.15  0.15  0.182  14.224  10.965  9.287  8.641  8.296  9.133  0.1277  0.1177  0.1058  8.817  8.3  8.136  9.1116  8.5731  8.3818
0.18  0.18  0.208  13.541  10.469  8.878  8.26  7.916  8.731  0.1631  0.1445  0.1167  8.575  8.034  7.852  9.0394  8.447  8.186
0.21  0.21  0.233  12.997  10.067  8.542  7.94  7.601  8.4  0.0  0.0  0.0  8.585  8.027  7.795  8.585  8.027  7.795
0.24  0.24  0.256  12.539  9.727  8.253  7.662  7.33  8.113  0.0022  0.0024  0.0025  8.16  7.607  7.401  8.167  7.6145  7.408
0.27  0.27  0.279  12.138  9.431  7.997  7.413  7.09  7.859  0.2395  0.2255  0.191  7.795  7.236  7.039  8.25  7.6644  7.4019
0.3  0.3  0.302  11.779  9.163  7.766  7.187  6.872  7.629  0.1955  0.1734  0.1507  7.277  6.771  6.612  7.936  7.347  7.111
0.33  0.33  0.329  11.452  8.917  7.554  6.978  6.672  7.418  0.1824  0.1662  0.1424  7.165  6.64  6.477  7.8553  7.2633  7.0074
0.36  0.36  0.356  11.149  8.685  7.357  6.782  6.485  7.221  0.2588  0.2259  0.19  6.936  6.438  6.285  7.6312  7.0352  6.7848
0.39  0.39  0.381  10.865  8.465  7.172  6.597  6.309  7.036  0.2386  0.2027  0.1687  6.763  6.271  6.121  7.4084  6.8016  6.5604
0.42  0.42  0.408  10.597  8.256  6.996  6.42  6.142  6.86  0.2288  0.1988  0.1679  6.595  6.102  5.948  7.2665  6.6595  6.4185
0.45  0.45  0.437  10.341  8.057  6.828  6.251  5.982  6.692  0.2196  0.18  0.1457  6.379  5.906  5.763  7.0312  6.4152  6.1801
0.48  0.48  0.469  10.096  7.867  6.666  6.087  5.827  6.529  0.2337  0.1882  0.1451  6.244  5.698  5.562  6.737  6.1082  5.8844
0.55  0.55  0.541  9.339  7.351  6.232  5.63  5.394  6.09  0.2446  0.1759  0.1323  5.687  5.206  5.095  6.356  5.7079  5.4899
0.6  0.6  0.587  8.692  6.91  5.882  5.261  5.058  5.735  0.2344  0.1399  0.1015  5.331  4.913  4.822  6.0211  5.3531  5.153
0.65  0.65  0.624  8.042  6.475  5.533  4.91  4.751  5.385  0.2184  0.1037  0.0753  4.999  4.638  4.561  5.6888  5.0076  4.8398
0.7  0.7  0.656  7.4  6.064  5.216  4.632  4.508  5.078  0.2075  0.0882  0.0671  4.691  4.372  4.315  5.3687  4.7027  4.5717
0.7104  0.71  0.662  7.269  5.98  5.154  4.586  4.468  5.02  0.1864  0.0827  0.0646  4.65  4.331  4.275  5.2866  4.6322  4.512
0.75  0.75  0.686  6.807  5.673  4.929  4.43  4.324  4.813  0.2001  0.0991  0.0811  4.427  4.134  4.091  5.0729  4.4789  4.3789
0.7999  0.8  0.728  6.34  5.33  4.659  4.222  4.127  4.558  0.2026  0.1172  0.0986  4.15  3.881  3.849  4.8039  4.2749  4.1849
0.8065  0.806  0.734  6.282  5.287  4.626  4.195  4.101  4.526  0.2038  0.1191  0.1007  4.078  3.819  3.791  4.7982  4.2701  4.1801
0.8498  0.849  0.773  5.92  5.011  4.406  4.022  3.935  4.318  0.2024  0.1311  0.1135  3.868  3.629  3.605  4.5416  4.0717  3.9927
0.8997  0.899  0.824  5.542  4.712  4.163  3.824  3.743  4.086  0.2068  0.1426  0.1266  3.566  3.371  3.351  4.2855  3.8694  3.7974
0.9071  0.906  0.831  5.488  4.669  4.127  3.794  3.714  4.051  0.2136  0.1481  0.1318  3.565  3.364  3.343  4.2838  3.8678  3.7961
0.944  0.943  0.874  5.232  4.464  3.957  3.649  3.576  3.887  0.2219  0.1571  0.1425  3.348  3.166  3.146  4.0622  3.6876  3.6226
0.9496  0.949  0.88  5.195  4.434  3.931  3.627  3.554  3.862  0.2136  0.152  0.1381  3.336  3.16  3.141  4.0535  3.6798  3.6182
0.9571  0.957  0.89  5.145  4.393  3.895  3.596  3.524  3.827  0.2224  0.1584  0.1442  3.284  3.123  3.105  4.046  3.673  3.6086
0.9906  0.99  0.935  4.926  4.213  3.741  3.462  3.395  3.678  0.2329  0.1647  0.1521  3.096  2.946  2.927  3.842  3.5038  3.4468
0.9995  0.999  0.947  4.869  4.166  3.701  3.427  3.36  3.639  0.2204  0.1565  0.1449  3.084  2.941  2.921  3.8142  3.4766  3.4206
1.0195  1.019  0.977  4.743  4.06  3.609  3.345  3.281  3.549  0.2098  0.1464  0.1363  2.96  2.843  2.825  3.702  3.378  3.325
1.0476  1.047  1.02  4.569  3.914  3.481  3.231  3.171  3.425  0.2185  0.1533  0.1443  2.821  2.716  2.697  3.5972  3.2886  3.2386
1.0494  1.049  1.023  4.558  3.905  3.473  3.224  3.164  3.417  0.217  0.1522  0.1433  2.808  2.697  2.679  3.5846  3.276  3.2276
1.0715  1.071  1.061  4.425  3.791  3.371  3.131  3.073  3.317  0.2027  0.1427  0.136  2.705  2.611  2.593  3.4336  3.1605  3.1184
1.0944  1.093  1.102  4.29  3.674  3.265  3.035  2.979  3.213  0.2166  0.1523  0.1458  2.588  2.504  2.484  3.3692  3.0852  3.045
1.0993  1.098  1.111  4.261  3.649  3.243  3.015  2.959  3.192  0.2157  0.1526  0.1462  2.57  2.478  2.459  3.3605  3.0823  3.0402
1.1119  1.111  1.134  4.188  3.585  3.186  2.962  2.907  3.136  0.2051  0.1428  0.1377  2.485  2.438  2.42  3.2616  3.0053  2.9655
1.1323  1.131  1.175  4.07  3.483  3.092  2.876  2.823  3.044  0.2221  0.1617  0.1571  2.378  2.29  2.271  3.1913  2.9293  2.8913
1.1492  1.148  1.209  3.974  3.398  3.015  2.805  2.753  2.968  0.2444  0.1824  0.1779  2.173  2.156  2.137  3.1352  2.8743  2.8354
1.1612  1.16  1.234  3.907  3.339  2.96  2.755  2.703  2.914  0.2781  0.2133  0.2087  1.966  1.973  1.958  3.1172  2.864  2.8289
1.1881  1.187  1.294  3.761  3.209  2.841  2.643  2.593  2.797  0.6913  0.7396  0.7457  0.166  -0.213  -0.279  2.8469  2.6526  2.6216
1.1991  1.198  1.317  3.702  3.156  2.792  2.597  2.547  2.748  1.0367  1.1346  1.1493  -2.289  -2.756  -2.837  2.8474  2.6308  2.601
1.249  1.248  1.438  3.458  2.932  2.579  2.394  2.346  2.538  2.5272  2.728  2.7607  -5.988  -6.734  -6.929  2.2586  2.1909  2.1698
1.2725  1.272  1.502  3.349  2.829  2.479  2.297  2.249  2.438  2.3458  2.5416  2.5757  -5.976  -6.864  -7.097  1.796  1.7509  1.7329
1.2989  1.298  1.578  3.231  2.714  2.367  2.187  2.139  2.327  2.3801  2.5852  2.6249  -6.092  -7.044  -7.324  1.9683  1.9008  1.8821
1.3039  1.304  1.594  3.208  2.692  2.345  2.166  2.118  2.305  2.411  2.6199  2.6619  -6.098  -7.068  -7.348  1.8897  1.8594  1.847
1.3367  1.336  1.7  3.065  2.55  2.203  2.025  1.977  2.163  2.3591  2.5788  2.6321  -6.336  -7.32  -7.68  1.657  1.6324  1.6167
1.3488  1.348  1.742  3.012  2.498  2.15  1.972  1.924  2.11  2.3463  2.564  2.6145  -6.336  -7.32  -7.68  1.6692  1.6365  1.6208
1.3626  1.362  1.795  2.951  2.436  2.087  1.909  1.86  2.047  2.3248  2.5396  2.5919  -6.342  -7.323  -7.676  1.5666  1.5394  1.5214
1.3952  1.395  1.932  2.808  2.288  1.936  1.755  1.705  1.896  2.3067  2.5155  2.5773  -6.468  -7.441  -7.853  1.3246  1.1984  1.1764
1.3987  1.398  1.947  2.794  2.273  1.92  1.738  1.689  1.879  2.2806  2.4766  2.5332  -6.468  -7.441  -7.853  1.2914  1.1699  1.1429
1.4108  1.411  2.004  2.74  2.216  1.861  1.678  1.628  1.82  2.3068  2.5081  2.5696  -6.535  -7.508  -7.935  1.2268  1.075  1.0484
1.445  1.445  2.186  2.593  2.057  1.693  1.503  1.452  1.651  2.4372  2.6553  2.741  -6.64  -7.602  -8.067  1.1934  1.0572  1.0291
1.4486  1.448  2.206  2.578  2.04  1.675  1.484  1.433  1.632  2.479  2.707  2.7959  -6.64  -7.602  -8.062  1.2309  1.0891  1.0587
1.454  1.454  2.237  2.558  2.015  1.648  1.455  1.403  1.605  2.4287  2.6489  2.7402  -6.655  -7.616  -8.073  1.2097  1.0099  0.983
1.4693  1.469  2.337  2.503  1.947  1.57  1.371  1.317  1.526  2.4024  2.6187  2.711  -6.655  -7.616  -8.073  1.1099  0.9396  0.9116
1.4846  1.484  2.445  2.452  1.88  1.493  1.286  1.231  1.447  2.3912  2.6035  2.7067  -6.696  -7.681  -8.201  1.0664  0.8326  0.7824
1.4984  1.498  2.548  2.408  1.82  1.423  1.208  1.151  1.375  2.3857  2.6007  2.7115  -6.696  -7.681  -8.201  1.0703  0.8418  0.7802
1.4999  1.5  2.558  2.403  1.814  1.415  1.199  1.142  1.367  2.4238  2.6394  2.756  -6.712  -7.695  -8.21  1.0928  0.876  0.8403
1.5181  1.518  2.719  2.33  1.721  1.309  1.084  1.025  1.259  2.3969  2.6028  2.7197  -6.721  -7.709  -8.231  1.0236  0.8162  0.7805
1.5213  1.521  2.748  2.312  1.702  1.288  1.062  1.002  1.237  2.3801  2.5873  2.7027  -6.721  -7.709  -8.231  1.0021  0.7551  0.7048
1.5276  1.527  2.831  2.172  1.588  1.192  0.979  0.922  1.144  2.4578  2.672  2.791  -6.721  -7.709  -8.231  1.0664  0.8328  0.7918
1.5289  1.528  2.868  2.073  1.514  1.133  0.933  0.878  1.088  2.4496  2.6625  2.781  -6.721  -7.709  -8.231  1.06  0.824  0.785
1.5293  1.529  2.9  1.99  1.452  1.084  0.894  0.841  1.042  2.4627  2.6767  2.7949  -6.721  -7.709  -8.231  1.0737  0.826  0.7899
1.5295  1.529  2.934  1.917  1.397  1.039  0.858  0.807  0.999  2.4355  2.6489  2.7622  -6.721  -7.709  -8.231  1.0843  0.8371  0.7931
1.5296  1.529  2.95  1.875  1.365  1.014  0.838  0.787  0.975  2.4345  2.6479  2.7611  -6.721  -7.709  -8.231  1.0843  0.8371  0.7931
1.5297  1.529  2.903  1.948  1.425  1.066  0.884  0.832  1.025  2.4331  2.6463  2.7595  -6.721  -7.709  -8.231  1.084  0.837  0.793
1.5297  1.529  2.886  2.019  1.474  1.102  0.909  0.855  1.059  2.4318  2.6448  2.7579  -6.721  -7.709  -8.231  1.084  0.8362  0.7928
1.5299  1.529  3.043  2.022  1.436  1.038  0.824  0.766  0.99  2.4311  2.644  2.7569  -6.721  -7.709  -8.231  1.0846  0.8373  0.7933
1.5302  1.53  3.204  2.024  1.4  0.976  0.742  0.68  0.923  2.4257  2.6379  2.7506  -6.721  -7.709  -8.231  1.0828  0.8327  0.7917
1.5307  1.53  3.327  2.061  1.397  0.944  0.688  0.623  0.886  2.4108  2.6207  2.7323  -6.721  -7.709  -8.231  1.0568  0.8229  0.7839
1.5313  1.531  3.397  2.125  1.424  0.948  0.67  0.602  0.885  2.4275  2.6376  2.7516  -6.721  -7.709  -8.231  1.0548  0.8138  0.7742
1.5319  1.531  3.428  2.202  1.47  0.97  0.675  0.603  0.903  2.4199  2.628  2.7418  -6.721  -7.709  -8.231  1.0436  0.8017  0.7637
1.5325  1.532  3.442  2.294  1.53  1.007  0.693  0.618  0.936  2.4025  2.6087  2.7219  -6.721  -7.709  -8.231  1.0313  0.7936  0.7571
1.5331  1.533  3.444  2.399  1.6  1.052  0.715  0.637  0.975  2.4012  2.6071  2.7203  -6.721  -7.709  -8.231  1.0312  0.7934  0.7571
1.5336  1.533  3.472  2.492  1.66  1.084  0.726  0.646  1.002  2.3964  2.6015  2.7145  -6.721  -7.709  -8.231  1.027  0.792  0.754
1.5343  1.534  3.581  2.552  1.682  1.075  0.692  0.609  0.987  2.3698  2.5717  2.684  -6.721  -7.709  -8.231  0.9878  0.7199  0.6765
1.5352  1.535  3.829  2.531  1.623  0.985  0.577  0.49  0.891  2.3764  2.5776  2.6997  -6.736  -7.716  -8.243  0.9786  0.7069  0.6493
1.5354  1.535  3.923  2.51  1.593  0.947  0.534  0.446  0.852  2.3756  2.5768  2.6989  -6.736  -7.716  -8.243  0.9776  0.7013  0.6459
1.5357  1.535  4.087  2.458  1.529  0.875  0.454  0.365  0.778  2.3762  2.5774  2.6996  -6.736  -7.716  -8.243  0.9778  0.7022  0.6471
1.5363  1.536  4.4  2.353  1.407  0.74  0.308  0.218  0.64  2.3752  2.5762  2.6985  -6.736  -7.716  -8.243  0.977  0.6988  0.642
1.5367  1.536  4.661  2.262  1.305  0.628  0.191  0.1  0.527  2.3722  2.5729  2.6953  -6.736  -7.716  -8.243  0.975  0.6819  0.6255
1.5372  1.537  4.938  2.17  1.203  0.518  0.075  -0.017  0.415  2.3696  2.57  2.6924  -6.736  -7.716  -8.243  0.9746  0.6716  0.6194
1.5376  1.537  5.221  2.079  1.102  0.41  -0.039  -0.132  0.306  2.3674  2.5675  2.6899  -6.736  -7.716  -8.243  0.973  0.6692  0.6146
1.538  1.537  5.52  1.988  1.002  0.302  -0.153  -0.247  0.197  2.3665  2.5664  2.6887  -6.736  -7.716  -8.243  0.9702  0.6662  0.6042
1.5384  1.538  5.843  1.897  0.901  0.195  -0.267  -0.362  0.088  2.3623  2.5619  2.6842  -6.736  -7.716  -8.243  0.9634  0.6546  0.595
1.5388  1.538  6.168  1.808  0.803  0.087  -0.379  -0.475  -0.021  2.3646  2.5645  2.6868  -6.736  -7.716  -8.243  0.9681  0.6614  0.5991
1.5393  1.539  6.602  1.698  0.681  -0.043  -0.517  -0.614  -0.153  2.3641  2.564  2.6864  -6.736  -7.716  -8.243  0.9594  0.6526  0.5926
1.5398  1.539  7.136  1.574  0.544  -0.191  -0.673  -0.772  -0.303  2.3941  2.597  2.7214  -6.736  -7.716  -8.243  0.975  0.6864  0.628
1.5402  1.54  7.545  1.485  0.445  -0.298  -0.786  -0.886  -0.412  2.3941  2.5978  2.7219  -6.736  -7.716  -8.243  0.9784  0.7804  0.7378
1.5407  1.54  8.073  1.378  0.325  -0.428  -0.923  -1.024  -0.543  2.3894  2.5931  2.7172  -6.736  -7.716  -8.243  0.977  0.78  0.7332
1.5412  1.541  8.564  1.287  0.222  -0.54  -1.042  -1.145  -0.657  2.3917  2.5957  2.7198  -6.736  -7.716  -8.243  0.9785  0.7805  0.7385
1.5416  1.541  9.142  1.185  0.107  -0.665  -1.176  -1.28  -0.784  2.3872  2.591  2.715  -6.736  -7.716  -8.243  0.977  0.78  0.734
1.542  1.541  9.722  1.092  0.002  -0.781  -1.299  -1.404  -0.902  2.3865  2.5903  2.7143  -6.736  -7.716  -8.243  0.977  0.78  0.731
1.5424  1.542  10.293  1.007  -0.095  -0.888  -1.412  -1.519  -1.011  2.3915  2.5958  2.7201  -6.736  -7.716  -8.243  0.9792  0.7802  0.7364
1.5428  1.542  10.946  0.916  -0.2  -1.002  -1.535  -1.644  -1.127  2.3865  2.5906  2.7149  -6.736  -7.716  -8.243  0.9788  0.78  0.7344
1.5431  1.543  11.645  0.826  -0.304  -1.117  -1.658  -1.768  -1.244  2.3899  2.5945  2.7188  -6.736  -7.716  -8.243  0.9838  0.7809  0.7416
1.5435  1.543  12.37  0.737  -0.408  -1.231  -1.779  -1.891  -1.36  2.391  2.5958  2.7203  -6.736  -7.716  -8.243  0.9883  0.7856  0.7424
1.5441  1.543  13.087  0.655  -0.504  -1.338  -1.893  -2.006  -1.468  2.3971  2.6029  2.7276  -6.736  -7.716  -8.243  0.9965  0.7912  0.748
1.5445  1.544  13.473  0.613  -0.554  -1.393  -1.951  -2.065  -1.524  2.4018  2.6086  2.7334  -6.736  -7.716  -8.243  1.0141  0.792  0.754
1.5449  1.544  12.869  0.676  -0.478  -1.307  -1.86  -1.973  -1.437  2.401  2.6077  2.7325  -6.736  -7.716  -8.243  1.0165  0.7918  0.7537
1.5452  1.544  12.211  0.75  -0.39  -1.21  -1.755  -1.867  -1.338  2.399  2.6056  2.7303  -6.736  -7.716  -8.243  1.0165  0.7918  0.7537
1.5453  1.545  11.499  0.836  -0.288  -1.097  -1.635  -1.745  -1.223  2.3986  2.6053  2.7299  -6.736  -7.716  -8.243  1.0159  0.7916  0.7533
1.5455  1.545  10.863  0.916  -0.194  -0.994  -1.523  -1.631  -1.118  2.3937  2.5998  2.7243  -6.736  -7.716  -8.243  1.0015  0.7878  0.746
1.5456  1.545  10.234  1.004  -0.093  -0.881  -1.403  -1.51  -1.003  2.3927  2.5987  2.723  -6.736  -7.716  -8.243  1.0095  0.7876  0.746
1.5458  1.545  9.657  1.088  0.004  -0.775  -1.289  -1.394  -0.895  2.3912  2.5969  2.721  -6.736  -7.716  -8.243  1.0149  0.7873  0.746
1.546  1.545  9.149  1.168  0.096  -0.673  -1.18  -1.283  -0.791  2.3725  2.5763  2.6983  -6.736  -7.716  -8.243  0.994  0.78  0.7336
1.5461  1.545  9.189  1.16  0.087  -0.682  -1.19  -1.293  -0.801  2.3659  2.5692  2.6904  -6.736  -7.716  -8.243  0.9929  0.7796  0.7299
1.5464  1.546  9.776  1.069  -0.017  -0.797  -1.313  -1.418  -0.918  2.3538  2.5585  2.6806  -6.736  -7.716  -8.243  0.978  0.746  0.6926
1.5469  1.546  10.408  0.975  -0.124  -0.914  -1.438  -1.544  -1.037  2.3554  2.5601  2.6828  -6.736  -7.716  -8.243  0.9778  0.7412  0.6892
1.5474  1.547  11.096  0.88  -0.233  -1.035  -1.566  -1.675  -1.159  2.3656  2.5722  2.6932  -6.736  -7.716  -8.243  0.994  0.7569  0.7149
1.5479  1.547  11.786  0.792  -0.336  -1.147  -1.686  -1.797  -1.273  2.3717  2.5791  2.7002  -6.736  -7.716  -8.243  0.994  0.7556  0.7232
1.5483  1.548  12.45  0.712  -0.43  -1.251  -1.797  -1.909  -1.379  2.3741  2.5819  2.7029  -6.736  -7.716  -8.243  1.0015  0.7555  0.723
1.5484  1.548  12.539  0.702  -0.442  -1.264  -1.811  -1.923  -1.392  2.3725  2.58  2.701  -6.736  -7.716  -8.243  1.001  0.7554  0.7228
1.5489  1.548  13.34  0.613  -0.546  -1.379  -1.933  -2.047  -1.509  2.3721  2.5795  2.7002  -6.736  -7.716  -8.243  1.0072  0.7548  0.7216
1.5494  1.549  14.166  0.528  -0.647  -1.492  -2.054  -2.169  -1.624  2.3695  2.5761  2.6962  -6.736  -7.716  -8.243  0.994  0.753  0.718
1.5498  1.549  15.078  0.442  -0.751  -1.606  -2.177  -2.294  -1.74  2.3683  2.5744  2.6944  -6.736  -7.716  -8.243  0.994  0.753  0.718
1.5503  1.549  16.031  0.356  -0.854  -1.72  -2.299  -2.418  -1.857  2.3765  2.5833  2.7035  -6.736  -7.716  -8.243  1.0048  0.7542  0.7204
1.5507  1.55  17.043  0.273  -0.954  -1.833  -2.419  -2.54  -1.971  2.3809  2.5881  2.7085  -6.736  -7.716  -8.243  1.0084  0.7551  0.7222
1.5511  1.55  18.128  0.19  -1.056  -1.947  -2.541  -2.664  -2.087  2.4071  2.6168  2.7417  -6.736  -7.716  -8.243  1.0391  0.7796  0.7332
1.5514  1.55  19.26  0.112  -1.153  -2.056  -2.66  -2.785  -2.199  2.4075  2.6158  2.7389  -6.736  -7.716  -8.243  1.0515  0.7838  0.7414
1.5518  1.551  20.462  0.031  -1.253  -2.169  -2.781  -2.908  -2.314  2.3968  2.604  2.7269  -6.736  -7.716  -8.243  1.0385  0.7792  0.732
1.5521  1.551  21.74  -0.049  -1.35  -2.278  -2.895  -3.026  -2.424  2.3946  2.6015  2.7244  -6.736  -7.716  -8.243  1.033  0.7778  0.729
1.5524  1.551  23.134  -0.131  -1.448  -2.388  -3.009  -3.145  -2.535  2.3645  2.5677  2.6904  -6.736  -7.716  -8.243  0.994  0.753  0.718
1.5527  1.551  24.578  -0.211  -1.543  -2.496  -3.122  -3.263  -2.645  2.3941  2.6001  2.7326  -6.736  -7.716  -8.243  0.9795  0.7445  0.7005
1.5529  1.552  26.095  -0.29  -1.637  -2.604  -3.233  -3.38  -2.753  2.3886  2.593  2.7259  -6.736  -7.716  -8.243  0.986  0.7472  0.7098
1.5532  1.552  27.737  -0.368  -1.732  -2.712  -3.346  -3.498  -2.863  2.3797  2.5806  2.711  -6.736  -7.716  -8.243  0.9898  0.7495  0.7131
1.5534  1.552  29.482  -0.445  -1.824  -2.818  -3.458  -3.614  -2.97  2.3757  2.5763  2.7066  -6.736  -7.716  -8.243  0.982  0.7458  0.7072
1.5536  1.552  31.301  -0.522  -1.916  -2.925  -3.568  -3.731  -3.078  2.3742  2.5746  2.7048  -6.736  -7.716  -8.243  0.9799  0.7449  0.7054
1.5538  1.552  33.232  -0.596  -2.007  -3.03  -3.678  -3.847  -3.184  2.3701  2.57  2.7  -6.736  -7.716  -8.243  0.979  0.744  0.6945
1.554  1.552  35.298  -0.668  -2.097  -3.134  -3.787  -3.963  -3.29  2.3474  2.5448  2.6729  -6.736  -7.716  -8.243  0.9712  0.7073  0.6584
1.5542  1.552  37.493  -0.739  -2.187  -3.24  -3.899  -4.08  -3.397  2.3353  2.5312  2.658  -6.736  -7.716  -8.243  0.9516  0.6622  0.6091
1.5543  1.552  39.779  -0.803  -2.278  -3.346  -4.014  -4.199  -3.505  2.3366  2.5317  2.6584  -6.736  -7.716  -8.243  0.9393  0.6449  0.5899
1.5545  1.552  42.253  -0.863  -2.368  -3.451  -4.128  -4.318  -3.613  2.3309  2.5247  2.6516  -6.736  -7.716  -8.243  0.929  0.6233  0.5626
1.5546  1.552  44.88  -0.926  -2.46  -3.559  -4.243  -4.437  -3.723  2.3236  2.5163  2.6429  -6.736  -7.716  -8.243  0.9112  0.5987  0.5477
1.5548  1.552  47.583  -0.98  -2.545  -3.661  -4.354  -4.553  -3.827  2.307  2.498  2.6236  -6.736  -7.716  -8.243  0.9011  0.5897  0.5186
1.5549  1.552  50.507  -1.033  -2.634  -3.765  -4.467  -4.671  -3.933  2.304  2.4939  2.6199  -6.736  -7.716  -8.243  0.8852  0.515  0.4578
1.555  1.552  53.525  -1.086  -2.721  -3.871  -4.58  -4.789  -4.041  2.3094  2.4993  2.6264  -6.752  -7.731  -8.256  0.8846  0.5056  0.4454
1.5551  1.552  56.775  -1.132  -2.805  -3.972  -4.69  -4.904  -4.145  2.3081  2.4977  2.6248  -6.752  -7.731  -8.256  0.8824  0.5032  0.4406
1.5552  1.552  60.194  -1.174  -2.889  -4.075  -4.801  -5.02  -4.25  2.3065  2.4959  2.623  -6.752  -7.731  -8.256  0.8828  0.502  0.4382
1.5553  1.552  63.849  -1.216  -2.973  -4.177  -4.912  -5.136  -4.354  2.3084  2.4979  2.625  -6.752  -7.731  -8.256  0.8828  0.502  0.4382
1.5554  1.552  68.558  -1.251  -3.071  -4.3  -5.046  -5.277  -4.48  2.3085  2.4979  2.625  -6.752  -7.731  -8.256  0.883  0.502  0.4385
1.5555  1.552  73.647  -1.275  -3.169  -4.427  -5.181  -5.418  -4.609  2.3067  2.496  2.6231  -6.752  -7.731  -8.256  0.8762  0.4991  0.4334
1.5556  1.551  79.078  -1.299  -3.265  -4.551  -5.315  -5.559  -4.736  2.3076  2.4969  2.624  -6.752  -7.731  -8.256  0.8762  0.4991  0.4334
1.5557  1.551  84.948  -1.297  -3.355  -4.676  -5.448  -5.699  -4.863  2.31  2.4996  2.6267  -6.752  -7.731  -8.256  0.883  0.502  0.4385
1.5558  1.551  91.192  -1.292  -3.444  -4.799  -5.58  -5.838  -4.988  2.31  2.4995  2.6267  -6.752  -7.731  -8.256  0.875  0.4982  0.4332
1.5558  1.55  97.894  -1.267  -3.526  -4.922  -5.711  -5.976  -5.113  2.3085  2.4978  2.6249  -6.752  -7.731  -8.256  0.8762  0.499  0.4286
1.5559  1.55  104.968  -1.229  -3.604  -5.043  -5.841  -6.114  -5.237  2.3095  2.4988  2.6259  -6.752  -7.731  -8.256  0.8762  0.499  0.4286
1.556  1.549  112.527  -1.172  -3.673  -5.163  -5.968  -6.249  -5.359  2.3096  2.4989  2.6261  -6.752  -7.731  -8.256  0.875  0.498  0.4282
1.556  1.549  120.63  -1.094  -3.735  -5.284  -6.097  -6.385  -5.482  2.3094  2.4987  2.6258  -6.752  -7.731  -8.256  0.8762  0.499  0.4286
1.5561  1.548  129.168  -0.999  -3.789  -5.401  -6.221  -6.518  -5.601  2.3107  2.5001  2.6273  -6.752  -7.731  -8.256  0.8787  0.501  0.4295
1.5561  1.548  131.055  -0.978  -3.799  -5.427  -6.247  -6.545  -5.627  2.3107  2.5001  2.6273  -6.752  -7.731  -8.256  0.8787  0.501  0.4295
1.5567  1.548  10.964  0.726  -0.326  -1.086  -1.583  -1.685  -1.202  2.3038  2.4922  2.6193  -6.752  -7.731  -8.256  0.8441  0.4598  0.3985
1.5574  1.549  11.06  0.713  -0.341  -1.102  -1.6  -1.702  -1.218  2.3059  2.4946  2.6219  -6.752  -7.731  -8.256  0.843  0.456  0.398
1.5581  1.55  11.045  0.711  -0.342  -1.102  -1.599  -1.701  -1.218  2.3071  2.4962  2.6239  -6.752  -7.731  -8.256  0.838  0.4474  0.385
1.5588  1.55  11.029  0.712  -0.34  -1.099  -1.595  -1.697  -1.215  2.3145  2.5047  2.6326  -6.752  -7.731  -8.256  0.8439  0.4543  0.3925
1.5594  1.551  11.002  0.712  -0.338  -1.096  -1.591  -1.693  -1.211  2.3185  2.5094  2.6375  -6.752  -7.731  -8.256  0.8424  0.4518  0.3874
1.5601  1.552  10.974  0.712  -0.336  -1.093  -1.587  -1.689  -1.208  2.3188  2.51  2.6384  -6.752  -7.731  -8.256  0.8129  0.4504  0.3867
1.5608  1.553  10.959  0.712  -0.335  -1.09  -1.584  -1.686  -1.205  2.33  2.5225  2.6518  -6.752  -7.731  -8.256  0.8417  0.4658  0.4042
1.5615  1.553  10.931  0.711  -0.334  -1.088  -1.581  -1.683  -1.203  2.3553  2.5503  2.6819  -6.752  -7.731  -8.256  0.8942  0.5914  0.5374
1.5622  1.554  10.921  0.711  -0.334  -1.086  -1.579  -1.68  -1.201  2.3522  2.5473  2.6793  -6.752  -7.731  -8.256  0.9136  0.6177  0.5626
1.5629  1.555  10.906  0.71  -0.333  -1.085  -1.577  -1.678  -1.2  2.3466  2.5415  2.6733  -6.752  -7.731  -8.256  0.9265  0.635  0.5765
1.5635  1.556  10.896  0.708  -0.334  -1.085  -1.576  -1.677  -1.199  2.3518  2.5475  2.6793  -6.752  -7.731  -8.256  0.93  0.644  0.597
1.5642  1.556  10.886  0.706  -0.335  -1.085  -1.575  -1.676  -1.199  2.3525  2.5485  2.6803  -6.752  -7.731  -8.256  0.9479  0.6901  0.6357
1.5649  1.557  10.876  0.705  -0.336  -1.085  -1.575  -1.676  -1.199  2.3536  2.5497  2.6813  -6.752  -7.731  -8.256  0.9517  0.6901  0.6357
1.5656  1.558  10.878  0.702  -0.337  -1.086  -1.575  -1.676  -1.2  2.3673  2.5646  2.697  -6.752  -7.731  -8.256  0.9609  0.696  0.647
1.5657  1.558  10.878  0.702  -0.337  -1.086  -1.575  -1.676  -1.2  2.3585  2.5539  2.6867  -6.752  -7.731  -8.256  0.9032  0.5912  0.5372
1.5663  1.558  10.886  0.699  -0.339  -1.087  -1.576  -1.677  -1.201  2.3564  2.5532  2.6789  -6.752  -7.731  -8.256  0.9592  0.7  0.649
1.567  1.559  10.888  0.697  -0.341  -1.089  -1.577  -1.678  -1.203  2.365  2.5633  2.6892  -6.752  -7.731  -8.256  0.971  0.726  0.67
1.5677  1.56  10.883  0.694  -0.343  -1.091  -1.579  -1.679  -1.205  2.3638  2.5621  2.6877  -6.752  -7.731  -8.256  0.9712  0.726  0.671
1.5684  1.561  10.891  0.691  -0.346  -1.093  -1.581  -1.681  -1.207  2.3632  2.5616  2.687  -6.752  -7.731  -8.256  0.9711  0.726  0.6707
1.5691  1.561  10.916  0.687  -0.349  -1.096  -1.584  -1.684  -1.21  2.3594  2.5578  2.6829  -6.752  -7.731  -8.256  0.971  0.726  0.6702
1.5698  1.562  10.923  0.683  -0.353  -1.1  -1.588  -1.688  -1.214  2.3522  2.55  2.6746  -6.752  -7.731  -8.256  0.9582  0.7083  0.6622
1.5705  1.563  10.949  0.678  -0.358  -1.105  -1.592  -1.693  -1.218  2.3195  2.5134  2.6384  -6.752  -7.731  -8.256  0.935  0.6582  0.612
1.5708  1.563  10.961  0.676  -0.36  -1.106  -1.594  -1.694  -1.22  2.3276  2.5222  2.6523  -6.752  -7.731  -8.258  0.9202  0.609  0.558
1.5708  1.563  10.961  0.676  -0.36  -1.107  -1.594  -1.695  -1.22  2.3276  2.5222  2.6523  -6.752  -7.731  -8.258  0.9202  0.609  0.558
1.5716  1.564  10.991  0.67  -0.366  -1.113  -1.601  -1.701  -1.227  2.3223  2.5162  2.6461  -6.752  -7.731  -8.258  0.9083  0.5926  0.5445
1.5723  1.565  11.035  0.664  -0.373  -1.12  -1.608  -1.709  -1.234  2.3172  2.5104  2.6402  -6.752  -7.731  -8.258  0.9041  0.5894  0.5231
1.573  1.566  11.083  0.657  -0.38  -1.128  -1.617  -1.717  -1.242  2.3191  2.5126  2.6425  -6.752  -7.731  -8.258  0.9035  0.59  0.53
1.5736  1.566  11.144  0.65  -0.389  -1.138  -1.627  -1.728  -1.252  2.3266  2.5225  2.6524  -6.752  -7.731  -8.258  0.899  0.6162  0.5622
1.5743  1.567  11.211  0.641  -0.399  -1.149  -1.639  -1.74  -1.263  2.3061  2.4996  2.6269  -6.752  -7.731  -8.258  0.8848  0.59  0.5342
1.575  1.568  11.284  0.632  -0.41  -1.161  -1.653  -1.754  -1.276  2.2761  2.4706  2.5978  -6.752  -7.731  -8.258  0.8416  0.5393  0.4806
1.5757  1.568  11.383  0.62  -0.423  -1.176  -1.669  -1.77  -1.291  2.265  2.4579  2.5847  -6.752  -7.731  -8.258  0.8163  0.4546  0.3935
1.5763  1.569  11.47  0.609  -0.436  -1.191  -1.684  -1.786  -1.306  2.2339  2.4231  2.5481  -6.752  -7.731  -8.258  0.7495  0.396  0.3475
1.5771  1.57  11.515  0.602  -0.444  -1.199  -1.694  -1.795  -1.314  2.2477  2.4374  2.5642  -6.771  -7.753  -8.265  0.733  0.376  0.314
1.5778  1.571  11.753  0.577  -0.475  -1.235  -1.732  -1.834  -1.351  2.2991  2.4903  2.6207  -6.771  -7.753  -8.265  0.7879  0.4226  0.3651
1.5784  1.571  12.251  0.527  -0.538  -1.308  -1.811  -1.915  -1.425  2.3106  2.5032  2.6342  -6.771  -7.753  -8.265  0.8057  0.4482  0.3878
1.579  1.572  13.006  0.452  -0.632  -1.415  -1.928  -2.034  -1.535  2.3036  2.4948  2.6255  -6.771  -7.753  -8.265  0.7763  0.4174  0.3631
1.5793  1.572  13.825  0.374  -0.729  -1.525  -2.048  -2.156  -1.647  2.2766  2.4648  2.5932  -6.771  -7.753  -8.265  0.7447  0.3903  0.3276
1.5794  1.572  14.664  0.299  -0.822  -1.632  -2.164  -2.274  -1.757  2.2699  2.4573  2.5848  -6.771  -7.753  -8.265  0.7325  0.3759  0.3138
1.5795  1.572  15.58  0.225  -0.916  -1.738  -2.28  -2.392  -1.865  2.2664  2.4535  2.5806  -6.771  -7.753  -8.265  0.7223  0.3571  0.3008
1.5795  1.573  16.537  0.149  -1.01  -1.845  -2.397  -2.511  -1.975  2.2658  2.4527  2.5797  -6.771  -7.753  -8.265  0.7135  0.3535  0.299
1.5795  1.573  17.505  0.078  -1.1  -1.948  -2.508  -2.624  -2.08  2.2658  2.4527  2.5797  -6.771  -7.753  -8.265  0.7135  0.3535  0.299
1.5795  1.573  18.368  0.019  -1.176  -2.035  -2.603  -2.721  -2.169  2.2669  2.4535  2.5805  -6.771  -7.753  -8.265  0.7026  0.3483  0.2973
1.5795  1.573  18.389  0.017  -1.177  -2.036  -2.605  -2.722  -2.17  2.2669  2.4535  2.5805  -6.771  -7.753  -8.265  0.7026  0.3483  0.2973
1.5795  1.573  18.996  -0.022  -1.227  -2.093  -2.667  -2.786  -2.228  2.2669  2.4535  2.5805  -6.771  -7.753  -8.265  0.7026  0.3483  0.2973
1.5795  1.573  20.34  -0.108  -1.336  -2.218  -2.801  -2.922  -2.356  2.2669  2.4535  2.5805  -6.771  -7.753  -8.265  0.7026  0.3483  0.2973
1.5795  1.573  21.685  -0.187  -1.435  -2.331  -2.922  -3.047  -2.471  2.2669  2.4535  2.5805  -6.771  -7.753  -8.265  0.7026  0.3483  0.2973
1.5796  1.573  21.094  -0.154  -1.393  -2.282  -2.871  -2.994  -2.421  2.2683  2.4549  2.582  -6.771  -7.753  -8.265  0.7  0.3438  0.2927
1.5796  1.573  19.722  -0.07  -1.287  -2.161  -2.74  -2.86  -2.298  2.268  2.4546  2.5818  -6.771  -7.753  -8.265  0.7006  0.3448  0.2938
1.5802  1.573  20.056  -0.091  -1.314  -2.193  -2.774  -2.894  -2.33  2.2735  2.4604  2.588  -6.771  -7.753  -8.265  0.7016  0.3465  0.2955
1.5805  1.573  21.138  -0.156  -1.396  -2.286  -2.875  -2.998  -2.425  2.2742  2.4613  2.5891  -6.771  -7.753  -8.265  0.6992  0.3423  0.2913
1.5807  1.573  22.159  -0.214  -1.468  -2.369  -2.962  -3.089  -2.509  2.2767  2.4639  2.5918  -6.771  -7.753  -8.265  0.7078  0.3438  0.2927
1.5809  1.573  23.51  -0.288  -1.559  -2.472  -3.071  -3.202  -2.614  2.2782  2.4656  2.5937  -6.771  -7.753  -8.265  0.7144  0.3462  0.2952
1.5811  1.573  24.966  -0.362  -1.65  -2.578  -3.181  -3.317  -2.721  2.2749  2.4621  2.5901  -6.771  -7.753  -8.265  0.6996  0.342  0.2876
1.5812  1.573  26.543  -0.437  -1.742  -2.684  -3.293  -3.434  -2.828  2.2769  2.4642  2.5922  -6.771  -7.753  -8.265  0.7024  0.342  0.2876
1.5814  1.573  28.22  -0.513  -1.835  -2.792  -3.406  -3.554  -2.937  2.2735  2.4607  2.5886  -6.771  -7.753  -8.265  0.6956  0.3352  0.2844
1.5815  1.572  30.051  -0.59  -1.929  -2.902  -3.522  -3.674  -3.049  2.2732  2.4603  2.5882  -6.771  -7.753  -8.265  0.6958  0.3356  0.2846
1.5816  1.572  32.037  -0.666  -2.024  -3.012  -3.638  -3.797  -3.161  2.2728  2.4597  2.5876  -6.771  -7.753  -8.265  0.696  0.336  0.2847
1.5817  1.572  34.116  -0.742  -2.117  -3.121  -3.753  -3.918  -3.271  2.2747  2.4619  2.5898  -6.771  -7.753  -8.265  0.7013  0.342  0.2874
1.5818  1.571  36.388  -0.815  -2.209  -3.23  -3.868  -4.04  -3.382  2.2748  2.462  2.5899  -6.771  -7.753  -8.265  0.6988  0.3416  0.2868
1.5819  1.571  38.349  -0.852  -2.276  -3.314  -3.963  -4.141  -3.469  2.2707  2.4574  2.5852  -6.771  -7.753  -8.265  0.6869  0.3348  0.2843
1.5819  1.571  41.177  -0.898  -2.365  -3.429  -4.092  -4.277  -3.587  2.2699  2.4565  2.5843  -6.771  -7.753  -8.265  0.6774  0.3321  0.2811
1.582  1.57  43.96  -0.957  -2.46  -3.542  -4.216  -4.406  -3.703  2.2699  2.4565  2.5843  -6.771  -7.753  -8.265  0.6774  0.3321  0.2811
1.5821  1.569  46.683  -1.016  -2.549  -3.648  -4.331  -4.526  -3.811  2.2698  2.4564  2.5841  -6.771  -7.753  -8.265  0.677  0.332  0.281
1.5822  1.568  49.677  -1.072  -2.64  -3.757  -4.449  -4.649  -3.923  2.2711  2.4578  2.5856  -6.771  -7.753  -8.265  0.6869  0.3348  0.2843
1.5822  1.567  53.059  -1.125  -2.734  -3.87  -4.572  -4.778  -4.038  2.273  2.4599  2.5876  -6.771  -7.753  -8.265  0.6954  0.342  0.2874
1.5823  1.566  57.168  -1.185  -2.841  -4.0  -4.714  -4.926  -4.171  2.2714  2.4582  2.5858  -6.771  -7.753  -8.265  0.6968  0.342  0.2888
1.5824  1.565  63.41  -1.253  -2.985  -4.178  -4.907  -5.128  -4.353  2.2717  2.4584  2.586  -6.771  -7.753  -8.265  0.6905  0.338  0.2855
1.5824  1.563  70.203  -1.306  -3.124  -4.353  -5.097  -5.328  -4.532  2.272  2.4587  2.5863  -6.771  -7.753  -8.265  0.69  0.3376  0.2853
1.5824  1.562  76.13  -1.325  -3.232  -4.495  -5.25  -5.489  -4.677  2.2687  2.455  2.5825  -6.771  -7.753  -8.265  0.6819  0.3331  0.2826
1.5824  1.561  82.557  -1.334  -3.335  -4.635  -5.4  -5.648  -4.82  2.2687  2.455  2.5825  -6.771  -7.753  -8.265  0.6819  0.3331  0.2826
1.5825  1.559  89.136  -1.32  -3.427  -4.765  -5.541  -5.796  -4.953  2.2691  2.4554  2.5829  -6.771  -7.753  -8.265  0.6824  0.3332  0.2828
1.5825  1.558  94.636  -1.304  -3.497  -4.867  -5.652  -5.913  -5.057  2.2691  2.4554  2.5829  -6.771  -7.753  -8.265  0.6824  0.3332  0.2828
1.5825  1.556  100.521  -1.261  -3.56  -4.971  -5.763  -6.031  -5.163  2.2691  2.4554  2.5829  -6.771  -7.753  -8.265  0.6824  0.3332  0.2828
1.5825  1.553  106.379  -1.22  -3.619  -5.066  -5.866  -6.14  -5.26  2.2685  2.4548  2.5823  -6.771  -7.753  -8.265  0.6819  0.3331  0.2826
1.5825  1.552  109.258  -1.199  -3.645  -5.11  -5.914  -6.191  -5.305  2.2685  2.4548  2.5823  -6.771  -7.753  -8.265  0.6819  0.3331  0.2826
1.5825  1.551  98.346  -1.275  -3.537  -4.933  -5.722  -5.988  -5.124  2.2685  2.4548  2.5823  -6.771  -7.753  -8.265  0.6819  0.3331  0.2826
1.5825  1.551  100.036  -1.263  -3.555  -4.962  -5.753  -6.021  -5.154  2.2685  2.4548  2.5823  -6.771  -7.753  -8.265  0.6819  0.3331  0.2826
1.5825  1.551  99.668  -1.266  -3.551  -4.956  -5.747  -6.014  -5.148  2.2685  2.4548  2.5823  -6.771  -7.753  -8.265  0.6819  0.3331  0.2826
1.5826  1.551  99.507  -1.267  -3.549  -4.953  -5.744  -6.011  -5.145  2.2685  2.4548  2.5823  -6.771  -7.753  -8.265  0.6819  0.3331  0.2826
1.5826  1.55  99.347  -1.268  -3.547  -4.949  -5.74  -6.006  -5.141  2.2685  2.4548  2.5823  -6.771  -7.753  -8.265  0.6819  0.3331  0.2826
1.5826  1.55  99.875  -1.264  -3.552  -4.959  -5.75  -6.017  -5.151  2.2685  2.4548  2.5823  -6.771  -7.753  -8.265  0.6819  0.3331  0.2826
1.5826  1.55  100.683  -1.259  -3.56  -4.971  -5.763  -6.032  -5.163  2.2685  2.4548  2.5823  -6.771  -7.753  -8.265  0.6819  0.3331  0.2826
1.5826  1.55  101.054  -1.255  -3.565  -4.979  -5.772  -6.04  -5.171  2.2685  2.4548  2.5823  -6.771  -7.753  -8.265  0.6819  0.3331  0.2826
1.5826  1.55  104.341  -1.231  -3.596  -5.032  -5.829  -6.101  -5.226  2.2685  2.4548  2.5823  -6.771  -7.753  -8.265  0.6819  0.3331  0.2826
1.5826  1.55  107.958  -1.204  -3.632  -5.091  -5.893  -6.169  -5.286  2.2685  2.4548  2.5823  -6.771  -7.753  -8.265  0.6819  0.3331  0.2826
1.5826  1.55  113.882  -1.143  -3.677  -5.181  -5.989  -6.271  -5.378  2.2685  2.4548  2.5823  -6.771  -7.753  -8.265  0.6819  0.3331  0.2826
1.5826  1.55  120.88  -1.064  -3.726  -5.284  -6.098  -6.387  -5.482  2.2685  2.4548  2.5823  -6.771  -7.753  -8.265  0.6819  0.3331  0.2826
1.5826  1.55  128.782  -0.96  -3.769  -5.392  -6.212  -6.509  -5.592  2.2685  2.4548  2.5823  -6.771  -7.753  -8.265  0.6819  0.3331  0.2826
1.5826  1.549  137.485  -0.832  -3.801  -5.504  -6.33  -6.636  -5.705  2.2689  2.4552  2.5827  -6.771  -7.753  -8.265  0.6815  0.333  0.2825
1.5826  1.548  147.555  -0.677  -3.823  -5.624  -6.456  -6.772  -5.827  2.2689  2.4552  2.5827  -6.771  -7.753  -8.265  0.6815  0.333  0.2825
1.5826  1.547  154.438  -0.551  -3.82  -5.701  -6.536  -6.859  -5.905  2.2689  2.4552  2.5827  -6.771  -7.753  -8.265  0.6815  0.333  0.2825
1.5826  1.547  154.438  -0.551  -3.82  -5.701  -6.536  -6.859  -5.905  2.2689  2.4552  2.5827  -6.771  -7.753  -8.265  0.6815  0.333  0.2825
1.5826  1.547  86.987  -1.316  -3.394  -4.721  -5.494  -5.747  -4.908  2.2689  2.4552  2.5827  -6.771  -7.753  -8.265  0.6815  0.333  0.2825
1.5826  1.547  60.779  -1.287  -2.957  -4.124  -4.839  -5.054  -4.296  2.2689  2.4552  2.5827  -6.771  -7.753  -8.265  0.6815  0.333  0.2825
1.5826  1.547  61.596  -1.291  -2.973  -4.144  -4.862  -5.078  -4.317  2.2689  2.4552  2.5827  -6.771  -7.753  -8.265  0.6815  0.333  0.2825
1.5826  1.546  73.14  -1.335  -3.188  -4.431  -5.178  -5.412  -4.611  2.2689  2.4552  2.5827  -6.771  -7.753  -8.265  0.6815  0.333  0.2825
1.5826  1.546  95.138  -1.276  -3.494  -4.874  -5.659  -5.922  -5.064  2.2689  2.4552  2.5827  -6.771  -7.753  -8.265  0.6815  0.333  0.2825
1.5826  1.546  120.048  -1.047  -3.71  -5.268  -6.082  -6.372  -5.466  2.2689  2.4552  2.5827  -6.771  -7.753  -8.265  0.6815  0.333  0.2825
1.5826  1.546  139.526  -0.796  -3.805  -5.528  -6.356  -6.664  -5.73  2.2689  2.4552  2.5827  -6.771  -7.753  -8.265  0.6815  0.333  0.2825
1.5826  1.546  150.264  -0.639  -3.828  -5.655  -6.489  -6.807  -5.859  2.2689  2.4552  2.5827  -6.771  -7.753  -8.265  0.6815  0.333  0.2825
1.5826  1.546  154.332  -0.574  -3.83  -5.701  -6.535  -6.857  -5.905  2.2689  2.4552  2.5827  -6.771  -7.753  -8.265  0.6815  0.333  0.2825
1.5826  1.546  155.831  -0.527  -3.82  -5.715  -6.551  -6.875  -5.919  2.2689  2.4552  2.5827  -6.771  -7.753  -8.265  0.6815  0.333  0.2825
1.5826  1.546  87.954  -1.305  -3.403  -4.738  -5.514  -5.768  -4.926  2.2689  2.4552  2.5827  -6.771  -7.753  -8.265  0.6815  0.333  0.2825
1.5826  1.546  61.455  -1.285  -2.968  -4.14  -4.858  -5.074  -4.313  2.2689  2.4552  2.5827  -6.771  -7.753  -8.265  0.6815  0.333  0.2825
1.5826  1.546  62.209  -1.29  -2.984  -4.16  -4.881  -5.099  -4.333  2.2689  2.4552  2.5827  -6.771  -7.753  -8.265  0.6815  0.333  0.2825
1.5826  1.546  73.902  -1.33  -3.198  -4.447  -5.196  -5.432  -4.628  2.2689  2.4552  2.5827  -6.771  -7.753  -8.265  0.6815  0.333  0.2825
1.5826  1.545  96.085  -1.26  -3.5  -4.889  -5.677  -5.941  -5.08  2.2689  2.4552  2.5827  -6.771  -7.753  -8.265  0.6815  0.333  0.2825
1.5826  1.545  121.243  -1.025  -3.714  -5.283  -6.099  -6.389  -5.482  2.2689  2.4552  2.5827  -6.771  -7.753  -8.265  0.6815  0.333  0.2825
1.5826  1.545  140.849  -0.768  -3.805  -5.542  -6.371  -6.681  -5.744  2.2689  2.4552  2.5827  -6.771  -7.753  -8.265  0.6815  0.333  0.2825
1.5826  1.545  151.689  -0.603  -3.822  -5.67  -6.503  -6.823  -5.873  2.2689  2.4552  2.5827  -6.771  -7.753  -8.265  0.6815  0.333  0.2825
1.5826  1.545  155.616  -0.539  -3.824  -5.715  -6.549  -6.873  -5.919  2.2689  2.4552  2.5827  -6.771  -7.753  -8.265  0.6815  0.333  0.2825
1.5826  1.545  156.912  -0.505  -3.818  -5.727  -6.563  -6.889  -5.931  2.2689  2.4552  2.5827  -6.771  -7.753  -8.265  0.6815  0.333  0.2825
1.5826  1.545  88.87  -1.294  -3.412  -4.754  -5.531  -5.787  -4.942  2.2689  2.4552  2.5827  -6.771  -7.753  -8.265  0.6815  0.333  0.2825
1.5826  1.545  62.095  -1.284  -2.979  -4.155  -4.876  -5.094  -4.328  2.2689  2.4552  2.5827  -6.771  -7.753  -8.265  0.6815  0.333  0.2825
1.5826  1.545  62.901  -1.288  -2.994  -4.176  -4.899  -5.118  -4.35  2.2689  2.4552  2.5827  -6.771  -7.753  -8.265  0.6815  0.333  0.2825
1.5826  1.544  74.723  -1.323  -3.208  -4.462  -5.214  -5.451  -4.644  2.2689  2.4552  2.5827  -6.771  -7.753  -8.265  0.6815  0.333  0.2825
1.5826  1.544  97.041  -1.243  -3.507  -4.904  -5.694  -5.959  -5.096  2.2689  2.4552  2.5827  -6.771  -7.753  -8.265  0.6815  0.333  0.2825
1.5826  1.544  122.308  -0.999  -3.717  -5.297  -6.115  -6.407  -5.496  2.2689  2.4552  2.5827  -6.771  -7.753  -8.265  0.6815  0.333  0.2825
1.5826  1.544  142.316  -0.736  -3.805  -5.557  -6.387  -6.699  -5.759  2.2689  2.4552  2.5827  -6.771  -7.753  -8.265  0.6815  0.333  0.2825
1.5826  1.544  153.093  -0.563  -3.815  -5.685  -6.519  -6.841  -5.889  2.2689  2.4552  2.5827  -6.771  -7.753  -8.265  0.6815  0.333  0.2825
1.5826  1.544  157.237  -0.497  -3.816  -5.73  -6.566  -6.891  -5.934  2.2689  2.4552  2.5827  -6.771  -7.753  -8.265  0.6815  0.333  0.2825
1.5826  1.543  158.327  -0.478  -3.817  -5.742  -6.579  -6.906  -5.946  2.2689  2.4552  2.5827  -6.771  -7.753  -8.265  0.6815  0.333  0.2825
1.5826  1.543  89.94  -1.28  -3.422  -4.773  -5.553  -5.811  -4.962  2.2689  2.4552  2.5827  -6.771  -7.753  -8.265  0.6815  0.333  0.2825
1.5826  1.543  62.915  -1.282  -2.991  -4.174  -4.898  -5.117  -4.348  2.2689  2.4552  2.5827  -6.771  -7.753  -8.265  0.6815  0.333  0.2825
1.5826  1.543  63.688  -1.286  -3.007  -4.196  -4.921  -5.142  -4.37  2.2689  2.4552  2.5827  -6.771  -7.753  -8.265  0.6815  0.333  0.2825
1.5826  1.543  75.623  -1.316  -3.219  -4.481  -5.235  -5.474  -4.663  2.2689  2.4552  2.5827  -6.771  -7.753  -8.265  0.6815  0.333  0.2825
1.5826  1.543  98.21  -1.222  -3.514  -4.921  -5.713  -5.98  -5.113  2.2689  2.4552  2.5827  -6.771  -7.753  -8.265  0.6815  0.333  0.2825
1.5826  1.543  123.724  -0.969  -3.72  -5.314  -6.133  -6.427  -5.513  2.2689  2.4552  2.5827  -6.771  -7.753  -8.265  0.6815  0.333  0.2825
1.5826  1.543  143.799  -0.697  -3.8  -5.573  -6.404  -6.717  -5.776  2.2689  2.4552  2.5827  -6.771  -7.753  -8.265  0.6815  0.333  0.2825
1.5826  1.542  154.687  -0.519  -3.807  -5.7  -6.536  -6.859  -5.904  2.2689  2.4552  2.5827  -6.771  -7.753  -8.265  0.6815  0.333  0.2825
1.5826  1.542  158.692  -0.453  -3.808  -5.745  -6.582  -6.909  -5.949  2.2689  2.4552  2.5827  -6.771  -7.753  -8.265  0.6815  0.333  0.2825
1.5826  1.542  159.571  -0.452  -3.815  -5.756  -6.593  -6.921  -5.96  2.2689  2.4552  2.5827  -6.771  -7.753  -8.265  0.6815  0.333  0.2825
1.5826  1.542  91.024  -1.266  -3.432  -4.792  -5.575  -5.834  -4.982  2.2689  2.4552  2.5827  -6.771  -7.753  -8.265  0.6815  0.333  0.2825
1.5826  1.542  63.673  -1.279  -3.003  -4.193  -4.919  -5.14  -4.368  2.2689  2.4552  2.5827  -6.771  -7.753  -8.265  0.6815  0.333  0.2825
1.5826  1.542  64.455  -1.283  -3.019  -4.214  -4.942  -5.165  -4.389  2.2689  2.4552  2.5827  -6.771  -7.753  -8.265  0.6815  0.333  0.2825
1.5826  1.542  76.534  -1.307  -3.229  -4.498  -5.256  -5.496  -4.681  2.2689  2.4552  2.5827  -6.771  -7.753  -8.265  0.6815  0.333  0.2825
1.5826  1.541  99.393  -1.201  -3.52  -4.938  -5.733  -6.001  -5.131  2.2689  2.4552  2.5827  -6.771  -7.753  -8.265  0.6815  0.333  0.2825
1.5826  1.541  125.071  -0.932  -3.718  -5.33  -6.151  -6.447  -5.53  2.2689  2.4552  2.5827  -6.771  -7.753  -8.265  0.6815  0.333  0.2825
1.5826  1.541  145.129  -0.65  -3.791  -5.589  -6.421  -6.736  -5.792  2.2689  2.4552  2.5827  -6.771  -7.753  -8.265  0.6815  0.333  0.2825
1.5826  1.541  156.299  -0.471  -3.797  -5.716  -6.552  -6.878  -5.92  2.2689  2.4552  2.5827  -6.771  -7.753  -8.265  0.6815  0.333  0.2825
1.5826  1.54  160.419  -0.403  -3.798  -5.76  -6.599  -6.928  -5.965  2.2689  2.4552  2.5827  -6.771  -7.753  -8.265  0.6815  0.333  0.2825
1.5826  1.54  161.011  -0.425  -3.813  -5.77  -6.608  -6.938  -5.975  2.2689  2.4552  2.5827  -6.771  -7.753  -8.265  0.6815  0.333  0.2825
1.5826  1.54  92.311  -1.245  -3.441  -4.811  -5.597  -5.858  -5.002  2.2689  2.4552  2.5827  -6.771  -7.753  -8.265  0.6815  0.333  0.2825
1.5826  1.54  64.47  -1.275  -3.015  -4.212  -4.942  -5.164  -4.388  2.2689  2.4552  2.5827  -6.771  -7.753  -8.265  0.6815  0.333  0.2825
1.5826  1.54  65.336  -1.279  -3.031  -4.232  -4.965  -5.189  -4.408  2.2689  2.4552  2.5827  -6.771  -7.753  -8.265  0.6815  0.333  0.2825
1.5826  1.54  77.492  -1.297  -3.24  -4.517  -5.277  -5.52  -4.701  2.2689  2.4552  2.5827  -6.771  -7.753  -8.265  0.6815  0.333  0.2825
1.5826  1.54  100.521  -1.176  -3.526  -4.956  -5.753  -6.023  -5.15  2.2689  2.4552  2.5827  -6.771  -7.753  -8.265  0.6815  0.333  0.2825
1.5826  1.539  126.431  -0.891  -3.715  -5.348  -6.17  -6.467  -5.548  2.2689  2.4552  2.5827  -6.771  -7.753  -8.265  0.6815  0.333  0.2825
1.5826  1.539  146.776  -0.599  -3.78  -5.605  -6.438  -6.756  -5.808  2.2689  2.4552  2.5827  -6.771  -7.753  -8.265  0.6815  0.333  0.2825
1.5826  1.539  157.89  -0.419  -3.786  -5.731  -6.569  -6.897  -5.936  2.2689  2.4552  2.5827  -6.771  -7.753  -8.265  0.6815  0.333  0.2825
1.5826  1.538  161.978  -0.351  -3.786  -5.775  -6.615  -6.947  -5.98  2.2689  2.4552  2.5827  -6.771  -7.753  -8.265  0.6815  0.333  0.2825
1.5826  1.538  162.463  -0.397  -3.81  -5.784  -6.622  -6.953  -5.989  2.2689  2.4552  2.5827  -6.771  -7.753  -8.265  0.6815  0.333  0.2825
1.5826  1.538  93.509  -1.219  -3.447  -4.831  -5.619  -5.881  -5.022  2.2689  2.4552  2.5827  -6.771  -7.753  -8.265  0.6815  0.333  0.2825
1.5826  1.538  65.382  -1.27  -3.026  -4.23  -4.963  -5.188  -4.406  2.2689  2.4552  2.5827  -6.771  -7.753  -8.265  0.6815  0.333  0.2825
1.5826  1.538  66.184  -1.273  -3.042  -4.251  -4.986  -5.212  -4.428  2.2689  2.4552  2.5827  -6.771  -7.753  -8.265  0.6815  0.333  0.2825
1.5826  1.538  78.497  -1.286  -3.25  -4.534  -5.298  -5.542  -4.719  2.2689  2.4552  2.5827  -6.771  -7.753  -8.265  0.6815  0.333  0.2825
1.5826  1.537  101.661  -1.15  -3.531  -4.972  -5.772  -6.044  -5.166  2.2689  2.4552  2.5827  -6.771  -7.753  -8.265  0.6815  0.333  0.2825
1.5826  1.537  127.866  -0.846  -3.711  -5.364  -6.187  -6.487  -5.565  2.2689  2.4552  2.5827  -6.771  -7.753  -8.265  0.6815  0.333  0.2825
1.5826  1.537  148.373  -0.544  -3.768  -5.621  -6.455  -6.775  -5.825  2.2689  2.4552  2.5827  -6.771  -7.753  -8.265  0.6815  0.333  0.2825
1.5826  1.536  159.682  -0.362  -3.773  -5.746  -6.585  -6.915  -5.951  2.2689  2.4552  2.5827  -6.771  -7.753  -8.265  0.6815  0.333  0.2825
1.5826  1.536  163.816  -0.283  -3.765  -5.789  -6.631  -6.965  -5.995  2.2689  2.4552  2.5827  -6.771  -7.753  -8.265  0.6815  0.333  0.2825
1.5826  1.536  163.665  -0.37  -3.807  -5.796  -6.635  -6.967  -6.001  2.2689  2.4552  2.5827  -6.771  -7.753  -8.265  0.6815  0.333  0.2825
1.5826  1.535  94.614  -1.189  -3.452  -4.849  -5.64  -5.904  -5.041  2.2689  2.4552  2.5827  -6.771  -7.753  -8.265  0.6815  0.333  0.2825
1.5826  1.535  66.154  -1.261  -3.036  -4.247  -4.984  -5.211  -4.425  2.2689  2.4552  2.5827  -6.771  -7.753  -8.265  0.6815  0.333  0.2825
1.5826  1.535  67.043  -1.265  -3.051  -4.268  -5.007  -5.235  -4.446  2.2689  2.4552  2.5827  -6.771  -7.753  -8.265  0.6815  0.333  0.2825
1.5826  1.535  79.425  -1.264  -3.256  -4.552  -5.319  -5.565  -4.738  2.2689  2.4552  2.5827  -6.771  -7.753  -8.265  0.6815  0.333  0.2825
1.5826  1.535  102.862  -1.118  -3.534  -4.989  -5.791  -6.066  -5.184  2.2689  2.4552  2.5827  -6.771  -7.753  -8.265  0.6815  0.333  0.2825
1.5826  1.534  129.287  -0.795  -3.704  -5.38  -6.205  -6.507  -5.581  2.2689  2.4552  2.5827  -6.771  -7.753  -8.265  0.6815  0.333  0.2825
1.5826  1.534  150.022  -0.48  -3.751  -5.636  -6.472  -6.794  -5.84  2.2689  2.4552  2.5827  -6.771  -7.753  -8.265  0.6815  0.333  0.2825
1.5826  1.533  161.382  -0.291  -3.752  -5.761  -6.602  -6.935  -5.966  2.2689  2.4552  2.5827  -6.771  -7.753  -8.265  0.6815  0.333  0.2825
1.5826  1.533  165.636  -0.199  -3.735  -5.804  -6.647  -6.984  -6.01  2.2689  2.4552  2.5827  -6.771  -7.753  -8.265  0.6815  0.333  0.2825
1.5826  1.532  164.951  -0.337  -3.801  -5.809  -6.649  -6.982  -6.014  2.2689  2.4552  2.5827  -6.771  -7.753  -8.265  0.6815  0.333  0.2825
1.5826  1.532  96.019  -1.15  -3.456  -4.868  -5.662  -5.93  -5.061  2.2689  2.4552  2.5827  -6.771  -7.753  -8.265  0.6815  0.333  0.2825
1.5826  1.532  67.136  -1.248  -3.045  -4.266  -5.007  -5.236  -4.445  2.2689  2.4552  2.5827  -6.771  -7.753  -8.265  0.6815  0.333  0.2825
1.5826  1.531  67.96  -1.246  -3.06  -4.286  -5.031  -5.261  -4.466  2.2689  2.4552  2.5827  -6.771  -7.753  -8.265  0.6815  0.333  0.2825
1.5826  1.531  80.604  -1.234  -3.262  -4.571  -5.341  -5.589  -4.757  2.2689  2.4552  2.5827  -6.771  -7.753  -8.265  0.6815  0.333  0.2825
1.5826  1.531  104.269  -1.072  -3.533  -5.006  -5.812  -6.089  -5.202  2.2689  2.4552  2.5827  -6.771  -7.753  -8.265  0.6815  0.333  0.2825
1.5826  1.53  130.995  -0.73  -3.694  -5.397  -6.224  -6.529  -5.599  2.2689  2.4552  2.5827  -6.771  -7.753  -8.265  0.6815  0.333  0.2825
1.5826  1.529  151.899  -0.399  -3.729  -5.652  -6.49  -6.815  -5.857  2.2689  2.4552  2.5827  -6.771  -7.753  -8.265  0.6815  0.333  0.2825
1.5826  1.529  163.401  -0.189  -3.714  -5.776  -6.619  -6.955  -5.982  2.2689  2.4552  2.5827  -6.771  -7.753  -8.265  0.6815  0.333  0.2825
1.5826  1.528  167.786  -0.094  -3.695  -5.819  -6.665  -7.005  -6.026  2.2689  2.4552  2.5827  -6.771  -7.753  -8.265  0.6815  0.333  0.2825
1.5826  1.527  166.171  -0.308  -3.794  -5.82  -6.661  -6.996  -6.025  2.2689  2.4552  2.5827  -6.771  -7.753  -8.265  0.6815  0.333  0.2825
1.5826  1.527  125.042  -0.781  -3.653  -5.312  -6.136  -6.436  -5.513  2.2689  2.4552  2.5827  -6.771  -7.753  -8.265  0.6815  0.333  0.2825
1.5826  1.526  97.781  -1.095  -3.458  -4.892  -5.691  -5.961  -5.086  2.2689  2.4552  2.5827  -6.771  -7.753  -8.265  0.6815  0.333  0.2825
1.5826  1.526  68.621  -1.218  -3.058  -4.296  -5.043  -5.276  -4.476  2.2685  2.4548  2.5823  -6.771  -7.753  -8.265  0.6824  0.3332  0.2828
1.5826  1.526  69.913  -1.216  -3.079  -4.325  -5.076  -5.31  -4.506  2.2685  2.4548  2.5823  -6.771  -7.753  -8.265  0.6824  0.3332  0.2828
1.5826  1.525  83.398  -1.185  -3.285  -4.621  -5.398  -5.651  -4.809  2.2685  2.4548  2.5823  -6.771  -7.753  -8.265  0.6824  0.3332  0.2828
1.5826  1.524  108.631  -0.967  -3.545  -5.07  -5.882  -6.165  -5.268  2.2685  2.4548  2.5823  -6.771  -7.753  -8.265  0.6824  0.3332  0.2828
1.5826  1.523  137.77  -0.562  -3.685  -5.475  -6.309  -6.622  -5.679  2.2685  2.4548  2.5823  -6.771  -7.753  -8.265  0.6824  0.3332  0.2828
1.5826  1.522  161.456  -0.134  -3.672  -5.748  -6.592  -6.929  -5.954  2.2685  2.4548  2.5823  -6.771  -7.753  -8.265  0.6824  0.3332  0.2828
1.5826  1.521  176.058  0.168  -3.617  -5.894  -6.743  -7.093  -6.102  2.2685  2.4548  2.5823  -6.771  -7.753  -8.265  0.6824  0.3332  0.2828
1.5826  1.519  183.466  0.309  -3.586  -5.963  -6.815  -7.171  -6.171  2.2685  2.4548  2.5823  -6.771  -7.753  -8.265  0.6824  0.3332  0.2828
1.5826  1.517  183.973  0.107  -3.699  -5.988  -6.836  -7.188  -6.195  2.2685  2.4548  2.5823  -6.771  -7.753  -8.265  0.6824  0.3332  0.2828
1.5826  1.517  141.012  -0.43  -3.651  -5.508  -6.344  -6.662  -5.712  2.2685  2.4548  2.5823  -6.771  -7.753  -8.265  0.6824  0.3332  0.2828
1.5826  1.517  110.346  -0.884  -3.532  -5.086  -5.902  -6.189  -5.285  2.2685  2.4548  2.5823  -6.771  -7.753  -8.265  0.6824  0.3332  0.2828
1.5826  1.517  77.331  -1.164  -3.18  -4.485  -5.254  -5.501  -4.671  2.2685  2.4548  2.5823  -6.771  -7.753  -8.265  0.6824  0.3332  0.2828
1.5826  1.516  78.624  -1.157  -3.198  -4.512  -5.285  -5.533  -4.699  2.2685  2.4548  2.5823  -6.771  -7.753  -8.265  0.6824  0.3332  0.2828
1.5826  1.515  93.337  -1.061  -3.383  -4.802  -5.599  -5.866  -4.996  2.2685  2.4548  2.5823  -6.771  -7.753  -8.265  0.6824  0.3332  0.2828
1.5826  1.514  120.992  -0.734  -3.591  -5.243  -6.068  -6.366  -5.444  2.2685  2.4548  2.5823  -6.771  -7.753  -8.265  0.6824  0.3332  0.2828
1.5826  1.513  152.214  -0.228  -3.651  -5.638  -6.479  -6.809  -5.843  2.2685  2.4548  2.5823  -6.771  -7.753  -8.265  0.6824  0.3332  0.2828
1.5826  1.512  177.36  0.27  -3.571  -5.898  -6.749  -7.102  -6.106  2.2685  2.4548  2.5823  -6.771  -7.753  -8.265  0.6824  0.3332  0.2828
1.5826  1.51  191.891  0.49  -3.53  -6.033  -6.889  -7.252  -6.243  2.2685  2.4548  2.5823  -6.771  -7.753  -8.265  0.6824  0.3332  0.2828
1.5826  1.508  198.726  0.602  -3.503  -6.093  -6.95  -7.319  -6.303  2.2685  2.4548  2.5823  -6.771  -7.753  -8.265  0.6824  0.3332  0.2828
1.5827  1.506  198.223  0.386  -3.623  -6.108  -6.963  -7.326  -6.317  2.2685  2.4548  2.5823  -6.771  -7.753  -8.265  0.6824  0.3332  0.2828
1.5827  1.506  153.977  -0.178  -3.641  -5.656  -6.499  -6.831  -5.862  2.2685  2.4548  2.5823  -6.771  -7.753  -8.265  0.6824  0.3332  0.2828
1.5827  1.506  120.658  -0.733  -3.586  -5.237  -6.062  -6.36  -5.438  2.2685  2.4548  2.5823  -6.771  -7.753  -8.265  0.6824  0.3332  0.2828
1.5827  1.505  84.364  -1.136  -3.28  -4.632  -5.414  -5.67  -4.822  2.2685  2.4548  2.5823  -6.771  -7.753  -8.265  0.6824  0.3332  0.2828
1.5827  1.504  85.715  -1.13  -3.298  -4.658  -5.443  -5.701  -4.848  2.2685  2.4548  2.5823  -6.771  -7.753  -8.265  0.6824  0.3332  0.2828
1.5827  1.503  101.474  -0.983  -3.462  -4.943  -5.75  -6.027  -5.139  2.2678  2.4541  2.5815  -6.771  -7.753  -8.265  0.6824  0.3332  0.2828
1.5827  1.502  130.664  -0.574  -3.625  -5.374  -6.206  -6.515  -5.577  2.2678  2.4541  2.5815  -6.771  -7.753  -8.265  0.6824  0.3332  0.2828
1.5827  1.5  163.476  0.045  -3.596  -5.757  -6.604  -6.945  -5.964  2.2678  2.4541  2.5815  -6.771  -7.753  -8.265  0.6824  0.3332  0.2828
1.5827  1.499  189.52  0.496  -3.514  -6.007  -6.863  -7.225  -6.217  2.2678  2.4541  2.5815  -6.771  -7.753  -8.265  0.6824  0.3332  0.2828
1.5827  1.497  204.388  0.725  -3.457  -6.135  -6.995  -7.369  -6.346  2.2678  2.4541  2.5815  -6.771  -7.753  -8.265  0.6824  0.3332  0.2828
1.5827  1.494  210.987  0.807  -3.434  -6.187  -7.05  -7.428  -6.398  2.2678  2.4541  2.5815  -6.771  -7.753  -8.265  0.6824  0.3332  0.2828
1.5827  1.492  209.969  0.631  -3.543  -6.199  -7.058  -7.432  -6.409  2.2678  2.4541  2.5815  -6.771  -7.753  -8.265  0.6824  0.3332  0.2828
1.5827  1.491  165.98  0.111  -3.579  -5.781  -6.629  -6.973  -5.988  2.2678  2.4541  2.5815  -6.771  -7.753  -8.265  0.6824  0.3332  0.2828
1.5827  1.491  130.093  -0.576  -3.621  -5.366  -6.198  -6.507  -5.569  2.2678  2.4541  2.5815  -6.771  -7.753  -8.265  0.6824  0.3332  0.2828
1.5827  1.49  91.003  -1.091  -3.361  -4.76  -5.552  -5.817  -4.952  2.2678  2.4541  2.5815  -6.771  -7.753  -8.265  0.6824  0.3332  0.2828
1.5827  1.49  92.46  -1.076  -3.376  -4.787  -5.582  -5.848  -4.98  2.2678  2.4541  2.5815  -6.771  -7.753  -8.265  0.6824  0.3332  0.2828
1.5827  1.488  109.208  -0.884  -3.519  -5.067  -5.883  -6.169  -5.266  2.2678  2.4541  2.5815  -6.771  -7.753  -8.265  0.6824  0.3332  0.2828
1.5827  1.487  139.976  -0.389  -3.625  -5.491  -6.327  -6.646  -5.695  2.2678  2.4541  2.5815  -6.771  -7.753  -8.265  0.6824  0.3332  0.2828
1.5827  1.485  174.524  0.304  -3.537  -5.863  -6.714  -7.067  -6.071  2.2678  2.4541  2.5815  -6.771  -7.753  -8.265  0.6824  0.3332  0.2828
1.5827  1.483  201.537  0.733  -3.44  -6.107  -6.968  -7.34  -6.318  2.2678  2.4541  2.5815  -6.771  -7.753  -8.265  0.6824  0.3332  0.2828
1.5827  1.48  217.198  0.926  -3.384  -6.232  -7.097  -7.48  -6.444  2.264  2.4501  2.5775  -6.771  -7.753  -8.265  0.6728  0.3308  0.2772
1.5827  1.477  224.313  1.016  -3.356  -6.285  -7.153  -7.541  -6.498  2.264  2.4501  2.5775  -6.771  -7.753  -8.265  0.6728  0.3308  0.2772
1.5827  1.474  223.901  0.854  -3.459  -6.299  -7.163  -7.547  -6.511  2.264  2.4501  2.5775  -6.771  -7.753  -8.265  0.6728  0.3308  0.2772
1.5827  1.474  180.491  0.42  -3.507  -5.919  -6.773  -7.131  -6.128  2.264  2.4501  2.5775  -6.771  -7.753  -8.265  0.6728  0.3308  0.2772
1.5827  1.473  141.826  -0.342  -3.619  -5.511  -6.348  -6.67  -5.715  2.264  2.4501  2.5775  -6.771  -7.753  -8.265  0.6728  0.3308  0.2772
1.5827  1.473  98.936  -1.02  -3.444  -4.9  -5.704  -5.979  -5.095  2.264  2.4501  2.5775  -6.771  -7.753  -8.265  0.6728  0.3308  0.2772
1.5827  1.472  100.521  -1.0  -3.457  -4.927  -5.733  -6.009  -5.123  2.264  2.4501  2.5775  -6.771  -7.753  -8.265  0.6728  0.3308  0.2772
1.5827  1.47  118.319  -0.746  -3.568  -5.202  -6.026  -6.322  -5.403  2.264  2.4501  2.5775  -6.771  -7.753  -8.265  0.6728  0.3308  0.2772
1.5827  1.468  150.645  -0.169  -3.612  -5.612  -6.454  -6.785  -5.818  2.264  2.4501  2.5775  -6.771  -7.753  -8.265  0.6728  0.3308  0.2772
1.5827  1.466  186.275  0.534  -3.475  -5.97  -6.826  -7.188  -6.18  2.264  2.4501  2.5775  -6.771  -7.753  -8.265  0.6728  0.3308  0.2772
1.5827  1.463  214.267  0.936  -3.367  -6.204  -7.069  -7.452  -6.416  2.264  2.4501  2.5775  -6.771  -7.753  -8.265  0.6728  0.3308  0.2772
1.5827  1.46  230.173  1.091  -3.321  -6.323  -7.193  -7.584  -6.536  2.264  2.4501  2.5775  -6.771  -7.753  -8.265  0.6728  0.3308  0.2772
1.5827  1.457  237.222  1.12  -3.313  -6.372  -7.243  -7.639  -6.586  2.264  2.4501  2.5775  -6.771  -7.753  -8.265  0.6728  0.3308  0.2772
1.5827  1.453  236.567  1.038  -3.383  -6.384  -7.252  -7.646  -6.597  2.2639  2.45  2.5773  -6.771  -7.753  -8.265  0.6707  0.3302  0.2753
1.5827  1.453  194.605  0.695  -3.43  -6.042  -6.901  -7.271  -6.252  2.2639  2.45  2.5773  -6.771  -7.753  -8.265  0.6707  0.3302  0.2753
1.5827  1.452  153.128  -0.101  -3.596  -5.638  -6.482  -6.816  -5.844  2.2639  2.45  2.5773  -6.771  -7.753  -8.265  0.6707  0.3302  0.2753
1.5827  1.451  106.698  -0.925  -3.504  -5.029  -5.841  -6.124  -5.227  2.2639  2.45  2.5773  -6.771  -7.753  -8.265  0.6707  0.3302  0.2753
1.5827  1.45  108.406  -0.9  -3.515  -5.055  -5.869  -6.155  -5.253  2.2639  2.45  2.5773  -6.771  -7.753  -8.265  0.6707  0.3302  0.2753
1.5827  1.448  127.103  -0.597  -3.6  -5.324  -6.154  -6.461  -5.526  2.2639  2.45  2.5773  -6.771  -7.753  -8.265  0.6707  0.3302  0.2753
1.5827  1.446  160.826  0.093  -3.554  -5.721  -6.567  -6.909  -5.928  2.2639  2.45  2.5773  -6.771  -7.753  -8.265  0.6707  0.3302  0.2753
1.5827  1.443  197.859  0.768  -3.401  -6.066  -6.927  -7.299  -6.277  2.2639  2.45  2.5773  -6.771  -7.753  -8.265  0.6707  0.3302  0.2753
1.5827  1.439  226.597  1.107  -3.3  -6.291  -7.161  -7.552  -6.504  2.2639  2.45  2.5773  -6.771  -7.753  -8.265  0.6707  0.3302  0.2753
1.5828  1.435  242.859  1.172  -3.282  -6.405  -7.277  -7.677  -6.619  2.2639  2.45  2.5773  -6.771  -7.753  -8.265  0.6707  0.3302  0.2753
1.5828  1.431  250.009  1.202  -3.272  -6.451  -7.326  -7.73  -6.666  2.2639  2.45  2.5773  -6.771  -7.753  -8.265  0.6707  0.3302  0.2753
1.5828  1.426  249.491  1.136  -3.33  -6.463  -7.336  -7.738  -6.677  2.2639  2.45  2.5773  -6.771  -7.753  -8.265  0.6707  0.3302  0.2753
1.5828  1.426  209.679  0.941  -3.345  -6.16  -7.025  -7.406  -6.372  2.2639  2.45  2.5773  -6.771  -7.753  -8.265  0.6707  0.3302  0.2753
1.5828  1.425  165.027  0.201  -3.529  -5.763  -6.611  -6.958  -5.97  2.2639  2.45  2.5773  -6.771  -7.753  -8.265  0.6707  0.3302  0.2753
1.5828  1.424  114.883  -0.819  -3.561  -5.153  -5.973  -6.266  -5.353  2.2639  2.45  2.5773  -6.771  -7.753  -8.265  0.6707  0.3302  0.2753
1.5828  1.422  116.723  -0.783  -3.566  -5.179  -6.001  -6.296  -5.379  2.2639  2.45  2.5773  -6.771  -7.753  -8.265  0.6707  0.3302  0.2753
1.5828  1.42  136.444  -0.415  -3.607  -5.443  -6.278  -6.595  -5.647  2.2639  2.45  2.5773  -6.771  -7.753  -8.265  0.6707  0.3302  0.2753
1.5828  1.417  171.575  0.361  -3.49  -5.825  -6.677  -7.03  -6.033  2.2639  2.45  2.5773  -6.771  -7.753  -8.265  0.6707  0.3302  0.2753
1.5828  1.413  209.776  0.977  -3.323  -6.157  -7.023  -7.405  -6.369  2.2639  2.45  2.5773  -6.771  -7.753  -8.265  0.6707  0.3302  0.2753
1.5828  1.409  239.417  1.197  -3.255  -6.374  -7.246  -7.646  -6.588  2.2639  2.45  2.5773  -6.771  -7.753  -8.265  0.6707  0.3302  0.2753
1.5828  1.404  256.009  1.261  -3.237  -6.482  -7.358  -7.767  -6.697  2.2639  2.45  2.5773  -6.771  -7.753  -8.265  0.6707  0.3302  0.2753
1.5828  1.399  263.363  1.284  -3.232  -6.526  -7.403  -7.816  -6.741  2.2639  2.45  2.5773  -6.771  -7.753  -8.265  0.6707  0.3302  0.2753
1.5828  1.392  263.06  1.234  -3.277  -6.538  -7.414  -7.825  -6.753  2.2639  2.45  2.5773  -6.771  -7.753  -8.265  0.6707  0.3302  0.2753
1.5828  1.392  225.764  1.163  -3.253  -6.274  -7.144  -7.537  -6.487  2.2639  2.45  2.5773  -6.771  -7.753  -8.265  0.6707  0.3302  0.2753
1.5828  1.391  177.85  0.511  -3.443  -5.881  -6.736  -7.095  -6.09  2.2639  2.45  2.5773  -6.771  -7.753  -8.265  0.6707  0.3302  0.2753
1.5828  1.39  123.61  -0.639  -3.582  -5.274  -6.101  -6.405  -5.476  2.2639  2.45  2.5773  -6.771  -7.753  -8.265  0.6707  0.3302  0.2753
1.5828  1.387  125.706  -0.596  -3.585  -5.301  -6.13  -6.436  -5.503  2.2639  2.45  2.5773  -6.771  -7.753  -8.265  0.6707  0.3302  0.2753
1.5828  1.384  146.742  -0.155  -3.575  -5.559  -6.4  -6.73  -5.764  2.2639  2.45  2.5773  -6.771  -7.753  -8.265  0.6707  0.3302  0.2753
1.5828  1.38  183.55  0.661  -3.391  -5.929  -6.786  -7.151  -6.139  2.2639  2.45  2.5773  -6.771  -7.753  -8.265  0.6707  0.3302  0.2753
1.5828  1.375  223.591  1.196  -3.221  -6.25  -7.121  -7.514  -6.464  2.2639  2.45  2.5773  -6.771  -7.753  -8.265  0.6707  0.3302  0.2753
1.5828  1.37  254.364  1.32  -3.184  -6.458  -7.335  -7.745  -6.673  2.2639  2.45  2.5773  -6.771  -7.753  -8.265  0.6707  0.3302  0.2753
1.5828  1.363  272.179  1.375  -3.171  -6.562  -7.442  -7.861  -6.778  2.2639  2.45  2.5773  -6.771  -7.753  -8.265  0.6707  0.3302  0.2753
1.5828  1.356  280.192  1.406  -3.161  -6.605  -7.486  -7.91  -6.821  2.2639  2.45  2.5773  -6.771  -7.753  -8.265  0.6707  0.3302  0.2753
1.5828  1.347  277.431  1.324  -3.231  -6.611  -7.491  -7.911  -6.827  2.2639  2.45  2.5773  -6.771  -7.753  -8.265  0.6707  0.3302  0.2753
1.5828  1.347  245.841  1.339  -3.151  -6.393  -7.269  -7.676  -6.608  2.2639  2.45  2.5773  -6.771  -7.753  -8.265  0.6707  0.3302  0.2753
1.5828  1.346  193.756  0.948  -3.272  -6.006  -6.869  -7.245  -6.217  2.2639  2.45  2.5773  -6.771  -7.753  -8.265  0.6707  0.3302  0.2753
1.5828  1.344  134.263  -0.318  -3.544  -5.402  -6.238  -6.557  -5.606  2.2639  2.45  2.5773  -6.771  -7.753  -8.265  0.6707  0.3302  0.2753
1.5828  1.341  136.538  -0.258  -3.537  -5.429  -6.266  -6.588  -5.633  2.2647  2.4508  2.5781  -6.771  -7.753  -8.265  0.6718  0.3305  0.2762
1.5828  1.336  159.241  0.319  -3.43  -5.68  -6.529  -6.877  -5.888  2.2647  2.4508  2.5781  -6.771  -7.753  -8.265  0.6718  0.3305  0.2762
1.5828  1.331  198.132  1.062  -3.22  -6.036  -6.902  -7.283  -6.248  2.2647  2.4508  2.5781  -6.771  -7.753  -8.265  0.6718  0.3305  0.2762
1.5828  1.325  240.356  1.368  -3.115  -6.346  -7.223  -7.629  -6.561  2.2647  2.4508  2.5781  -6.771  -7.753  -8.265  0.6718  0.3305  0.2762
1.5828  1.317  272.493  1.46  -3.102  -6.544  -7.425  -7.847  -6.76  2.2647  2.4508  2.5781  -6.771  -7.753  -8.265  0.6718  0.3305  0.2762
1.5828  1.309  291.042  1.519  -3.093  -6.641  -7.526  -7.958  -6.858  2.2647  2.4508  2.5781  -6.771  -7.753  -8.265  0.6718  0.3305  0.2762
1.5828  1.299  299.885  1.565  -3.078  -6.681  -7.568  -8.007  -6.899  2.2647  2.4508  2.5781  -6.771  -7.753  -8.265  0.6718  0.3305  0.2762
1.5828  1.288  293.802  1.444  -3.17  -6.681  -7.566  -8.0  -6.898  2.2647  2.4508  2.5781  -6.771  -7.753  -8.265  0.6718  0.3305  0.2762
1.5828  1.287  268.321  1.498  -3.063  -6.508  -7.389  -7.81  -6.724  2.2647  2.4508  2.5781  -6.771  -7.753  -8.265  0.6718  0.3305  0.2762
1.5828  1.286  211.814  1.317  -3.095  -6.13  -7.001  -7.394  -6.344  2.2647  2.4508  2.5781  -6.771  -7.753  -8.265  0.6718  0.3305  0.2762
1.5828  1.283  146.27  0.138  -3.427  -5.527  -6.373  -6.71  -5.734  2.2647  2.4508  2.5781  -6.771  -7.753  -8.265  0.6718  0.3305  0.2762
1.5828  1.278  148.955  0.231  -3.4  -5.555  -6.402  -6.743  -5.762  2.2647  2.4508  2.5781  -6.771  -7.753  -8.265  0.6718  0.3305  0.2762
1.5828  1.272  173.442  0.819  -3.246  -5.801  -6.659  -7.024  -6.011  2.2647  2.4508  2.5781  -6.771  -7.753  -8.265  0.6718  0.3305  0.2762
1.5828  1.265  215.206  1.383  -3.049  -6.146  -7.019  -7.416  -6.36  2.2647  2.4508  2.5781  -6.771  -7.753  -8.265  0.6718  0.3305  0.2762
1.5828  1.256  259.929  1.544  -3.009  -6.443  -7.323  -7.743  -6.659  2.2647  2.4508  2.5781  -6.771  -7.753  -8.265  0.6718  0.3305  0.2762
1.5829  1.245  294.683  1.658  -2.999  -6.628  -7.514  -7.953  -6.846  2.2647  2.4508  2.5781  -6.771  -7.753  -8.265  0.6718  0.3305  0.2762
1.5829  1.233  314.597  1.757  -2.985  -6.716  -7.604  -8.056  -6.934  2.2647  2.4508  2.5781  -6.771  -7.753  -8.265  0.6718  0.3305  0.2762
1.5829  1.219  324.381  1.83  -2.967  -6.75  -7.641  -8.099  -6.969  2.2647  2.4508  2.5781  -6.771  -7.753  -8.265  0.6718  0.3305  0.2762
1.5829  1.204  312.504  1.636  -3.075  -6.741  -7.634  -8.087  -6.961  2.2647  2.4508  2.5781  -6.771  -7.753  -8.265  0.6718  0.3305  0.2762
1.5829  1.203  296.521  1.746  -2.945  -6.619  -7.504  -7.946  -6.836  2.2647  2.4508  2.5781  -6.771  -7.753  -8.265  0.6718  0.3305  0.2762
1.5829  1.201  234.075  1.577  -2.931  -6.254  -7.133  -7.544  -6.47  2.2647  2.4508  2.5781  -6.771  -7.753  -8.265  0.6718  0.3305  0.2762
1.5829  1.196  161.011  0.806  -3.18  -5.655  -6.512  -6.872  -5.865  2.2647  2.4508  2.5781  -6.771  -7.753  -8.265  0.6718  0.3305  0.2762
1.5829  1.188  163.853  0.894  -3.149  -5.682  -6.54  -6.903  -5.892  2.2647  2.4508  2.5781  -6.771  -7.753  -8.265  0.6718  0.3305  0.2762
1.5829  1.179  190.922  1.416  -2.962  -5.922  -6.792  -7.18  -6.135  2.2647  2.4508  2.5781  -6.771  -7.753  -8.265  0.6718  0.3305  0.2762
1.5829  1.167  236.35  1.642  -2.883  -6.256  -7.136  -7.55  -6.472  2.2647  2.4508  2.5781  -6.771  -7.753  -8.265  0.6718  0.3305  0.2762
1.5829  1.152  284.941  1.799  -2.877  -6.536  -7.42  -7.859  -6.753  2.2647  2.4508  2.5781  -6.771  -7.753  -8.265  0.6718  0.3305  0.2762
1.5829  1.136  322.148  1.985  -2.866  -6.699  -7.589  -8.051  -6.918  2.2647  2.4508  2.5781  -6.771  -7.753  -8.265  0.6718  0.3305  0.2762
1.5829  1.116  344.156  2.149  -2.833  -6.768  -7.666  -8.146  -6.989  2.2647  2.4508  2.5781  -6.771  -7.753  -8.265  0.6718  0.3305  0.2762
1.5829  1.095  355.104  2.266  -2.8  -6.792  -7.695  -8.188  -7.014  2.2647  2.4508  2.5781  -6.771  -7.753  -8.265  0.6718  0.3305  0.2762
1.5829  1.072  332.089  1.941  -2.94  -6.769  -7.679  -8.166  -6.993  2.2647  2.4508  2.5781  -6.771  -7.753  -8.265  0.6718  0.3305  0.2762
1.5829  1.07  330.488  2.144  -2.796  -6.704  -7.595  -8.067  -6.923  2.2647  2.4508  2.5781  -6.771  -7.753  -8.265  0.6718  0.3305  0.2762
1.5829  1.063  260.169  1.84  -2.78  -6.371  -7.254  -7.685  -6.588  2.2647  2.4508  2.5781  -6.771  -7.753  -8.265  0.6718  0.3305  0.2762
1.5829  1.052  176.626  1.42  -2.9  -5.772  -6.641  -7.024  -5.985  2.2647  2.4508  2.5781  -6.771  -7.753  -8.265  0.6718  0.3305  0.2762
1.5829  1.035  179.496  1.484  -2.875  -5.798  -6.667  -7.054  -6.011  2.2647  2.4508  2.5781  -6.771  -7.753  -8.265  0.6718  0.3305  0.2762
1.5829  1.013  209.341  1.713  -2.777  -6.034  -6.912  -7.32  -6.25  2.2647  2.4508  2.5781  -6.771  -7.753  -8.265  0.6718  0.3305  0.2762
1.5829  0.985  259.869  1.916  -2.733  -6.358  -7.241  -7.677  -6.575  2.2647  2.4508  2.5781  -6.771  -7.753  -8.265  0.6718  0.3305  0.2762
1.5829  0.953  313.874  2.221  -2.706  -6.604  -7.496  -7.968  -6.823  2.2647  2.4508  2.5781  -6.771  -7.753  -8.265  0.6718  0.3305  0.2762
1.5829  0.917  354.94  2.67  -2.584  -6.691  -7.618  -8.148  -6.92  2.2647  2.4508  2.5781  -6.771  -7.753  -8.265  0.6718  0.3305  0.2762
1.5829  0.876  375.366  3.555  -2.179  -6.535  -7.569  -8.219  -6.794  2.2647  2.4508  2.5781  -6.771  -7.753  -8.265  0.6718  0.3305  0.2762
1.5829  0.833  379.713  4.116  -1.892  -6.389  -7.503  -8.235  -6.671  2.2647  2.4508  2.5781  -6.771  -7.753  -8.265  0.6718  0.3305  0.2762
1.5829  0.787  303.428  2.832  -2.545  -6.364  -7.438  -8.116  -6.634  2.2647  2.4508  2.5781  -6.771  -7.753  -8.265  0.6718  0.3305  0.2762
