#Mini MPD Rad MV_j MI_c MJ_2M MH_2M MK_2M MHw JH JKs HKs medianJ medianH medianKs sigmaJ sigmaH sigmaKs maxJ maxH maxKs minJ minH minKs medianJH medianJKs medianHKs sigmaJH sigmaJKs sigmaHKs maxJH maxJKs maxHKs minJH minJKs minHKs counts
0.002  0.002  0.105  60.05  49.68  37.257  34.027  53.596  36.219  3.23  -16.339  -19.569  37.257  34.027  53.596  0.3  0.3  0.3  999.0  999.0  999.0  -999.0  -999.0  -999.0  3.23  -16.339  -19.569  0.2  0.2  0.2  10.0  10.0  10.0  -10.0  -10.0  -10.0  0.0
0.003  0.003  0.105  55.32  45.63  34.125  32.029  49.186  33.528  2.096  -15.061  -17.157  34.125  32.029  49.186  0.3  0.3  0.3  999.0  999.0  999.0  -999.0  -999.0  -999.0  2.096  -15.061  -17.157  0.2  0.2  0.2  10.0  10.0  10.0  -10.0  -10.0  -10.0  0.0
0.004  0.004  0.105  50.68  41.76  31.374  30.144  45.126  31.058  1.23  -13.752  -14.982  31.374  30.144  45.126  0.3  0.3  0.3  999.0  999.0  999.0  -999.0  -999.0  -999.0  1.23  -13.752  -14.982  0.2  0.2  0.2  10.0  10.0  10.0  -10.0  -10.0  -10.0  0.0
0.005  0.005  0.105  46.5  38.3  29.128  28.509  41.686  28.981  0.619  -12.558  -13.177  29.128  28.509  41.686  0.3  0.3  0.3  999.0  999.0  999.0  -999.0  -999.0  -999.0  0.619  -12.558  -13.177  0.2  0.2  0.2  10.0  10.0  10.0  -10.0  -10.0  -10.0  0.0
0.006  0.006  0.104  42.71  35.18  27.154  27.049  38.646  27.131  0.105  -11.492  -11.597  27.154  27.049  38.646  0.3  0.3  0.3  999.0  999.0  999.0  -999.0  -999.0  -999.0  0.105  -11.492  -11.597  0.2  0.2  0.2  10.0  10.0  10.0  -10.0  -10.0  -10.0  0.0
0.007  0.007  0.103  39.29  32.37  25.426  25.745  35.936  25.492  -0.319  -10.51  -10.191  25.426  25.745  35.936  0.3  0.3  0.3  999.0  999.0  999.0  -999.0  -999.0  -999.0  -0.319  -10.51  -10.191  0.2  0.2  0.2  10.0  10.0  10.0  -10.0  -10.0  -10.0  0.0
0.008  0.008  0.103  36.31  29.93  23.951  24.625  33.626  24.083  -0.674  -9.675  -9.001  23.951  24.625  33.626  0.3  0.3  0.3  999.0  999.0  999.0  -999.0  -999.0  -999.0  -0.674  -9.675  -9.001  0.2  0.2  0.2  10.0  10.0  10.0  -10.0  -10.0  -10.0  0.0
0.009  0.009  0.102  33.73  27.82  22.701  23.651  31.616  22.878  -0.95  -8.915  -7.965  22.701  23.651  31.616  0.3  0.3  0.3  999.0  999.0  999.0  -999.0  -999.0  -999.0  -0.95  -8.915  -7.965  0.2  0.2  0.2  10.0  10.0  10.0  -10.0  -10.0  -10.0  0.0
0.01  0.01  0.101  33.05  27.06  22.269  23.117  30.466  22.43  -0.848  -8.197  -7.349  22.269  23.117  30.466  0.3  0.3  0.3  999.0  999.0  999.0  -999.0  -999.0  -999.0  -0.848  -8.197  -7.349  0.2  0.2  0.2  10.0  10.0  10.0  -10.0  -10.0  -10.0  0.0
0.012  0.012  0.1  31.58  25.46  21.375  22.018  28.136  21.501  -0.643  -6.761  -6.118  21.375  22.018  28.136  0.3  0.3  0.3  999.0  999.0  999.0  -999.0  -999.0  -999.0  -0.643  -6.761  -6.118  0.2  0.2  0.2  10.0  10.0  10.0  -10.0  -10.0  -10.0  0.0
0.015  0.015  0.098  30.2  24.0  20.524  21.017  25.986  20.623  -0.493  -5.462  -4.969  20.524  21.017  25.986  0.3  0.3  0.3  999.0  999.0  999.0  -999.0  -999.0  -999.0  -0.493  -5.462  -4.969  0.2  0.2  0.2  10.0  10.0  10.0  -10.0  -10.0  -10.0  0.0
0.02  0.02  0.095  29.24  22.66  19.661  19.836  23.286  19.698  -0.175  -3.625  -3.45  19.661  19.836  23.286  0.3  0.3  0.3  999.0  999.0  999.0  -999.0  -999.0  -999.0  -0.175  -3.625  -3.45  0.2  0.2  0.2  10.0  10.0  10.0  -10.0  -10.0  -10.0  0.0
0.03  0.03  0.09  28.17  21.17  18.208  18.269  20.016  18.221  -0.061  -1.808  -1.747  18.208  18.269  20.016  0.3  0.3  0.3  999.0  999.0  999.0  -999.0  -999.0  -999.0  -0.061  -1.808  -1.747  0.2  0.2  0.2  10.0  10.0  10.0  -10.0  -10.0  -10.0  0.0
0.04  0.04  0.085  27.58  20.4  16.95  17.091  17.966  16.98  -0.141  -1.016  -0.875  16.95  17.091  17.966  0.3  0.3  0.3  999.0  999.0  999.0  -999.0  -999.0  -999.0  -0.141  -1.016  -0.875  0.2  0.2  0.2  10.0  10.0  10.0  -10.0  -10.0  -10.0  0.0
0.05  0.05  0.082  27.09  19.82  15.878  16.045  16.356  15.913  -0.167  -0.478  -0.311  15.878  16.045  16.356  0.3  0.3  0.3  999.0  999.0  999.0  -999.0  -999.0  -999.0  -0.167  -0.478  -0.311  0.2  0.2  0.2  10.0  10.0  10.0  -10.0  -10.0  -10.0  0.0
0.06  0.06  0.079  26.44  19.2  14.965  15.133  15.126  15.001  -0.168  -0.161  0.007  14.965  15.133  15.126  0.3  0.3  0.3  999.0  999.0  999.0  -999.0  -999.0  -999.0  -0.168  -0.161  0.007  0.2  0.2  0.2  10.0  10.0  10.0  -10.0  -10.0  -10.0  0.0
0.07  0.07  0.081  24.33  17.6  13.487  13.506  13.416  13.491  -0.019  0.071  0.09  13.487  13.506  13.416  0.3  0.3  0.3  999.0  999.0  999.0  -999.0  -999.0  -999.0  -0.019  0.071  0.09  0.2  0.2  0.2  10.0  10.0  10.0  -10.0  -10.0  -10.0  0.0
0.072  0.072  0.083  23.11  16.75  12.943  12.855  12.776  12.924  0.088  0.167  0.079  12.943  12.855  12.776  0.3  0.3  0.3  999.0  999.0  999.0  -999.0  -999.0  -999.0  0.088  0.167  0.079  0.2  0.2  0.2  10.0  10.0  10.0  -10.0  -10.0  -10.0  0.0
0.075  0.075  0.089  21.03  15.34  12.187  11.928  11.756  12.129  0.259  0.431  0.172  12.187  11.928  11.756  0.3  0.3  0.3  999.0  999.0  999.0  -999.0  -999.0  -999.0  0.259  0.431  0.172  0.2  0.2  0.2  10.0  10.0  10.0  -10.0  -10.0  -10.0  0.0
0.08  0.08  0.099  19.11  13.89  11.438  11.081  10.796  11.356  0.357  0.642  0.285  11.438  11.081  10.796  0.3  0.3  0.3  999.0  999.0  999.0  -999.0  -999.0  -999.0  0.357  0.642  0.285  0.2  0.2  0.2  10.0  10.0  10.0  -10.0  -10.0  -10.0  0.0
0.09  0.09  0.121  16.668  12.478  10.465  9.78  9.48  10.301  0.685  0.985  0.3  10.746  10.416  10.27  0.161  0.069  0.077  11.177  10.573  10.491  10.687  10.364  10.231  0.352  0.496  0.144  0.124  0.188  0.065  0.603  0.865  0.261  0.193  0.254  0.06  111.0
0.12  0.12  0.153  15.195  11.614  9.823  9.122  8.793  9.655  0.701  1.03  0.329  9.589  9.066  8.893  0.242  0.206  0.159  10.073  9.471  9.201  9.388  8.899  8.751  0.513  0.696  0.173  0.038  0.084  0.047  0.601  0.872  0.271  0.489  0.636  0.147  77.0
0.15  0.15  0.182  14.224  10.965  9.287  8.641  8.296  9.133  0.646  0.991  0.345  9.287  8.641  8.296  0.3  0.3  0.3  999.0  999.0  999.0  -999.0  -999.0  -999.0  0.646  0.991  0.345  0.2  0.2  0.2  10.0  10.0  10.0  -10.0  -10.0  -10.0  0.0
0.18  0.18  0.208  13.541  10.469  8.878  8.26  7.916  8.731  0.618  0.962  0.344  8.878  8.26  7.916  0.3  0.3  0.3  999.0  999.0  999.0  -999.0  -999.0  -999.0  0.618  0.962  0.344  0.2  0.2  0.2  10.0  10.0  10.0  -10.0  -10.0  -10.0  0.0
0.21  0.21  0.233  12.997  10.067  8.542  7.94  7.601  8.4  0.602  0.941  0.339  8.542  7.94  7.601  0.3  0.3  0.3  999.0  999.0  999.0  -999.0  -999.0  -999.0  0.602  0.941  0.339  0.2  0.2  0.2  10.0  10.0  10.0  -10.0  -10.0  -10.0  0.0
0.24  0.24  0.257  12.539  9.727  8.253  7.662  7.33  8.113  0.591  0.923  0.332  8.151  7.598  7.392  0.006  0.006  0.006  8.159  7.606  7.4  8.142  7.589  7.383  0.553  0.759  0.207  0.0  0.0  0.0  0.553  0.76  0.207  0.552  0.759  0.206  11.0
0.27  0.27  0.279  12.138  9.431  7.997  7.413  7.09  7.859  0.584  0.907  0.323  7.997  7.413  7.09  0.3  0.3  0.3  999.0  999.0  999.0  -999.0  -999.0  -999.0  0.584  0.907  0.323  0.2  0.2  0.2  10.0  10.0  10.0  -10.0  -10.0  -10.0  0.0
0.3  0.3  0.302  11.779  9.163  7.766  7.187  6.872  7.629  0.579  0.894  0.315  7.569  7.009  6.811  0.238  0.213  0.185  8.008  7.402  7.154  7.322  6.795  6.629  0.561  0.759  0.198  0.025  0.053  0.028  0.606  0.854  0.248  0.526  0.692  0.166  75.0
0.33  0.33  0.33  11.452  8.917  7.554  6.978  6.672  7.418  0.576  0.882  0.306  7.723  7.14  6.902  0.246  0.226  0.192  7.837  7.245  6.989  7.232  6.689  6.515  0.582  0.821  0.239  0.02  0.054  0.034  0.592  0.848  0.256  0.543  0.717  0.174  4.0
0.36  0.36  0.357  11.149  8.685  7.357  6.782  6.485  7.221  0.575  0.872  0.297  7.357  6.782  6.485  0.3  0.3  0.3  999.0  999.0  999.0  -999.0  -999.0  -999.0  0.575  0.872  0.297  0.2  0.2  0.2  10.0  10.0  10.0  -10.0  -10.0  -10.0  0.0
0.39  0.39  0.382  10.865  8.465  7.172  6.597  6.309  7.036  0.575  0.863  0.288  7.172  6.597  6.309  0.3  0.3  0.3  999.0  999.0  999.0  -999.0  -999.0  -999.0  0.575  0.863  0.288  0.2  0.2  0.2  10.0  10.0  10.0  -10.0  -10.0  -10.0  0.0
0.42  0.42  0.409  10.597  8.256  6.996  6.42  6.142  6.86  0.576  0.854  0.278  6.996  6.42  6.142  0.3  0.3  0.3  999.0  999.0  999.0  -999.0  -999.0  -999.0  0.576  0.854  0.278  0.2  0.2  0.2  10.0  10.0  10.0  -10.0  -10.0  -10.0  0.0
0.45  0.45  0.439  10.341  8.057  6.828  6.251  5.982  6.692  0.577  0.846  0.269  6.52  5.946  5.78  0.201  0.166  0.134  6.961  6.337  6.107  6.394  5.894  5.754  0.574  0.741  0.167  0.04  0.073  0.034  0.624  0.854  0.23  0.5  0.638  0.138  77.0
0.48  0.48  0.471  10.096  7.867  6.666  6.087  5.827  6.529  0.579  0.839  0.26  6.666  6.087  5.827  0.3  0.3  0.3  999.0  999.0  999.0  -999.0  -999.0  -999.0  0.579  0.839  0.26  0.2  0.2  0.2  10.0  10.0  10.0  -10.0  -10.0  -10.0  0.0
0.55  0.55  0.544  9.267  7.307  6.201  5.599  5.365  6.059  0.602  0.836  0.234  5.717  5.226  5.12  0.217  0.15  0.109  6.248  5.6  5.389  5.658  5.174  5.064  0.522  0.628  0.107  0.078  0.117  0.043  0.648  0.859  0.211  0.435  0.542  0.105  78.0
0.6  0.6  0.591  8.613  6.861  5.844  5.222  5.023  5.696  0.622  0.821  0.199  5.352  4.922  4.83  0.21  0.111  0.078  5.895  5.229  5.046  5.29  4.879  4.788  0.453  0.543  0.092  0.106  0.138  0.034  0.667  0.85  0.183  0.383  0.475  0.09  89.0
0.65  0.65  0.628  7.95  6.417  5.489  4.869  4.715  5.342  0.62  0.774  0.154  5.032  4.652  4.574  0.253  0.122  0.09  5.668  4.986  4.82  4.952  4.605  4.53  0.389  0.466  0.078  0.137  0.167  0.032  0.682  0.848  0.166  0.347  0.422  0.075  103.0
0.694  0.694  0.657  7.377  6.051  5.206  4.625  4.502  5.069  0.581  0.704  0.123  4.7  4.377  4.317  0.128  0.047  0.039  4.938  4.459  4.383  4.687  4.361  4.301  0.326  0.386  0.06  0.081  0.09  0.008  0.48  0.556  0.076  0.323  0.383  0.06  3.0
0.7  0.7  0.662  7.295  5.998  5.168  4.595  4.476  5.033  0.573  0.692  0.119  4.725  4.392  4.33  0.249  0.114  0.09  5.344  4.679  4.55  4.629  4.312  4.257  0.34  0.403  0.063  0.137  0.161  0.024  0.665  0.795  0.129  0.317  0.372  0.055  103.0
0.718  0.718  0.673  7.071  5.85  5.057  4.514  4.402  4.93  0.543  0.655  0.112  4.709  4.341  4.276  0.254  0.123  0.099  5.184  4.553  4.443  4.522  4.214  4.165  0.368  0.433  0.065  0.133  0.157  0.024  0.631  0.74  0.11  0.308  0.357  0.049  7.0
0.75  0.75  0.694  6.705  5.6  4.872  4.385  4.282  4.759  0.487  0.59  0.103  4.442  4.141  4.095  0.253  0.139  0.118  5.046  4.456  4.356  4.31  4.021  3.982  0.305  0.352  0.047  0.115  0.137  0.022  0.59  0.69  0.1  0.289  0.328  0.039  105.0
0.762  0.762  0.705  6.585  5.512  4.802  4.331  4.23  4.693  0.471  0.572  0.101  4.337  4.038  3.994  0.062  0.047  0.041  4.407  4.086  4.034  4.244  3.962  3.926  0.299  0.343  0.044  0.016  0.022  0.006  0.321  0.373  0.052  0.282  0.318  0.036  4.0
0.8  0.799  0.739  6.231  5.249  4.595  4.171  4.077  4.497  0.424  0.518  0.094  4.151  3.874  3.842  0.263  0.167  0.146  4.765  4.242  4.153  3.982  3.725  3.698  0.278  0.314  0.036  0.097  0.119  0.022  0.523  0.612  0.089  0.257  0.284  0.027  105.0
0.809  0.809  0.749  6.142  5.181  4.541  4.129  4.036  4.446  0.412  0.505  0.093  4.149  3.854  3.812  0.156  0.105  0.093  4.337  3.968  3.916  3.954  3.696  3.667  0.295  0.337  0.043  0.054  0.067  0.013  0.368  0.426  0.057  0.255  0.281  0.026  19.0
0.849  0.848  0.789  5.806  4.92  4.331  3.96  3.874  4.246  0.371  0.457  0.086  4.198  3.838  3.781  0.218  0.164  0.15  4.274  3.906  3.847  3.645  3.426  3.405  0.36  0.417  0.057  0.055  0.07  0.015  0.368  0.427  0.059  0.219  0.24  0.021  18.0
0.849  0.849  0.789  5.803  4.918  4.329  3.958  3.873  4.244  0.371  0.456  0.085  4.198  3.838  3.781  0.218  0.164  0.15  4.274  3.906  3.847  3.645  3.426  3.405  0.36  0.417  0.057  0.055  0.07  0.015  0.368  0.427  0.059  0.219  0.24  0.021  18.0
0.879  0.878  0.823  5.568  4.73  4.175  3.831  3.75  4.096  0.344  0.425  0.081  3.578  3.369  3.349  0.204  0.154  0.142  4.034  3.708  3.66  3.448  3.249  3.229  0.22  0.242  0.022  0.052  0.065  0.013  0.33  0.38  0.05  0.199  0.219  0.019  11.0
0.899  0.898  0.847  5.411  4.606  4.073  3.745  3.667  3.998  0.328  0.406  0.078  3.935  3.613  3.564  0.233  0.178  0.165  4.027  3.698  3.648  3.37  3.184  3.164  0.322  0.371  0.049  0.057  0.07  0.013  0.329  0.379  0.05  0.186  0.206  0.02  17.0
0.912  0.912  0.865  5.309  4.524  4.003  3.686  3.61  3.931  0.317  0.393  0.076  3.602  3.345  3.312  0.197  0.144  0.133  3.853  3.546  3.502  3.393  3.211  3.192  0.257  0.29  0.033  0.055  0.066  0.011  0.308  0.353  0.045  0.178  0.196  0.018  5.0
0.933  0.933  0.894  5.156  4.398  3.896  3.593  3.52  3.827  0.303  0.376  0.073  3.433  3.2  3.174  0.273  0.209  0.196  4.0  3.641  3.581  3.132  2.986  2.968  0.218  0.241  0.023  0.067  0.081  0.014  0.359  0.418  0.059  0.146  0.164  0.017  13.0
0.948  0.948  0.916  5.047  4.308  3.818  3.525  3.455  3.752  0.293  0.363  0.07  3.67  3.38  3.338  0.203  0.163  0.154  3.83  3.502  3.453  3.1  2.931  2.912  0.291  0.333  0.042  0.042  0.052  0.01  0.328  0.379  0.051  0.169  0.188  0.019  22.0
0.965  0.964  0.942  4.929  4.21  3.733  3.45  3.381  3.669  0.283  0.352  0.069  3.224  3.03  3.004  0.298  0.238  0.228  3.7  3.386  3.337  2.752  2.645  2.628  0.207  0.23  0.023  0.062  0.074  0.012  0.314  0.363  0.049  0.107  0.124  0.017  12.0
0.984  0.983  0.973  4.799  4.1  3.637  3.364  3.298  3.575  0.273  0.339  0.066  3.247  3.002  2.97  0.381  0.303  0.291  3.748  3.429  3.377  2.567  2.481  2.463  0.245  0.277  0.032  0.082  0.095  0.013  0.319  0.368  0.05  0.086  0.104  0.017  17.0
0.998  0.998  0.999  4.698  4.015  3.561  3.297  3.233  3.501  0.264  0.328  0.064  3.337  3.072  3.036  0.385  0.314  0.304  3.681  3.365  3.315  2.346  2.285  2.267  0.264  0.301  0.036  0.079  0.089  0.011  0.321  0.373  0.052  0.061  0.079  0.017  28.0
1.001  1.001  1.006  4.674  3.995  3.544  3.281  3.217  3.485  0.263  0.327  0.064  3.092  2.915  2.895  0.338  0.284  0.278  3.47  3.196  3.157  2.258  2.194  2.176  0.195  0.218  0.023  0.071  0.079  0.008  0.273  0.312  0.039  0.064  0.082  0.017  36.0
1.018  1.017  1.037  4.563  3.899  3.459  3.203  3.141  3.401  0.256  0.318  0.062  2.718  2.634  2.616  0.477  0.433  0.429  3.444  3.167  3.127  1.586  1.429  1.406  0.132  0.153  0.021  0.074  0.081  0.007  0.272  0.31  0.039  0.046  0.064  0.017  33.0
1.033  1.032  1.069  4.458  3.808  3.377  3.129  3.069  3.321  0.248  0.308  0.06  1.317  1.076  1.038  1.834  1.951  1.974  3.306  3.043  3.006  -2.36  -2.839  -2.924  0.286  0.324  0.041  0.134  0.159  0.025  0.467  0.549  0.082  0.059  0.076  0.017  53.0
1.047  1.046  1.1  4.361  3.723  3.299  3.057  2.998  3.245  0.242  0.301  0.059  -1.909  -2.387  -2.468  2.765  2.933  2.962  3.071  2.828  2.805  -5.513  -6.277  -6.414  0.463  0.541  0.078  0.176  0.206  0.031  0.683  0.794  0.111  0.048  0.065  0.017  201.0
1.048  1.047  1.1  4.359  3.721  3.297  3.055  2.996  3.243  0.242  0.301  0.059  -2.041  -2.507  -2.59  2.707  2.879  2.909  3.074  2.828  2.794  -5.61  -6.387  -6.528  0.479  0.561  0.081  0.18  0.21  0.031  0.72  0.842  0.121  0.031  0.049  0.017  199.0
1.059  1.058  1.128  4.282  3.653  3.234  2.997  2.939  3.181  0.237  0.295  0.058  -1.101  -1.481  -1.536  1.774  1.887  1.907  3.013  2.796  2.77  -2.521  -3.005  -3.09  0.378  0.441  0.063  0.13  0.152  0.022  0.489  0.571  0.083  0.033  0.049  0.016  103.0
1.072  1.071  1.159  4.193  3.573  3.161  2.929  2.872  3.109  0.232  0.289  0.057  -1.117  -1.498  -1.554  1.807  1.944  1.966  2.726  2.609  2.587  -3.341  -3.979  -4.083  0.399  0.462  0.064  0.151  0.175  0.024  0.593  0.685  0.092  0.016  0.033  0.017  114.0
1.085  1.084  1.192  4.108  3.497  3.09  2.863  2.806  3.039  0.227  0.284  0.057  -1.584  -2.089  -2.164  2.381  2.538  2.563  2.501  2.444  2.427  -5.527  -6.244  -6.365  0.443  0.517  0.075  0.168  0.196  0.028  0.7  0.82  0.117  0.015  0.033  0.017  178.0
1.097  1.096  1.224  4.029  3.425  3.024  2.799  2.743  2.974  0.225  0.281  0.056  -1.532  -2.018  -2.092  2.23  2.388  2.414  2.641  2.528  2.51  -5.399  -6.19  -6.337  0.451  0.522  0.073  0.169  0.196  0.028  0.678  0.79  0.112  0.01  0.027  0.017  214.0
1.103  1.101  1.24  3.995  3.394  2.994  2.771  2.716  2.944  0.223  0.278  0.055  -2.215  -2.758  -2.841  2.572  2.778  2.828  2.371  2.321  2.304  -5.629  -6.575  -6.836  0.55  0.634  0.083  0.224  0.281  0.06  0.891  1.113  0.222  0.007  0.025  0.017  252.0
1.114  1.113  1.272  3.923  3.328  2.932  2.712  2.657  2.883  0.22  0.275  0.055  -1.622  -2.074  -2.146  2.161  2.317  2.345  2.369  2.24  2.224  -5.207  -6.029  -6.199  0.453  0.524  0.073  0.168  0.199  0.031  0.738  0.874  0.136  0.002  0.018  0.016  200.0
1.125  1.124  1.304  3.856  3.265  2.872  2.654  2.599  2.823  0.218  0.273  0.055  -1.096  -1.561  -1.63  1.944  2.07  2.091  2.536  2.397  2.377  -4.829  -5.42  -5.51  0.443  0.511  0.068  0.145  0.167  0.023  0.548  0.637  0.089  0.007  0.024  0.017  140.0
1.144  1.143  1.365  3.735  3.153  2.763  2.549  2.496  2.715  0.214  0.267  0.053  -1.265  -1.732  -1.804  1.988  2.112  2.133  2.476  2.332  2.315  -4.823  -5.411  -5.501  0.464  0.539  0.077  0.143  0.166  0.024  0.599  0.698  0.099  0.001  0.017  0.016  157.0
1.147  1.146  1.375  3.715  3.133  2.745  2.532  2.478  2.697  0.213  0.267  0.054  -1.307  -1.693  -1.754  2.264  2.443  2.475  2.314  2.28  2.261  -5.206  -6.023  -6.191  0.475  0.549  0.074  0.197  0.231  0.035  0.705  0.84  0.134  -0.009  0.006  0.015  195.0
1.162  1.161  1.429  3.636  3.054  2.664  2.451  2.397  2.616  0.213  0.267  0.054  -3.412  -4.028  -4.154  2.36  2.55  2.599  1.733  1.587  1.568  -5.793  -6.748  -7.013  0.614  0.709  0.096  0.205  0.261  0.059  0.908  1.139  0.231  -0.002  0.015  0.017  260.0
1.179  1.177  1.488  3.559  2.974  2.581  2.366  2.312  2.533  0.215  0.269  0.054  -3.625  -4.269  -4.41  2.144  2.332  2.397  1.377  1.052  1.006  -6.101  -7.061  -7.436  0.625  0.726  0.102  0.206  0.282  0.08  0.934  1.212  0.282  -0.002  0.014  0.016  410.0
1.186  1.185  1.524  3.499  2.917  2.526  2.313  2.259  2.478  0.213  0.267  0.054  -1.487  -1.991  -2.071  2.053  2.222  2.269  1.872  1.684  1.651  -5.442  -6.348  -6.623  0.479  0.559  0.079  0.185  0.237  0.055  0.84  1.066  0.225  0.019  0.039  0.019  153.0
1.191  1.189  1.548  3.454  2.876  2.488  2.276  2.223  2.441  0.212  0.265  0.053  -1.207  -1.63  -1.695  2.077  2.208  2.234  2.484  2.221  2.179  -5.269  -6.12  -6.318  0.476  0.554  0.075  0.151  0.181  0.031  0.696  0.816  0.12  0.061  0.081  0.02  182.0
1.193  1.192  1.566  3.415  2.841  2.456  2.247  2.193  2.409  0.209  0.263  0.054  -1.174  -1.604  -1.668  1.332  1.431  1.448  1.971  1.81  1.785  -2.773  -3.416  -3.54  0.439  0.505  0.068  0.132  0.154  0.022  0.611  0.71  0.101  0.07  0.09  0.02  147.0
1.196  1.194  1.596  3.348  2.783  2.403  2.199  2.146  2.357  0.204  0.257  0.053  -2.706  -3.288  -3.375  2.48  2.709  2.795  2.137  1.961  1.938  -6.121  -7.081  -7.455  0.579  0.669  0.089  0.243  0.336  0.097  0.945  1.264  0.318  0.094  0.115  0.021  305.0
1.196  1.195  1.606  3.324  2.763  2.385  2.183  2.13  2.34  0.202  0.255  0.053  -2.18  -2.69  -2.77  2.362  2.555  2.604  1.912  1.724  1.7  -5.798  -6.724  -6.948  0.554  0.637  0.087  0.209  0.263  0.055  0.885  1.09  0.208  0.094  0.115  0.021  251.0
1.197  1.195  1.608  3.323  2.761  2.383  2.181  2.129  2.338  0.202  0.254  0.052  -1.962  -2.452  -2.53  2.336  2.529  2.578  1.804  1.601  1.577  -5.798  -6.724  -6.948  0.551  0.636  0.086  0.208  0.261  0.055  0.884  1.09  0.207  0.094  0.115  0.021  252.0
1.201  1.2  1.639  3.286  2.723  2.345  2.142  2.089  2.3  0.203  0.256  0.053  -1.389  -1.774  -1.838  1.806  1.959  2.011  1.76  1.621  1.598  -5.551  -6.458  -6.777  0.469  0.54  0.075  0.172  0.23  0.061  0.867  1.108  0.241  0.091  0.111  0.02  166.0
1.224  1.223  1.794  3.124  2.55  2.163  1.955  1.9  2.116  0.208  0.263  0.055  -2.322  -2.958  -3.08  2.242  2.45  2.565  1.128  0.785  0.718  -6.362  -7.313  -7.752  0.631  0.743  0.111  0.223  0.344  0.124  0.937  1.328  0.391  0.261  0.296  0.035  238.0
1.241  1.24  1.931  3.013  2.423  2.026  1.808  1.752  1.977  0.218  0.274  0.056  -4.089  -4.879  -5.096  2.287  2.492  2.61  0.87  0.41  0.342  -6.39  -7.345  -7.792  0.79  1.007  0.218  0.212  0.334  0.125  0.939  1.34  0.401  0.229  0.262  0.032  214.0
1.246  1.245  1.98  2.979  2.382  1.98  1.759  1.702  1.93  0.221  0.278  0.057  -4.494  -5.217  -5.366  2.192  2.352  2.398  1.338  0.97  0.914  -5.96  -6.924  -7.196  0.72  0.845  0.125  0.173  0.226  0.055  0.918  1.151  0.231  0.153  0.177  0.024  268.0
1.252  1.251  2.049  2.948  2.337  1.924  1.696  1.638  1.873  0.228  0.286  0.058  -1.32  -1.723  -1.786  1.991  2.151  2.234  1.813  1.438  1.379  -5.658  -6.554  -6.923  0.528  0.612  0.084  0.173  0.26  0.091  0.877  1.199  0.322  0.186  0.212  0.026  89.0
1.261  1.26  2.175  2.926  2.279  1.843  1.595  1.533  1.787  0.248  0.31  0.062  -4.4  -5.208  -5.418  2.129  2.295  2.413  0.616  0.149  0.079  -6.467  -7.44  -7.957  0.791  0.989  0.205  0.172  0.3  0.134  0.935  1.374  0.439  0.208  0.237  0.028  232.0
1.27  1.268  2.317  2.999  2.283  1.797  1.511  1.441  1.732  0.286  0.356  0.07  -2.313  -2.902  -2.985  1.948  2.102  2.168  1.327  0.913  0.84  -5.745  -6.681  -6.986  0.593  0.689  0.097  0.164  0.237  0.074  0.905  1.176  0.271  0.276  0.316  0.04  189.0
1.275  1.274  2.432  3.132  2.339  1.797  1.464  1.387  1.721  0.333  0.41  0.077  -2.346  -2.96  -3.079  2.213  2.359  2.399  1.831  1.384  1.303  -5.927  -6.864  -7.097  0.622  0.732  0.109  0.156  0.199  0.045  0.883  1.084  0.201  0.224  0.257  0.033  182.0
1.278  1.277  2.509  3.227  2.385  1.803  1.439  1.358  1.72  0.364  0.445  0.081  -4.8  -5.667  -5.971  2.403  2.579  2.71  1.235  0.784  0.712  -6.496  -7.467  -7.97  0.865  1.167  0.302  0.179  0.313  0.137  0.937  1.381  0.444  0.226  0.258  0.032  174.0
1.28  1.279  2.562  3.254  2.389  1.79  1.412  1.329  1.703  0.378  0.461  0.083  -1.404  -1.946  -2.034  2.083  2.227  2.281  1.808  1.377  1.307  -5.428  -6.325  -6.59  0.591  0.691  0.1  0.151  0.208  0.059  0.869  1.114  0.245  0.238  0.274  0.036  76.0
1.281  1.28  2.614  3.267  2.386  1.774  1.385  1.3  1.685  0.389  0.474  0.085  -1.547  -2.143  -2.226  1.987  2.125  2.179  1.605  1.182  1.135  -5.428  -6.325  -6.59  0.599  0.698  0.099  0.145  0.203  0.059  0.87  1.116  0.245  0.238  0.274  0.036  74.0
1.282  1.281  2.652  3.273  2.38  1.758  1.362  1.276  1.667  0.396  0.482  0.086  -1.764  -2.337  -2.439  1.969  2.104  2.156  1.772  1.327  1.255  -5.428  -6.325  -6.59  0.599  0.694  0.096  0.143  0.199  0.058  0.87  1.116  0.245  0.238  0.274  0.036  74.0
1.283  1.282  2.705  3.273  2.367  1.735  1.33  1.243  1.642  0.405  0.492  0.087  -2.321  -2.933  -3.059  1.591  1.703  1.751  1.635  1.228  1.172  -4.731  -5.582  -5.869  0.63  0.736  0.106  0.122  0.178  0.06  0.814  1.068  0.254  0.212  0.24  0.028  86.0
1.284  1.283  2.769  3.268  2.347  1.704  1.29  1.202  1.609  0.414  0.502  0.088  -3.195  -3.856  -4.015  1.961  2.099  2.164  1.648  1.238  1.169  -5.653  -6.548  -6.912  0.69  0.83  0.137  0.145  0.22  0.079  0.884  1.196  0.308  0.212  0.24  0.028  133.0
1.286  1.284  2.856  3.243  2.31  1.656  1.234  1.144  1.559  0.422  0.512  0.09  -3.425  -4.104  -4.242  2.3  2.459  2.524  1.646  1.375  1.335  -5.653  -6.548  -6.912  0.672  0.797  0.126  0.166  0.239  0.077  0.885  1.2  0.306  0.248  0.284  0.036  124.0
1.286  1.285  2.863  3.241  2.306  1.651  1.228  1.138  1.553  0.423  0.513  0.09  -3.37  -4.015  -4.129  2.364  2.529  2.588  1.94  1.539  1.466  -5.538  -6.44  -6.749  0.661  0.782  0.119  0.171  0.236  0.068  0.871  1.132  0.269  0.248  0.284  0.036  117.0
1.286  1.285  2.886  3.229  2.293  1.636  1.212  1.122  1.538  0.424  0.514  0.09  -1.152  -1.636  -1.724  2.423  2.594  2.655  1.954  1.551  1.479  -5.538  -6.44  -6.749  0.56  0.657  0.098  0.177  0.244  0.07  0.871  1.14  0.272  0.248  0.284  0.036  108.0
1.289  1.288  3.067  3.142  2.193  1.526  1.093  1.002  1.426  0.433  0.524  0.091  -1.039  -1.59  -1.686  1.033  1.08  1.089  1.78  1.343  1.272  -1.206  -1.69  -1.765  0.499  0.574  0.075  0.073  0.089  0.016  0.594  0.704  0.11  0.239  0.277  0.035  70.0
1.291  1.29  3.278  3.031  2.071  1.395  0.955  0.863  1.293  0.44  0.532  0.092  -1.176  -1.653  -1.727  0.946  0.985  0.992  1.269  0.78  0.699  -2.599  -3.225  -3.336  0.523  0.607  0.083  0.065  0.081  0.017  0.629  0.749  0.121  0.364  0.423  0.059  85.0
1.294  1.293  3.497  2.92  1.952  1.27  0.825  0.732  1.167  0.445  0.538  0.093  -4.751  -5.595  -5.828  2.177  2.35  2.457  0.902  0.382  0.292  -6.525  -7.488  -7.981  0.851  1.096  0.245  0.176  0.287  0.117  0.944  1.361  0.431  0.201  0.228  0.027  346.0
1.296  1.295  3.694  2.821  1.847  1.159  0.71  0.616  1.055  0.449  0.543  0.094  -4.956  -5.826  -6.118  2.101  2.263  2.378  0.032  -0.428  -0.498  -6.525  -7.488  -7.981  0.87  1.17  0.295  0.166  0.283  0.121  0.939  1.369  0.435  0.201  0.228  0.027  334.0
1.296  1.295  3.767  2.786  1.809  1.12  0.669  0.576  1.016  0.451  0.544  0.093  -4.544  -5.373  -5.64  2.273  2.449  2.561  0.966  0.463  0.38  -6.451  -7.421  -7.889  0.833  1.096  0.256  0.181  0.295  0.118  0.939  1.338  0.403  0.213  0.242  0.029  206.0
1.299  1.298  4.028  2.666  1.682  0.985  0.53  0.436  0.88  0.455  0.549  0.094  -2.334  -2.923  -3.014  2.497  2.697  2.768  1.929  1.702  1.67  -6.238  -7.217  -7.561  0.585  0.682  0.107  0.21  0.285  0.078  0.946  1.228  0.282  0.155  0.18  0.025  214.0
1.301  1.3  4.307  2.546  1.553  0.851  0.39  0.296  0.744  0.461  0.555  0.094  -4.61  -5.405  -5.59  2.565  2.763  2.834  1.914  1.594  1.566  -6.238  -7.217  -7.561  0.801  0.986  0.183  0.205  0.28  0.08  0.95  1.237  0.301  0.155  0.18  0.025  257.0
1.303  1.301  4.603  2.428  1.428  0.719  0.253  0.158  0.611  0.466  0.561  0.095  -1.424  -2.03  -2.131  2.059  2.204  2.276  1.686  1.261  1.209  -5.65  -6.544  -6.906  0.606  0.707  0.108  0.15  0.225  0.081  0.879  1.206  0.327  0.207  0.236  0.029  81.0
1.304  1.303  4.913  2.314  1.305  0.589  0.119  0.023  0.48  0.47  0.566  0.096  -2.664  -3.343  -3.508  1.861  1.995  2.058  1.579  1.16  1.093  -5.423  -6.316  -6.58  0.677  0.834  0.156  0.138  0.203  0.07  0.85  1.13  0.282  0.226  0.259  0.033  132.0
1.306  1.304  5.232  2.204  1.187  0.463  -0.012  -0.108  0.353  0.475  0.571  0.096  -4.813  -5.662  -5.967  2.125  2.292  2.432  -0.455  -1.042  -1.151  -6.394  -7.392  -8.004  0.851  1.153  0.301  0.173  0.321  0.152  0.973  1.455  0.482  0.238  0.273  0.035  226.0
1.307  1.306  5.587  2.093  1.065  0.334  -0.147  -0.244  0.222  0.481  0.578  0.097  -1.057  -1.604  -1.698  1.447  1.549  1.592  1.637  1.265  1.206  -5.534  -6.434  -6.742  0.534  0.618  0.085  0.115  0.163  0.051  0.678  0.829  0.151  0.224  0.256  0.032  58.0
1.308  1.307  5.938  1.99  0.953  0.214  -0.272  -0.371  0.101  0.486  0.585  0.099  -1.093  -1.625  -1.707  0.993  1.069  1.084  1.761  1.435  1.38  -1.745  -2.419  -2.559  0.533  0.617  0.085  0.093  0.114  0.022  0.651  0.78  0.13  0.224  0.256  0.032  57.0
1.309  1.308  6.302  1.89  0.844  0.099  -0.394  -0.494  -0.016  0.493  0.593  0.1  -1.101  -1.632  -1.708  1.289  1.38  1.404  1.851  1.573  1.531  -2.651  -3.357  -3.55  0.529  0.614  0.085  0.106  0.137  0.034  0.694  0.862  0.168  0.224  0.256  0.032  69.0
1.31  1.309  6.694  1.791  0.736  -0.018  -0.516  -0.617  -0.134  0.498  0.599  0.101  -1.508  -2.146  -2.23  1.459  1.563  1.61  1.787  1.339  1.258  -4.152  -4.955  -5.234  0.572  0.664  0.096  0.113  0.168  0.059  0.771  1.021  0.25  0.224  0.256  0.032  93.0
1.311  1.309  7.118  1.691  0.625  -0.137  -0.641  -0.743  -0.255  0.504  0.606  0.102  -2.093  -2.74  -2.848  1.836  1.97  2.053  1.764  1.306  1.225  -5.738  -6.627  -7.037  0.626  0.738  0.112  0.139  0.228  0.094  0.858  1.22  0.361  0.238  0.274  0.036  116.0
1.311  1.31  7.535  1.6  0.524  -0.246  -0.756  -0.86  -0.365  0.51  0.614  0.104  -4.551  -5.397  -5.678  2.079  2.237  2.359  -0.286  -0.842  -0.936  -6.546  -7.508  -7.997  0.837  1.123  0.283  0.161  0.285  0.128  0.934  1.368  0.434  0.231  0.265  0.034  239.0
1.312  1.311  7.985  1.507  0.42  -0.358  -0.875  -0.979  -0.479  0.517  0.621  0.104  -4.514  -5.343  -5.642  2.097  2.255  2.376  0.152  -0.357  -0.436  -6.546  -7.508  -7.997  0.832  1.119  0.281  0.161  0.286  0.128  0.934  1.368  0.434  0.231  0.265  0.034  241.0
1.313  1.311  8.432  1.421  0.324  -0.462  -0.985  -1.091  -0.584  0.523  0.629  0.106  -4.866  -5.722  -6.018  2.151  2.313  2.434  0.153  -0.354  -0.433  -6.546  -7.508  -7.997  0.856  1.152  0.293  0.165  0.291  0.13  0.934  1.372  0.438  0.231  0.265  0.034  220.0
1.313  1.312  8.905  1.335  0.228  -0.567  -1.096  -1.203  -0.691  0.529  0.636  0.107  -4.83  -5.673  -5.953  2.227  2.39  2.512  0.173  -0.313  -0.386  -6.546  -7.508  -7.997  0.857  1.145  0.291  0.167  0.294  0.131  0.937  1.378  0.441  0.231  0.265  0.034  204.0
1.314  1.312  9.312  1.265  0.149  -0.652  -1.186  -1.294  -0.777  0.534  0.642  0.108  -1.176  -1.684  -1.761  2.51  2.69  2.813  1.47  1.03  0.97  -6.546  -7.508  -7.997  0.578  0.684  0.108  0.186  0.317  0.138  0.941  1.397  0.456  0.231  0.265  0.034  92.0
1.314  1.313  9.846  1.18  0.054  -0.756  -1.296  -1.406  -0.883  0.54  0.65  0.11  -1.09  -1.612  -1.707  1.732  1.847  1.885  1.475  1.036  0.97  -5.324  -6.191  -6.415  0.529  0.614  0.085  0.125  0.166  0.043  0.83  1.033  0.203  0.252  0.289  0.037  64.0
1.315  1.313  9.644  1.209  0.087  -0.719  -1.256  -1.365  -0.845  0.537  0.646  0.109  -1.09  -1.609  -1.704  1.498  1.592  1.623  1.524  1.055  0.987  -5.324  -6.191  -6.415  0.526  0.61  0.085  0.108  0.143  0.036  0.833  1.037  0.204  0.252  0.289  0.037  60.0
1.315  1.314  9.1  1.291  0.183  -0.613  -1.142  -1.249  -0.737  0.529  0.636  0.107  -1.202  -1.722  -1.806  1.034  1.091  1.101  1.361  1.001  0.925  -2.455  -3.071  -3.175  0.561  0.653  0.089  0.071  0.088  0.017  0.628  0.744  0.115  0.252  0.289  0.037  83.0
1.315  1.314  9.071  1.295  0.188  -0.607  -1.136  -1.243  -0.731  0.529  0.636  0.107  -1.202  -1.722  -1.806  1.034  1.091  1.101  1.361  1.001  0.925  -2.455  -3.071  -3.175  0.561  0.653  0.089  0.071  0.088  0.017  0.628  0.744  0.115  0.252  0.289  0.037  83.0
1.316  1.314  9.427  1.237  0.122  -0.679  -1.213  -1.321  -0.804  0.534  0.642  0.108  -1.248  -1.782  -1.858  0.994  1.051  1.063  1.256  0.879  0.808  -2.519  -3.161  -3.287  0.567  0.669  0.094  0.074  0.091  0.018  0.633  0.752  0.118  0.252  0.289  0.037  83.0
1.316  1.314  10.043  1.14  0.012  -0.799  -1.341  -1.451  -0.926  0.542  0.652  0.11  -1.577  -2.185  -2.288  1.087  1.15  1.17  0.406  -0.13  -0.224  -3.61  -4.346  -4.533  0.581  0.677  0.102  0.075  0.1  0.027  0.675  0.834  0.159  0.252  0.289  0.037  97.0
1.317  1.315  10.721  1.044  -0.098  -0.92  -1.469  -1.581  -1.049  0.549  0.661  0.112  -3.744  -4.483  -4.663  2.096  2.257  2.361  0.033  -0.526  -0.626  -6.489  -7.456  -7.924  0.74  0.919  0.184  0.165  0.273  0.11  0.937  1.333  0.396  0.252  0.289  0.037  218.0
1.317  1.315  11.414  0.951  -0.206  -1.039  -1.595  -1.708  -1.17  0.556  0.669  0.113  -4.743  -5.592  -5.833  1.92  2.069  2.161  -0.412  -0.943  -1.021  -6.489  -7.456  -7.924  0.846  1.082  0.236  0.152  0.247  0.098  0.945  1.317  0.379  0.28  0.325  0.043  319.0
1.318  1.316  12.158  0.859  -0.314  -1.157  -1.721  -1.836  -1.29  0.564  0.679  0.115  -4.746  -5.595  -5.838  1.862  2.009  2.099  -0.607  -1.158  -1.246  -6.489  -7.456  -7.924  0.848  1.085  0.236  0.151  0.244  0.097  0.946  1.319  0.38  0.28  0.325  0.043  316.0
1.318  1.316  12.95  0.767  -0.423  -1.276  -1.848  -1.965  -1.411  0.572  0.689  0.117  -4.866  -5.719  -5.974  1.819  1.96  2.044  -0.54  -1.074  -1.157  -6.489  -7.456  -7.924  0.856  1.105  0.244  0.144  0.231  0.092  0.949  1.327  0.381  0.28  0.325  0.043  292.0
1.318  1.316  13.799  0.678  -0.529  -1.393  -1.974  -2.092  -1.53  0.581  0.699  0.118  -4.849  -5.717  -5.951  1.807  1.948  2.031  -0.543  -1.075  -1.159  -6.489  -7.456  -7.924  0.856  1.102  0.244  0.144  0.23  0.091  0.949  1.327  0.381  0.253  0.291  0.038  295.0
1.319  1.316  14.681  0.589  -0.634  -1.511  -2.098  -2.218  -1.65  0.587  0.707  0.12  -4.874  -5.727  -5.985  1.839  1.981  2.064  -0.45  -1.027  -1.13  -6.489  -7.456  -7.924  0.857  1.108  0.249  0.145  0.231  0.09  0.949  1.327  0.381  0.253  0.291  0.038  298.0
1.319  1.316  15.644  0.502  -0.74  -1.628  -2.224  -2.346  -1.769  0.596  0.718  0.122  -4.926  -5.793  -6.047  1.881  2.024  2.107  -0.443  -0.984  -1.072  -6.489  -7.456  -7.924  0.863  1.117  0.256  0.146  0.231  0.09  0.949  1.328  0.382  0.253  0.291  0.038  288.0
1.319  1.317  16.652  0.417  -0.843  -1.743  -2.347  -2.471  -1.886  0.604  0.728  0.124  -4.683  -5.529  -5.782  2.118  2.281  2.367  -0.261  -0.837  -0.942  -6.489  -7.456  -7.924  0.838  1.072  0.229  0.166  0.254  0.092  0.952  1.297  0.355  0.253  0.291  0.038  187.0
1.319  1.317  17.711  0.333  -0.946  -1.859  -2.471  -2.597  -2.004  0.612  0.738  0.126  -3.318  -4.057  -4.261  2.258  2.434  2.529  0.929  0.436  0.353  -6.335  -7.295  -7.677  0.739  0.943  0.204  0.18  0.276  0.099  0.952  1.293  0.354  0.253  0.291  0.038  133.0
1.32  1.317  18.861  0.251  -1.048  -1.973  -2.594  -2.722  -2.12  0.621  0.749  0.128  -1.439  -2.043  -2.162  1.822  1.962  2.042  1.292  0.923  0.869  -5.646  -6.539  -6.898  0.604  0.723  0.119  0.147  0.227  0.083  0.877  1.198  0.322  0.253  0.291  0.038  87.0
1.32  1.317  20.084  0.166  -1.15  -2.087  -2.713  -2.846  -2.236  0.626  0.759  0.133  -1.537  -2.15  -2.272  1.775  1.911  1.989  1.258  0.777  0.7  -5.646  -6.539  -6.898  0.613  0.735  0.122  0.142  0.221  0.082  0.876  1.197  0.321  0.253  0.291  0.038  89.0
1.32  1.317  21.363  0.085  -1.247  -2.196  -2.827  -2.964  -2.346  0.631  0.768  0.137  -1.584  -2.202  -2.325  1.764  1.896  1.973  1.251  0.773  0.692  -5.646  -6.539  -6.898  0.618  0.741  0.123  0.139  0.217  0.081  0.875  1.193  0.318  0.253  0.291  0.038  94.0
1.32  1.317  22.733  0.001  -1.345  -2.308  -2.943  -3.085  -2.459  0.635  0.777  0.142  -1.676  -2.302  -2.428  1.785  1.921  1.999  1.278  0.815  0.747  -5.646  -6.539  -6.898  0.626  0.753  0.127  0.142  0.221  0.082  0.874  1.19  0.317  0.253  0.291  0.038  98.0
1.32  1.317  24.191  -0.08  -1.442  -2.419  -3.057  -3.205  -2.571  0.638  0.786  0.148  -3.55  -4.3  -4.526  2.06  2.214  2.328  0.676  0.169  0.086  -5.984  -6.915  -7.357  0.75  0.976  0.225  0.158  0.273  0.119  0.903  1.32  0.416  0.253  0.291  0.038  148.0
1.321  1.317  25.713  -0.16  -1.538  -2.527  -3.171  -3.324  -2.68  0.644  0.797  0.153  -4.81  -5.652  -5.969  2.136  2.304  2.446  -0.487  -1.075  -1.184  -6.417  -7.406  -8.025  0.849  1.173  0.323  0.174  0.321  0.15  0.969  1.445  0.477  0.253  0.291  0.038  226.0
1.321  1.317  27.362  -0.241  -1.634  -2.639  -3.287  -3.445  -2.793  0.648  0.806  0.158  -4.83  -5.681  -6.022  2.146  2.314  2.456  -0.525  -1.116  -1.225  -6.417  -7.406  -8.025  0.852  1.182  0.33  0.174  0.322  0.15  0.97  1.449  0.479  0.258  0.298  0.04  222.0
1.321  1.317  29.084  -0.317  -1.727  -2.745  -3.398  -3.562  -2.901  0.653  0.817  0.164  -4.839  -5.682  -6.035  2.178  2.346  2.489  -0.475  -1.062  -1.171  -6.417  -7.406  -8.025  0.852  1.187  0.33  0.174  0.322  0.151  0.971  1.45  0.479  0.258  0.298  0.04  221.0
1.321  1.316  30.964  -0.394  -1.821  -2.854  -3.512  -3.682  -3.011  0.658  0.828  0.17  -4.882  -5.746  -6.086  2.194  2.362  2.505  -0.466  -1.053  -1.161  -6.417  -7.406  -8.025  0.855  1.19  0.336  0.174  0.323  0.151  0.974  1.456  0.482  0.253  0.291  0.038  216.0
1.321  1.316  32.889  -0.469  -1.913  -2.961  -3.623  -3.8  -3.119  0.662  0.839  0.177  -4.877  -5.74  -6.078  2.249  2.423  2.569  -0.234  -0.804  -0.906  -6.417  -7.406  -8.025  0.855  1.188  0.336  0.18  0.331  0.153  0.973  1.455  0.482  0.247  0.286  0.038  217.0
1.321  1.316  34.975  -0.538  -2.005  -3.069  -3.738  -3.92  -3.229  0.669  0.851  0.182  -4.848  -5.708  -6.058  2.262  2.44  2.587  -0.028  -0.583  -0.68  -6.417  -7.406  -8.025  0.854  1.203  0.339  0.183  0.336  0.155  0.975  1.459  0.484  0.247  0.286  0.038  213.0
1.321  1.316  37.192  -0.603  -2.099  -3.178  -3.856  -4.043  -3.34  0.678  0.865  0.187  -4.821  -5.68  -6.009  2.251  2.429  2.578  -0.451  -1.036  -1.144  -6.417  -7.406  -8.025  0.851  1.188  0.339  0.184  0.338  0.157  0.978  1.466  0.488  0.247  0.286  0.038  207.0
1.321  1.316  39.478  -0.664  -2.19  -3.285  -3.971  -4.163  -3.449  0.686  0.878  0.192  -4.82  -5.667  -5.992  2.264  2.442  2.591  0.145  -0.395  -0.488  -6.417  -7.406  -8.025  0.849  1.188  0.337  0.183  0.338  0.157  0.977  1.465  0.487  0.247  0.286  0.038  208.0
1.322  1.315  41.933  -0.725  -2.281  -3.392  -4.086  -4.283  -3.558  0.694  0.891  0.197  -4.821  -5.68  -6.009  2.256  2.432  2.58  0.19  -0.347  -0.438  -6.417  -7.406  -8.025  0.851  1.188  0.339  0.181  0.335  0.156  0.978  1.466  0.488  0.247  0.286  0.038  207.0
1.322  1.315  44.612  -0.781  -2.372  -3.5  -4.203  -4.405  -3.669  0.703  0.905  0.202  -4.82  -5.667  -5.992  2.258  2.435  2.584  0.145  -0.395  -0.488  -6.417  -7.406  -8.025  0.849  1.188  0.337  0.182  0.337  0.157  0.977  1.465  0.487  0.247  0.286  0.038  208.0
1.322  1.314  47.321  -0.833  -2.459  -3.605  -4.316  -4.523  -3.776  0.711  0.918  0.207  -4.83  -5.681  -6.022  2.251  2.427  2.576  0.235  -0.298  -0.389  -6.417  -7.406  -8.025  0.852  1.19  0.34  0.182  0.336  0.156  0.978  1.467  0.489  0.247  0.286  0.038  206.0
1.322  1.314  50.229  -0.884  -2.546  -3.709  -4.429  -4.641  -3.882  0.72  0.932  0.212  -4.844  -5.695  -6.046  2.241  2.416  2.564  0.325  -0.201  -0.29  -6.417  -7.406  -8.025  0.853  1.198  0.344  0.181  0.335  0.156  0.979  1.47  0.49  0.247  0.286  0.038  204.0
1.322  1.314  53.34  -0.928  -2.634  -3.816  -4.544  -4.76  -3.991  0.728  0.944  0.216  -4.862  -5.724  -6.076  2.234  2.41  2.557  0.415  -0.104  -0.191  -6.417  -7.406  -8.025  0.854  1.204  0.348  0.181  0.334  0.155  0.98  1.472  0.491  0.247  0.286  0.038  202.0
1.322  1.313  56.605  -0.969  -2.718  -3.918  -4.655  -4.877  -4.096  0.737  0.959  0.222  -4.972  -5.837  -6.201  2.25  2.426  2.573  0.506  -0.008  -0.093  -6.417  -7.406  -8.025  0.859  1.216  0.357  0.182  0.335  0.155  0.984  1.479  0.495  0.247  0.286  0.038  194.0
1.322  1.312  59.973  -1.007  -2.8  -4.019  -4.765  -4.992  -4.199  0.746  0.973  0.227  -4.998  -5.864  -6.227  2.255  2.432  2.578  0.519  0.006  -0.079  -6.417  -7.406  -8.025  0.86  1.217  0.359  0.183  0.335  0.155  0.985  1.481  0.496  0.247  0.286  0.038  192.0
1.322  1.312  63.717  -1.031  -2.882  -4.125  -4.878  -5.11  -4.307  0.753  0.985  0.232  -4.996  -5.858  -6.218  2.291  2.47  2.617  0.794  0.298  0.212  -6.417  -7.406  -8.025  0.86  1.217  0.358  0.185  0.339  0.156  0.984  1.48  0.496  0.247  0.286  0.038  193.0
1.322  1.311  68.447  -1.056  -2.98  -4.25  -5.013  -5.252  -4.434  0.763  1.002  0.239  -4.996  -5.858  -6.218  2.291  2.47  2.617  0.794  0.298  0.212  -6.417  -7.406  -8.025  0.86  1.217  0.358  0.185  0.339  0.156  0.984  1.48  0.496  0.247  0.286  0.038  193.0
1.322  1.31  73.613  -1.067  -3.074  -4.377  -5.148  -5.394  -4.564  0.771  1.017  0.246  -4.944  -5.799  -6.148  2.33  2.513  2.662  1.106  0.626  0.542  -6.417  -7.406  -8.025  0.857  1.214  0.354  0.189  0.344  0.158  0.983  1.477  0.494  0.239  0.277  0.038  196.0
1.322  1.309  79.023  -1.064  -3.164  -4.501  -5.282  -5.534  -4.69  0.781  1.033  0.252  -4.947  -5.816  -6.184  2.325  2.508  2.657  1.108  0.626  0.543  -6.417  -7.406  -8.025  0.858  1.215  0.355  0.189  0.344  0.157  0.983  1.478  0.495  0.239  0.277  0.038  195.0
1.322  1.308  84.831  -1.053  -3.251  -4.624  -5.413  -5.673  -4.815  0.789  1.049  0.26  -4.947  -5.816  -6.184  2.33  2.513  2.662  1.108  0.626  0.543  -6.417  -7.406  -8.025  0.858  1.215  0.355  0.189  0.344  0.157  0.983  1.478  0.495  0.239  0.277  0.038  195.0
1.322  1.306  90.961  -1.018  -3.33  -4.746  -5.543  -5.811  -4.94  0.797  1.065  0.268  -4.996  -5.858  -6.218  2.302  2.482  2.63  0.794  0.298  0.212  -6.417  -7.406  -8.025  0.86  1.217  0.358  0.186  0.34  0.156  0.984  1.48  0.496  0.239  0.277  0.038  193.0
1.322  1.305  97.579  -0.979  -3.407  -4.866  -5.673  -5.948  -5.062  0.807  1.082  0.275  -4.996  -5.858  -6.218  2.302  2.482  2.63  0.794  0.298  0.212  -6.417  -7.406  -8.025  0.86  1.217  0.358  0.186  0.34  0.156  0.984  1.48  0.496  0.239  0.277  0.038  193.0
1.322  1.303  104.557  -0.91  -3.469  -4.986  -5.799  -6.081  -5.184  0.813  1.095  0.282  -5.0  -5.869  -6.236  2.294  2.475  2.622  0.844  0.352  0.266  -6.417  -7.406  -8.025  0.86  1.218  0.36  0.187  0.34  0.156  0.985  1.481  0.496  0.239  0.277  0.038  191.0
1.322  1.301  112.087  -0.828  -3.531  -5.107  -5.927  -6.218  -5.307  0.82  1.111  0.291  -5.0  -5.869  -6.236  2.294  2.475  2.622  0.844  0.352  0.266  -6.417  -7.406  -8.025  0.86  1.218  0.36  0.187  0.34  0.156  0.985  1.481  0.496  0.239  0.277  0.038  191.0
1.322  1.299  120.02  -0.721  -3.577  -5.225  -6.051  -6.35  -5.426  0.826  1.125  0.299  -5.0  -5.869  -6.236  2.294  2.475  2.622  0.844  0.352  0.266  -6.417  -7.406  -8.025  0.86  1.218  0.36  0.187  0.34  0.156  0.985  1.481  0.496  0.239  0.277  0.038  191.0
1.322  1.297  128.575  -0.602  -3.617  -5.344  -6.175  -6.483  -5.547  0.831  1.139  0.308  -5.004  -5.874  -6.242  2.297  2.478  2.625  0.87  0.379  0.293  -6.417  -7.406  -8.025  0.861  1.219  0.36  0.187  0.341  0.156  0.985  1.482  0.497  0.239  0.277  0.038  190.0
1.322  1.294  137.422  -0.454  -3.635  -5.459  -6.295  -6.612  -5.663  0.836  1.153  0.317  -4.998  -5.864  -6.227  2.328  2.513  2.662  1.113  0.628  0.547  -6.417  -7.406  -8.025  0.86  1.217  0.359  0.191  0.346  0.157  0.985  1.481  0.496  0.236  0.273  0.037  192.0
1.322  1.291  146.405  -0.293  -3.638  -5.567  -6.408  -6.734  -5.772  0.841  1.167  0.326  -4.996  -5.858  -6.218  2.359  2.547  2.696  1.219  0.772  0.706  -6.417  -7.406  -8.025  0.86  1.217  0.358  0.194  0.349  0.158  0.984  1.48  0.496  0.236  0.273  0.037  193.0
1.322  1.289  152.917  -0.169  -3.633  -5.641  -6.485  -6.818  -5.847  0.844  1.177  0.333  -4.996  -5.858  -6.218  2.359  2.547  2.696  1.219  0.772  0.706  -6.417  -7.406  -8.025  0.86  1.217  0.358  0.194  0.349  0.158  0.984  1.48  0.496  0.236  0.273  0.037  193.0
1.323  1.29  11.173  0.766  -0.311  -1.089  -1.602  -1.707  -1.209  0.513  0.618  0.105  -5.009  -5.88  -6.248  2.432  2.625  2.776  1.513  1.088  1.021  -6.417  -7.406  -8.025  0.862  1.22  0.36  0.199  0.356  0.16  0.986  1.483  0.497  0.236  0.273  0.037  189.0
1.323  1.29  11.24  0.756  -0.323  -1.103  -1.616  -1.721  -1.223  0.513  0.618  0.105  -5.09  -5.962  -6.338  2.512  2.71  2.865  1.465  1.152  1.079  -6.417  -7.406  -8.025  0.864  1.23  0.367  0.204  0.365  0.164  0.989  1.489  0.501  0.236  0.273  0.037  182.0
1.323  1.29  11.242  0.754  -0.324  -1.103  -1.616  -1.72  -1.223  0.513  0.617  0.104  -1.052  -1.605  -1.7  1.299  1.402  1.422  2.018  1.776  1.738  -1.987  -2.635  -2.746  0.547  0.639  0.086  0.12  0.145  0.025  0.647  0.767  0.127  0.236  0.273  0.037  57.0
1.324  1.291  11.214  0.755  -0.321  -1.099  -1.611  -1.715  -1.219  0.512  0.616  0.104  -1.056  -1.611  -1.704  1.272  1.375  1.395  1.984  1.747  1.71  -2.209  -2.868  -2.988  0.547  0.64  0.091  0.119  0.144  0.026  0.656  0.781  0.13  0.236  0.273  0.037  56.0
1.324  1.291  11.167  0.756  -0.318  -1.095  -1.606  -1.71  -1.214  0.511  0.615  0.104  -1.055  -1.609  -1.704  1.255  1.356  1.377  1.97  1.73  1.692  -2.318  -2.981  -3.107  0.547  0.641  0.094  0.117  0.143  0.027  0.666  0.801  0.136  0.236  0.273  0.037  57.0
1.324  1.291  11.139  0.757  -0.315  -1.09  -1.6  -1.704  -1.209  0.51  0.614  0.104  -1.213  -1.711  -1.781  1.271  1.38  1.404  1.97  1.73  1.692  -2.538  -3.21  -3.347  0.548  0.642  0.094  0.122  0.151  0.03  0.681  0.825  0.144  0.236  0.273  0.037  57.0
1.325  1.292  11.111  0.758  -0.312  -1.086  -1.595  -1.699  -1.205  0.509  0.613  0.104  -1.236  -1.721  -1.791  1.365  1.479  1.505  1.979  1.743  1.706  -2.646  -3.323  -3.464  0.547  0.642  0.094  0.127  0.158  0.033  0.685  0.834  0.149  0.236  0.273  0.037  59.0
1.325  1.292  11.083  0.759  -0.31  -1.082  -1.59  -1.694  -1.201  0.508  0.612  0.104  -1.283  -1.778  -1.856  1.358  1.472  1.502  1.961  1.717  1.678  -2.968  -3.66  -3.82  0.552  0.643  0.094  0.124  0.16  0.038  0.694  0.863  0.17  0.236  0.273  0.037  62.0
1.325  1.292  11.05  0.76  -0.307  -1.079  -1.585  -1.689  -1.197  0.506  0.61  0.104  -1.332  -1.856  -1.928  1.355  1.452  1.487  1.485  1.141  1.089  -3.181  -3.888  -4.059  0.564  0.649  0.095  0.11  0.15  0.043  0.708  0.905  0.198  0.241  0.279  0.038  67.0
1.325  1.293  11.027  0.761  -0.305  -1.076  -1.582  -1.685  -1.194  0.506  0.609  0.103  -1.502  -2.151  -2.241  1.393  1.497  1.539  1.479  1.09  1.028  -3.507  -4.265  -4.506  0.597  0.688  0.095  0.115  0.163  0.051  0.734  0.951  0.221  0.241  0.279  0.038  73.0
1.326  1.293  10.999  0.761  -0.304  -1.073  -1.578  -1.682  -1.191  0.505  0.609  0.104  -1.979  -2.646  -2.775  1.581  1.694  1.749  1.482  1.017  0.941  -4.269  -5.078  -5.363  0.663  0.794  0.129  0.122  0.182  0.064  0.784  1.037  0.258  0.241  0.279  0.038  82.0
1.326  1.293  10.989  0.76  -0.303  -1.071  -1.576  -1.679  -1.189  0.505  0.608  0.103  -2.31  -2.889  -3.051  1.647  1.764  1.837  0.852  0.347  0.269  -5.388  -6.255  -6.632  0.672  0.809  0.137  0.126  0.206  0.084  0.84  1.164  0.324  0.27  0.312  0.042  107.0
1.326  1.294  10.961  0.76  -0.302  -1.07  -1.574  -1.677  -1.188  0.504  0.607  0.103  -2.426  -3.07  -3.202  1.904  2.041  2.126  1.455  1.011  0.935  -5.736  -6.624  -7.031  0.683  0.831  0.148  0.144  0.236  0.096  0.878  1.212  0.356  0.27  0.312  0.042  122.0
1.327  1.294  10.951  0.759  -0.302  -1.069  -1.572  -1.675  -1.186  0.503  0.606  0.103  -2.431  -3.097  -3.218  1.93  2.07  2.155  1.489  1.149  1.101  -5.736  -6.624  -7.031  0.677  0.818  0.141  0.147  0.239  0.096  0.877  1.211  0.355  0.27  0.312  0.042  123.0
1.327  1.294  10.951  0.758  -0.302  -1.069  -1.572  -1.675  -1.186  0.503  0.606  0.103  -2.445  -3.082  -3.196  1.926  2.065  2.15  1.487  1.142  1.092  -5.736  -6.624  -7.031  0.655  0.774  0.124  0.147  0.239  0.096  0.877  1.211  0.355  0.27  0.312  0.042  124.0
1.327  1.294  10.946  0.758  -0.302  -1.069  -1.572  -1.675  -1.186  0.503  0.606  0.103  -2.459  -3.12  -3.218  1.918  2.057  2.142  1.486  1.135  1.084  -5.736  -6.624  -7.031  0.637  0.74  0.11  0.146  0.238  0.096  0.877  1.21  0.354  0.27  0.312  0.042  125.0
1.327  1.295  10.936  0.757  -0.302  -1.068  -1.571  -1.674  -1.185  0.503  0.606  0.103  -2.534  -3.18  -3.318  1.872  2.007  2.09  1.405  0.966  0.893  -5.736  -6.624  -7.031  0.628  0.735  0.11  0.142  0.234  0.096  0.876  1.21  0.354  0.295  0.341  0.045  126.0
1.327  1.295  10.943  0.755  -0.303  -1.069  -1.57  -1.673  -1.186  0.501  0.604  0.103  -2.608  -3.231  -3.338  1.9  2.033  2.114  1.355  0.921  0.851  -5.736  -6.624  -7.031  0.628  0.735  0.11  0.141  0.231  0.095  0.875  1.208  0.352  0.295  0.341  0.045  130.0
1.328  1.295  10.938  0.753  -0.304  -1.069  -1.571  -1.673  -1.186  0.502  0.604  0.102  -3.866  -4.616  -4.819  1.948  2.092  2.164  0.681  0.197  0.121  -5.927  -6.872  -7.152  0.76  0.958  0.186  0.15  0.228  0.085  0.918  1.21  0.327  0.295  0.341  0.045  180.0
1.328  1.296  10.946  0.751  -0.306  -1.071  -1.572  -1.674  -1.188  0.501  0.603  0.102  -4.618  -5.426  -5.629  2.027  2.184  2.263  0.26  -0.276  -0.367  -6.303  -7.288  -7.648  0.809  1.011  0.204  0.162  0.247  0.09  0.97  1.289  0.348  0.295  0.341  0.045  212.0
1.328  1.296  10.941  0.75  -0.307  -1.072  -1.573  -1.675  -1.189  0.501  0.603  0.102  -4.639  -5.455  -5.694  2.04  2.202  2.282  -0.046  -0.588  -0.679  -6.303  -7.288  -7.648  0.81  1.011  0.198  0.166  0.252  0.091  0.971  1.29  0.349  0.295  0.341  0.045  205.0
1.328  1.296  10.941  0.749  -0.308  -1.072  -1.573  -1.676  -1.189  0.501  0.604  0.103  -4.65  -5.458  -5.708  2.039  2.2  2.28  -0.04  -0.582  -0.673  -6.303  -7.288  -7.648  0.81  1.011  0.198  0.165  0.251  0.091  0.971  1.29  0.35  0.295  0.341  0.045  204.0
1.329  1.296  10.966  0.746  -0.311  -1.075  -1.576  -1.679  -1.192  0.501  0.604  0.103  -4.626  -5.433  -5.626  2.106  2.268  2.344  0.231  -0.309  -0.402  -6.303  -7.288  -7.648  0.8  0.988  0.188  0.166  0.247  0.085  0.972  1.292  0.329  0.295  0.341  0.045  189.0
1.329  1.297  10.979  0.742  -0.314  -1.079  -1.58  -1.682  -1.196  0.501  0.603  0.102  -4.389  -5.153  -5.324  2.093  2.254  2.326  0.478  -0.057  -0.151  -6.303  -7.288  -7.648  0.765  0.935  0.171  0.165  0.241  0.078  0.972  1.29  0.318  0.231  0.265  0.034  181.0
1.329  1.297  10.979  0.742  -0.315  -1.079  -1.58  -1.683  -1.196  0.501  0.604  0.103  -4.373  -5.138  -5.308  2.114  2.277  2.349  0.54  0.048  -0.029  -6.303  -7.288  -7.648  0.764  0.935  0.171  0.166  0.243  0.078  0.972  1.29  0.318  0.231  0.265  0.034  183.0
1.329  1.297  11.009  0.738  -0.319  -1.084  -1.585  -1.688  -1.201  0.501  0.604  0.103  -4.372  -5.146  -5.316  2.123  2.285  2.357  0.59  0.072  -0.016  -6.303  -7.288  -7.648  0.77  0.95  0.179  0.166  0.242  0.077  0.972  1.29  0.318  0.23  0.263  0.033  186.0
1.33  1.297  11.04  0.733  -0.325  -1.091  -1.592  -1.695  -1.208  0.501  0.604  0.103  -4.447  -5.226  -5.412  2.146  2.31  2.381  0.616  0.094  0.005  -6.303  -7.288  -7.648  0.787  0.97  0.185  0.168  0.242  0.076  0.971  1.288  0.317  0.23  0.263  0.033  198.0
1.33  1.298  11.088  0.727  -0.332  -1.098  -1.6  -1.703  -1.215  0.502  0.605  0.103  -4.397  -5.169  -5.376  2.077  2.238  2.307  0.481  -0.051  -0.144  -6.303  -7.288  -7.648  0.793  0.996  0.192  0.164  0.236  0.075  0.971  1.288  0.317  0.23  0.263  0.033  200.0
1.33  1.298  11.149  0.719  -0.341  -1.108  -1.61  -1.713  -1.225  0.502  0.605  0.103  -5.049  -5.912  -6.196  1.978  2.129  2.224  -0.578  -1.152  -1.25  -6.566  -7.526  -8.012  0.871  1.132  0.255  0.153  0.252  0.109  0.961  1.361  0.43  0.23  0.263  0.033  304.0
1.331  1.299  11.222  0.71  -0.352  -1.12  -1.624  -1.727  -1.238  0.504  0.607  0.103  -4.732  -5.582  -5.868  2.212  2.376  2.495  0.499  -0.022  -0.109  -6.566  -7.526  -8.012  0.85  1.117  0.271  0.166  0.288  0.126  0.934  1.372  0.438  0.23  0.263  0.033  215.0
1.331  1.299  11.307  0.7  -0.364  -1.134  -1.639  -1.742  -1.252  0.505  0.608  0.103  -4.741  -5.597  -5.888  2.201  2.364  2.483  0.45  -0.064  -0.15  -6.566  -7.526  -8.012  0.851  1.133  0.276  0.165  0.286  0.126  0.934  1.373  0.439  0.23  0.263  0.033  211.0
1.331  1.299  11.412  0.689  -0.378  -1.15  -1.656  -1.759  -1.268  0.506  0.609  0.103  -4.815  -5.678  -5.929  2.217  2.38  2.499  0.4  -0.107  -0.19  -6.566  -7.526  -8.012  0.856  1.136  0.279  0.166  0.287  0.126  0.934  1.374  0.44  0.23  0.263  0.033  207.0
1.332  1.3  11.531  0.675  -0.395  -1.168  -1.676  -1.78  -1.287  0.508  0.612  0.104  -4.949  -5.812  -6.114  2.285  2.455  2.575  0.637  0.163  0.09  -6.566  -7.526  -8.012  0.868  1.157  0.297  0.172  0.294  0.127  0.936  1.377  0.441  0.23  0.263  0.033  194.0
1.332  1.3  11.699  0.657  -0.417  -1.193  -1.703  -1.808  -1.312  0.51  0.615  0.105  -5.012  -5.885  -6.18  2.294  2.464  2.585  0.67  0.206  0.134  -6.566  -7.526  -8.012  0.871  1.172  0.304  0.172  0.294  0.127  0.936  1.377  0.441  0.23  0.263  0.033  188.0
1.332  1.3  11.922  0.633  -0.447  -1.228  -1.741  -1.846  -1.348  0.513  0.618  0.105  -5.054  -5.924  -6.248  2.34  2.511  2.636  0.44  -0.051  -0.127  -6.566  -7.526  -8.012  0.876  1.184  0.312  0.173  0.299  0.13  0.937  1.378  0.441  0.245  0.281  0.036  180.0
1.333  1.301  12.327  0.592  -0.499  -1.288  -1.807  -1.913  -1.409  0.519  0.625  0.106  -5.166  -6.042  -6.363  2.348  2.517  2.645  0.296  -0.206  -0.284  -6.566  -7.526  -8.012  0.877  1.199  0.322  0.171  0.301  0.132  0.937  1.378  0.441  0.334  0.388  0.054  162.0
1.333  1.301  13.045  0.521  -0.588  -1.389  -1.917  -2.025  -1.513  0.528  0.636  0.108  -5.044  -5.924  -6.248  2.683  2.875  3.025  0.943  0.481  0.409  -6.566  -7.526  -8.012  0.879  1.204  0.324  0.194  0.345  0.153  0.94  1.39  0.451  0.334  0.388  0.054  114.0
1.333  1.301  13.866  0.447  -0.682  -1.497  -2.036  -2.146  -1.623  0.539  0.649  0.11  -1.009  -1.576  -1.682  0.913  0.959  0.968  1.53  1.167  1.112  -1.143  -1.65  -1.725  0.524  0.608  0.084  0.062  0.077  0.015  0.58  0.681  0.107  0.334  0.388  0.054  46.0
1.333  1.301  14.779  0.368  -0.781  -1.611  -2.16  -2.272  -1.74  0.549  0.661  0.112  -1.009  -1.577  -1.683  0.888  0.929  0.937  1.528  1.147  1.087  -1.143  -1.65  -1.725  0.524  0.608  0.084  0.058  0.072  0.015  0.579  0.678  0.107  0.334  0.388  0.054  43.0
1.333  1.301  15.651  0.298  -0.87  -1.713  -2.27  -2.385  -1.844  0.557  0.672  0.115  -1.009  -1.577  -1.683  0.888  0.929  0.937  1.528  1.147  1.087  -1.143  -1.65  -1.725  0.524  0.608  0.084  0.058  0.072  0.015  0.579  0.678  0.107  0.334  0.388  0.054  43.0
1.333  1.301  16.629  0.226  -0.964  -1.82  -2.388  -2.504  -1.954  0.568  0.684  0.116  -1.009  -1.577  -1.683  0.888  0.929  0.937  1.528  1.147  1.087  -1.143  -1.65  -1.725  0.524  0.608  0.084  0.058  0.072  0.015  0.579  0.678  0.107  0.334  0.388  0.054  43.0
1.333  1.301  17.667  0.152  -1.058  -1.928  -2.506  -2.625  -2.064  0.578  0.697  0.119  -1.009  -1.577  -1.683  0.888  0.929  0.937  1.528  1.147  1.087  -1.143  -1.65  -1.725  0.524  0.608  0.084  0.058  0.072  0.015  0.579  0.678  0.107  0.334  0.388  0.054  43.0
1.333  1.301  18.709  0.082  -1.148  -2.031  -2.618  -2.739  -2.17  0.587  0.708  0.121  -1.009  -1.577  -1.683  0.888  0.929  0.937  1.528  1.147  1.087  -1.143  -1.65  -1.725  0.524  0.608  0.084  0.058  0.072  0.015  0.579  0.678  0.107  0.334  0.388  0.054  43.0
1.333  1.301  18.822  0.075  -1.157  -2.042  -2.63  -2.751  -2.181  0.588  0.709  0.121  -1.01  -1.577  -1.684  0.883  0.923  0.931  1.525  1.138  1.077  -1.143  -1.65  -1.725  0.524  0.607  0.084  0.057  0.071  0.015  0.579  0.678  0.107  0.334  0.388  0.054  44.0
1.333  1.301  18.843  0.074  -1.158  -2.043  -2.631  -2.752  -2.182  0.588  0.709  0.121  -1.01  -1.577  -1.684  0.883  0.923  0.931  1.525  1.138  1.077  -1.143  -1.65  -1.725  0.524  0.607  0.084  0.057  0.071  0.015  0.579  0.678  0.107  0.334  0.388  0.054  44.0
1.333  1.301  20.098  -0.005  -1.256  -2.156  -2.75  -2.876  -2.296  0.594  0.72  0.126  -1.01  -1.577  -1.684  0.883  0.923  0.931  1.525  1.138  1.077  -1.143  -1.65  -1.725  0.524  0.607  0.084  0.057  0.071  0.015  0.579  0.678  0.107  0.334  0.388  0.054  44.0
1.333  1.301  21.343  -0.079  -1.348  -2.261  -2.861  -2.991  -2.403  0.6  0.73  0.13  -1.01  -1.577  -1.684  0.883  0.923  0.931  1.525  1.138  1.077  -1.143  -1.65  -1.725  0.524  0.607  0.084  0.057  0.071  0.015  0.579  0.678  0.107  0.334  0.388  0.054  44.0
1.333  1.301  22.556  -0.148  -1.432  -2.358  -2.963  -3.098  -2.501  0.605  0.74  0.135  -1.01  -1.577  -1.684  0.883  0.923  0.931  1.525  1.138  1.077  -1.143  -1.65  -1.725  0.524  0.607  0.084  0.057  0.071  0.015  0.579  0.678  0.107  0.334  0.388  0.054  44.0
1.333  1.301  21.045  -0.064  -1.328  -2.237  -2.836  -2.965  -2.379  0.599  0.728  0.129  -1.01  -1.577  -1.684  0.883  0.923  0.931  1.525  1.138  1.077  -1.143  -1.65  -1.725  0.524  0.607  0.084  0.057  0.071  0.015  0.579  0.678  0.107  0.334  0.388  0.054  44.0
1.333  1.301  19.937  0.004  -1.245  -2.142  -2.736  -2.861  -2.282  0.594  0.719  0.125  -1.011  -1.578  -1.684  0.895  0.936  0.944  1.518  1.119  1.055  -1.143  -1.666  -1.772  0.524  0.606  0.083  0.057  0.071  0.015  0.586  0.686  0.107  0.334  0.388  0.054  46.0
1.333  1.301  21.021  -0.061  -1.325  -2.235  -2.833  -2.963  -2.376  0.598  0.728  0.13  -1.011  -1.578  -1.684  0.918  0.964  0.973  1.536  1.161  1.104  -1.143  -1.666  -1.772  0.523  0.606  0.083  0.061  0.076  0.016  0.586  0.686  0.107  0.334  0.388  0.054  46.0
1.334  1.301  22.483  -0.143  -1.427  -2.353  -2.957  -3.091  -2.496  0.604  0.738  0.134  -1.015  -1.582  -1.688  0.908  0.952  0.961  1.535  1.159  1.101  -1.143  -1.666  -1.772  0.523  0.606  0.083  0.06  0.075  0.016  0.585  0.685  0.107  0.334  0.388  0.054  48.0
1.334  1.3  23.991  -0.222  -1.525  -2.466  -3.076  -3.216  -2.61  0.61  0.75  0.14  -1.015  -1.582  -1.688  0.908  0.955  0.965  1.535  1.159  1.101  -1.183  -1.794  -1.903  0.538  0.629  0.09  0.062  0.077  0.016  0.593  0.696  0.107  0.334  0.388  0.054  48.0
1.334  1.3  25.589  -0.301  -1.621  -2.577  -3.194  -3.34  -2.723  0.617  0.763  0.146  -1.018  -1.584  -1.691  0.927  0.975  0.985  1.536  1.161  1.104  -1.183  -1.794  -1.903  0.523  0.606  0.083  0.062  0.078  0.016  0.593  0.696  0.107  0.334  0.388  0.054  46.0
1.334  1.299  27.293  -0.378  -1.716  -2.689  -3.311  -3.463  -2.837  0.622  0.774  0.152  -1.023  -1.589  -1.696  1.02  1.075  1.086  1.673  1.326  1.27  -1.183  -1.794  -1.903  0.522  0.604  0.083  0.068  0.084  0.017  0.593  0.696  0.107  0.334  0.388  0.054  48.0
1.334  1.299  29.077  -0.453  -1.811  -2.799  -3.428  -3.586  -2.948  0.629  0.787  0.158  -1.023  -1.589  -1.696  1.021  1.075  1.086  1.673  1.326  1.27  -1.183  -1.794  -1.903  0.521  0.604  0.083  0.068  0.084  0.017  0.593  0.696  0.107  0.334  0.388  0.054  48.0
1.334  1.298  31.014  -0.529  -1.904  -2.909  -3.544  -3.708  -3.06  0.635  0.799  0.164  -1.023  -1.589  -1.696  1.02  1.078  1.089  1.673  1.326  1.27  -1.301  -1.92  -2.032  0.522  0.604  0.083  0.07  0.087  0.017  0.6  0.706  0.108  0.334  0.388  0.054  48.0
1.334  1.298  33.041  -0.602  -1.996  -3.018  -3.658  -3.83  -3.17  0.64  0.812  0.172  -1.023  -1.589  -1.696  1.02  1.078  1.089  1.673  1.326  1.27  -1.301  -1.92  -2.032  0.522  0.604  0.083  0.07  0.087  0.017  0.6  0.706  0.108  0.334  0.388  0.054  48.0
1.334  1.297  35.185  -0.669  -2.089  -3.127  -3.776  -3.953  -3.282  0.649  0.826  0.177  -1.03  -1.596  -1.702  1.038  1.093  1.104  1.673  1.326  1.27  -1.301  -1.92  -2.032  0.521  0.604  0.083  0.069  0.085  0.017  0.6  0.706  0.108  0.334  0.388  0.054  48.0
1.334  1.296  37.476  -0.73  -2.182  -3.238  -3.897  -4.079  -3.395  0.659  0.841  0.182  -1.03  -1.596  -1.702  1.038  1.093  1.104  1.673  1.326  1.27  -1.301  -1.92  -2.032  0.521  0.604  0.083  0.069  0.085  0.017  0.6  0.706  0.108  0.334  0.388  0.054  48.0
1.334  1.295  40.073  -0.782  -2.272  -3.348  -4.02  -4.208  -3.508  0.672  0.86  0.188  -1.038  -1.606  -1.704  0.989  1.039  1.049  1.616  1.269  1.213  -1.301  -1.92  -2.032  0.521  0.604  0.083  0.065  0.081  0.017  0.6  0.706  0.108  0.334  0.388  0.054  48.0
1.334  1.294  42.506  -0.795  -2.334  -3.436  -4.123  -4.318  -3.6  0.687  0.882  0.195  -1.038  -1.606  -1.704  0.989  1.039  1.049  1.616  1.269  1.213  -1.301  -1.92  -2.032  0.521  0.604  0.083  0.065  0.081  0.017  0.6  0.706  0.108  0.334  0.388  0.054  48.0
1.334  1.293  45.212  -0.85  -2.424  -3.544  -4.241  -4.441  -3.711  0.697  0.897  0.2  -1.038  -1.606  -1.704  0.989  1.039  1.049  1.616  1.269  1.213  -1.301  -1.92  -2.032  0.521  0.604  0.083  0.065  0.081  0.017  0.6  0.706  0.108  0.334  0.388  0.054  48.0
1.334  1.292  48.19  -0.902  -2.515  -3.654  -4.36  -4.565  -3.823  0.706  0.911  0.205  -1.054  -1.621  -1.706  0.947  0.993  1.003  1.61  1.254  1.196  -1.419  -2.046  -2.16  0.522  0.605  0.084  0.063  0.078  0.016  0.608  0.716  0.109  0.334  0.388  0.054  49.0
1.334  1.29  51.222  -0.952  -2.603  -3.761  -4.477  -4.687  -3.933  0.716  0.926  0.21  -1.054  -1.621  -1.706  0.947  0.993  1.003  1.61  1.254  1.196  -1.419  -2.046  -2.16  0.522  0.605  0.084  0.063  0.078  0.016  0.608  0.716  0.109  0.334  0.388  0.054  49.0
1.334  1.289  54.532  -0.993  -2.69  -3.868  -4.593  -4.81  -4.042  0.725  0.942  0.217  -1.054  -1.621  -1.706  0.947  0.993  1.003  1.61  1.254  1.196  -1.419  -2.046  -2.16  0.522  0.605  0.084  0.063  0.078  0.016  0.608  0.716  0.109  0.334  0.388  0.054  49.0
1.334  1.286  58.137  -1.032  -2.778  -3.978  -4.713  -4.935  -4.155  0.735  0.957  0.222  -1.054  -1.622  -1.708  0.929  0.977  0.987  1.628  1.28  1.224  -1.419  -2.046  -2.16  0.521  0.604  0.083  0.064  0.079  0.017  0.609  0.717  0.109  0.334  0.388  0.054  46.0
1.334  1.284  62.353  -1.067  -2.873  -4.098  -4.844  -5.073  -4.278  0.746  0.975  0.229  -1.054  -1.622  -1.708  0.929  0.977  0.987  1.628  1.28  1.224  -1.419  -2.046  -2.16  0.521  0.604  0.083  0.064  0.079  0.017  0.609  0.717  0.109  0.334  0.388  0.054  46.0
1.334  1.281  67.477  -1.088  -2.977  -4.235  -4.991  -5.228  -4.418  0.756  0.993  0.237  -1.054  -1.622  -1.708  0.929  0.977  0.987  1.628  1.28  1.224  -1.419  -2.046  -2.16  0.521  0.604  0.083  0.064  0.079  0.017  0.609  0.717  0.109  0.334  0.388  0.054  46.0
1.334  1.279  72.469  -1.103  -3.069  -4.356  -5.123  -5.367  -4.542  0.767  1.011  0.244  -1.054  -1.622  -1.708  0.929  0.977  0.987  1.628  1.28  1.224  -1.419  -2.046  -2.16  0.521  0.604  0.083  0.064  0.079  0.017  0.609  0.717  0.109  0.334  0.388  0.054  46.0
1.334  1.278  77.492  -1.091  -3.15  -4.472  -5.247  -5.498  -4.66  0.775  1.026  0.251  -1.054  -1.622  -1.708  0.929  0.977  0.987  1.628  1.28  1.224  -1.419  -2.046  -2.16  0.521  0.604  0.083  0.064  0.079  0.017  0.609  0.717  0.109  0.334  0.388  0.054  46.0
1.334  1.276  82.843  -1.076  -3.23  -4.586  -5.371  -5.629  -4.776  0.785  1.043  0.258  -1.054  -1.622  -1.708  0.929  0.977  0.987  1.628  1.28  1.224  -1.419  -2.046  -2.16  0.521  0.604  0.083  0.064  0.079  0.017  0.609  0.717  0.109  0.334  0.388  0.054  46.0
1.334  1.274  88.523  -1.039  -3.301  -4.699  -5.492  -5.757  -4.891  0.793  1.058  0.265  -1.054  -1.622  -1.708  0.929  0.977  0.987  1.628  1.28  1.224  -1.419  -2.046  -2.16  0.521  0.604  0.083  0.064  0.079  0.017  0.609  0.717  0.109  0.334  0.388  0.054  46.0
1.334  1.271  94.985  -0.987  -3.374  -4.819  -5.622  -5.894  -5.014  0.803  1.075  0.272  -1.054  -1.622  -1.708  0.929  0.977  0.987  1.628  1.28  1.224  -1.419  -2.046  -2.16  0.521  0.604  0.083  0.064  0.079  0.017  0.609  0.717  0.109  0.334  0.388  0.054  46.0
1.334  1.268  100.706  -0.923  -3.426  -4.919  -5.728  -6.008  -5.116  0.809  1.089  0.28  -1.054  -1.622  -1.708  0.929  0.977  0.987  1.628  1.28  1.224  -1.419  -2.046  -2.16  0.521  0.604  0.083  0.064  0.079  0.017  0.609  0.717  0.109  0.334  0.388  0.054  46.0
1.334  1.264  107.24  -0.84  -3.475  -5.023  -5.84  -6.127  -5.222  0.817  1.104  0.287  -1.054  -1.622  -1.708  0.929  0.977  0.987  1.628  1.28  1.224  -1.419  -2.046  -2.16  0.521  0.604  0.083  0.064  0.079  0.017  0.609  0.717  0.109  0.334  0.388  0.054  46.0
1.334  1.262  111.367  -0.783  -3.505  -5.087  -5.909  -6.2  -5.287  0.822  1.113  0.291  -1.054  -1.622  -1.708  0.929  0.977  0.987  1.628  1.28  1.224  -1.419  -2.046  -2.16  0.521  0.604  0.083  0.064  0.079  0.017  0.609  0.717  0.109  0.334  0.388  0.054  46.0
1.334  1.26  114.355  -0.733  -3.519  -5.133  -5.956  -6.252  -5.334  0.823  1.119  0.296  -1.057  -1.623  -1.709  0.872  0.913  0.922  1.486  1.07  1.004  -1.419  -2.046  -2.16  0.522  0.604  0.084  0.057  0.072  0.016  0.609  0.717  0.109  0.354  0.412  0.058  46.0
1.334  1.26  114.355  -0.732  -3.519  -5.133  -5.956  -6.251  -5.334  0.823  1.118  0.295  -1.057  -1.623  -1.709  0.872  0.913  0.922  1.486  1.07  1.004  -1.419  -2.046  -2.16  0.522  0.604  0.084  0.057  0.072  0.016  0.609  0.717  0.109  0.354  0.412  0.058  46.0
1.334  1.259  113.803  -0.739  -3.516  -5.126  -5.949  -6.243  -5.327  0.823  1.117  0.294  -1.057  -1.623  -1.709  0.872  0.913  0.922  1.486  1.07  1.004  -1.419  -2.046  -2.16  0.522  0.604  0.084  0.057  0.072  0.016  0.609  0.717  0.109  0.354  0.412  0.058  46.0
1.334  1.259  115.148  -0.717  -3.522  -5.145  -5.969  -6.266  -5.346  0.824  1.121  0.297  -1.057  -1.623  -1.709  0.872  0.913  0.922  1.486  1.07  1.004  -1.419  -2.046  -2.16  0.522  0.604  0.084  0.057  0.072  0.016  0.609  0.717  0.109  0.354  0.412  0.058  46.0
1.334  1.259  116.508  -0.695  -3.528  -5.165  -5.99  -6.288  -5.366  0.825  1.123  0.298  -1.057  -1.623  -1.709  0.872  0.913  0.922  1.486  1.07  1.004  -1.419  -2.046  -2.16  0.522  0.604  0.084  0.057  0.072  0.016  0.609  0.717  0.109  0.354  0.412  0.058  46.0
1.334  1.258  117.938  -0.671  -3.533  -5.185  -6.011  -6.31  -5.386  0.826  1.125  0.299  -1.057  -1.623  -1.709  0.872  0.913  0.922  1.486  1.07  1.004  -1.419  -2.046  -2.16  0.522  0.604  0.084  0.057  0.072  0.016  0.609  0.717  0.109  0.354  0.412  0.058  46.0
1.334  1.258  115.866  -0.7  -3.523  -5.155  -5.98  -6.277  -5.356  0.825  1.122  0.297  -1.057  -1.623  -1.709  0.872  0.913  0.922  1.486  1.07  1.004  -1.419  -2.046  -2.16  0.522  0.604  0.084  0.057  0.072  0.016  0.609  0.717  0.109  0.354  0.412  0.058  46.0
1.334  1.256  104.726  -0.858  -3.451  -4.982  -5.797  -6.081  -5.18  0.815  1.099  0.284  -1.057  -1.623  -1.709  0.872  0.913  0.922  1.486  1.07  1.004  -1.419  -2.046  -2.16  0.522  0.604  0.084  0.057  0.072  0.016  0.609  0.717  0.109  0.354  0.412  0.058  46.0
1.334  1.256  107.215  -0.827  -3.471  -5.022  -5.839  -6.127  -5.221  0.817  1.105  0.288  -1.057  -1.623  -1.709  0.872  0.913  0.922  1.486  1.07  1.004  -1.419  -2.046  -2.16  0.522  0.604  0.084  0.057  0.072  0.016  0.609  0.717  0.109  0.354  0.412  0.058  46.0
1.334  1.256  110.498  -0.781  -3.494  -5.073  -5.894  -6.186  -5.273  0.821  1.113  0.292  -1.057  -1.623  -1.709  0.872  0.913  0.922  1.486  1.07  1.004  -1.419  -2.046  -2.16  0.522  0.604  0.084  0.057  0.072  0.016  0.609  0.717  0.109  0.354  0.412  0.058  46.0
1.334  1.256  110.396  -0.785  -3.495  -5.072  -5.893  -6.184  -5.272  0.821  1.112  0.291  -1.057  -1.623  -1.709  0.872  0.913  0.922  1.486  1.07  1.004  -1.419  -2.046  -2.16  0.522  0.604  0.084  0.057  0.072  0.016  0.609  0.717  0.109  0.354  0.412  0.058  46.0
1.334  1.256  109.46  -0.799  -3.489  -5.058  -5.878  -6.168  -5.258  0.82  1.11  0.29  -1.057  -1.623  -1.709  0.872  0.913  0.922  1.486  1.07  1.004  -1.419  -2.046  -2.16  0.522  0.604  0.084  0.057  0.072  0.016  0.609  0.717  0.109  0.354  0.412  0.058  46.0
1.334  1.256  109.108  -0.802  -3.486  -5.053  -5.872  -6.162  -5.252  0.819  1.109  0.29  -1.057  -1.623  -1.709  0.872  0.913  0.922  1.486  1.07  1.004  -1.419  -2.046  -2.16  0.522  0.604  0.084  0.057  0.072  0.016  0.609  0.717  0.109  0.354  0.412  0.058  46.0
1.334  1.256  110.447  -0.785  -3.495  -5.073  -5.894  -6.185  -5.273  0.821  1.112  0.291  -1.057  -1.623  -1.709  0.872  0.913  0.922  1.486  1.07  1.004  -1.419  -2.046  -2.16  0.522  0.604  0.084  0.057  0.072  0.016  0.609  0.717  0.109  0.354  0.412  0.058  46.0
1.334  1.256  114.83  -0.719  -3.518  -5.139  -5.963  -6.259  -5.34  0.824  1.12  0.296  -1.057  -1.623  -1.709  0.872  0.913  0.922  1.486  1.07  1.004  -1.419  -2.046  -2.16  0.522  0.604  0.084  0.057  0.072  0.016  0.609  0.717  0.109  0.354  0.412  0.058  46.0
1.334  1.256  115.015  -0.713  -3.519  -5.142  -5.966  -6.262  -5.343  0.824  1.12  0.296  -1.057  -1.623  -1.709  0.872  0.913  0.922  1.486  1.07  1.004  -1.419  -2.046  -2.16  0.522  0.604  0.084  0.057  0.072  0.016  0.609  0.717  0.109  0.354  0.412  0.058  46.0
1.334  1.256  114.513  -0.72  -3.516  -5.135  -5.959  -6.255  -5.336  0.824  1.12  0.296  -1.057  -1.623  -1.709  0.872  0.913  0.922  1.486  1.07  1.004  -1.419  -2.046  -2.16  0.522  0.604  0.084  0.057  0.072  0.016  0.609  0.717  0.109  0.354  0.412  0.058  46.0
1.334  1.256  115.068  -0.709  -3.518  -5.143  -5.967  -6.264  -5.344  0.824  1.121  0.297  -1.057  -1.623  -1.709  0.872  0.913  0.922  1.486  1.07  1.004  -1.419  -2.046  -2.16  0.522  0.604  0.084  0.057  0.072  0.016  0.609  0.717  0.109  0.354  0.412  0.058  46.0
1.334  1.255  124.611  -0.551  -3.556  -5.277  -6.109  -6.416  -5.48  0.832  1.139  0.307  -1.057  -1.623  -1.709  0.872  0.913  0.922  1.486  1.07  1.004  -1.419  -2.046  -2.16  0.522  0.604  0.084  0.057  0.072  0.016  0.609  0.717  0.109  0.354  0.412  0.058  46.0
1.334  1.255  130.905  -0.436  -3.567  -5.361  -6.196  -6.51  -5.565  0.835  1.149  0.314  -1.057  -1.623  -1.709  0.872  0.913  0.922  1.486  1.07  1.004  -1.419  -2.046  -2.16  0.522  0.604  0.084  0.057  0.072  0.016  0.609  0.717  0.109  0.354  0.412  0.058  46.0
1.334  1.254  136.287  -0.329  -3.567  -5.429  -6.267  -6.587  -5.634  0.838  1.158  0.32  -1.057  -1.623  -1.709  0.872  0.913  0.922  1.486  1.07  1.004  -1.419  -2.046  -2.16  0.522  0.604  0.084  0.057  0.072  0.016  0.609  0.717  0.109  0.354  0.412  0.058  46.0
1.334  1.254  141.369  -0.227  -3.565  -5.492  -6.333  -6.658  -5.697  0.841  1.166  0.325  -1.057  -1.623  -1.709  0.872  0.913  0.922  1.486  1.07  1.004  -1.419  -2.046  -2.16  0.522  0.604  0.084  0.057  0.072  0.016  0.609  0.717  0.109  0.354  0.412  0.058  46.0
1.334  1.253  146.776  -0.115  -3.559  -5.555  -6.398  -6.73  -5.761  0.843  1.175  0.332  -1.057  -1.623  -1.709  0.872  0.913  0.922  1.486  1.07  1.004  -1.419  -2.046  -2.16  0.522  0.604  0.084  0.057  0.072  0.016  0.609  0.717  0.109  0.354  0.412  0.058  46.0
1.334  1.252  152.952  0.044  -3.526  -5.623  -6.47  -6.808  -5.83  0.847  1.185  0.338  -1.057  -1.623  -1.709  0.872  0.913  0.922  1.486  1.07  1.004  -1.419  -2.046  -2.16  0.522  0.604  0.084  0.057  0.072  0.016  0.609  0.717  0.109  0.354  0.412  0.058  46.0
1.334  1.251  155.401  0.105  -3.513  -5.649  -6.496  -6.837  -5.856  0.847  1.188  0.341  -1.057  -1.623  -1.709  0.872  0.913  0.922  1.486  1.07  1.004  -1.419  -2.046  -2.16  0.522  0.604  0.084  0.057  0.072  0.016  0.609  0.717  0.109  0.354  0.412  0.058  46.0
1.334  1.251  155.401  0.105  -3.513  -5.649  -6.496  -6.837  -5.856  0.847  1.188  0.341  -1.057  -1.623  -1.709  0.872  0.913  0.922  1.486  1.07  1.004  -1.419  -2.046  -2.16  0.522  0.604  0.084  0.057  0.072  0.016  0.609  0.717  0.109  0.354  0.412  0.058  46.0
1.334  1.25  100.752  -0.867  -3.404  -4.91  -5.722  -6.003  -5.108  0.812  1.093  0.281  -1.057  -1.623  -1.709  0.872  0.913  0.922  1.486  1.07  1.004  -1.419  -2.046  -2.16  0.522  0.604  0.084  0.057  0.072  0.016  0.609  0.717  0.109  0.354  0.412  0.058  46.0
1.334  1.25  84.851  -1.038  -3.246  -4.623  -5.412  -5.673  -4.814  0.789  1.05  0.261  -1.057  -1.623  -1.709  0.872  0.913  0.922  1.486  1.07  1.004  -1.419  -2.046  -2.16  0.522  0.604  0.084  0.057  0.072  0.016  0.609  0.717  0.109  0.354  0.412  0.058  46.0
1.334  1.25  61.243  -1.11  -2.875  -4.083  -4.82  -5.045  -4.261  0.737  0.962  0.225  -1.057  -1.623  -1.709  0.872  0.913  0.922  1.486  1.07  1.004  -1.419  -2.046  -2.16  0.522  0.604  0.084  0.057  0.072  0.016  0.609  0.717  0.109  0.354  0.412  0.058  46.0
1.334  1.249  63.089  -1.113  -2.908  -4.129  -4.872  -5.1  -4.308  0.743  0.971  0.228  -1.057  -1.623  -1.709  0.872  0.913  0.922  1.486  1.07  1.004  -1.419  -2.046  -2.16  0.522  0.604  0.084  0.057  0.072  0.016  0.609  0.717  0.109  0.354  0.412  0.058  46.0
1.334  1.248  76.958  -1.076  -3.135  -4.457  -5.232  -5.483  -4.645  0.775  1.026  0.251  -1.057  -1.623  -1.709  0.872  0.913  0.922  1.486  1.07  1.004  -1.419  -2.046  -2.16  0.522  0.604  0.084  0.057  0.072  0.016  0.609  0.717  0.109  0.354  0.412  0.058  46.0
1.334  1.247  101.124  -0.835  -3.396  -4.913  -5.726  -6.008  -5.111  0.813  1.095  0.282  -1.057  -1.623  -1.709  0.872  0.913  0.922  1.486  1.07  1.004  -1.419  -2.046  -2.16  0.522  0.604  0.084  0.057  0.072  0.016  0.609  0.717  0.109  0.354  0.412  0.058  46.0
1.334  1.246  127.807  -0.4  -3.521  -5.31  -6.146  -6.459  -5.514  0.836  1.149  0.313  -1.057  -1.623  -1.709  0.872  0.913  0.922  1.486  1.07  1.004  -1.419  -2.046  -2.16  0.522  0.604  0.084  0.057  0.072  0.016  0.609  0.717  0.109  0.354  0.412  0.058  46.0
1.334  1.244  149.161  0.046  -3.495  -5.571  -6.418  -6.754  -5.778  0.847  1.183  0.336  -1.057  -1.623  -1.709  0.872  0.913  0.922  1.486  1.07  1.004  -1.419  -2.046  -2.16  0.522  0.604  0.084  0.057  0.072  0.016  0.609  0.717  0.109  0.354  0.412  0.058  46.0
1.334  1.242  162.09  0.35  -3.436  -5.709  -6.561  -6.911  -5.917  0.852  1.202  0.35  -1.057  -1.623  -1.709  0.872  0.913  0.922  1.486  1.07  1.004  -1.419  -2.046  -2.16  0.522  0.604  0.084  0.057  0.072  0.016  0.609  0.717  0.109  0.354  0.412  0.058  46.0
1.334  1.24  168.444  0.489  -3.404  -5.774  -6.629  -6.985  -5.983  0.855  1.211  0.356  -1.057  -1.623  -1.709  0.872  0.913  0.922  1.486  1.07  1.004  -1.419  -2.046  -2.16  0.522  0.604  0.084  0.057  0.072  0.016  0.609  0.717  0.109  0.354  0.412  0.058  46.0
1.334  1.238  171.378  0.485  -3.423  -5.807  -6.663  -7.019  -6.017  0.856  1.212  0.356  -1.057  -1.623  -1.709  0.872  0.913  0.922  1.486  1.07  1.004  -1.419  -2.046  -2.16  0.522  0.604  0.084  0.057  0.072  0.016  0.609  0.717  0.109  0.354  0.412  0.058  46.0
1.334  1.238  125.619  -0.362  -3.483  -5.273  -6.109  -6.422  -5.477  0.836  1.149  0.313  -1.057  -1.623  -1.709  0.872  0.913  0.922  1.486  1.07  1.004  -1.419  -2.046  -2.16  0.522  0.604  0.084  0.057  0.072  0.016  0.609  0.717  0.109  0.354  0.412  0.058  46.0
1.334  1.238  95.423  -0.84  -3.322  -4.806  -5.616  -5.893  -5.003  0.81  1.087  0.277  -1.057  -1.623  -1.709  0.872  0.913  0.922  1.486  1.07  1.004  -1.419  -2.046  -2.16  0.522  0.604  0.084  0.057  0.072  0.016  0.609  0.717  0.109  0.354  0.412  0.058  46.0
1.334  1.237  68.922  -1.054  -2.987  -4.261  -5.023  -5.264  -4.445  0.762  1.003  0.241  -1.057  -1.623  -1.709  0.872  0.913  0.922  1.486  1.07  1.004  -1.419  -2.046  -2.16  0.522  0.604  0.084  0.057  0.072  0.016  0.609  0.717  0.109  0.354  0.412  0.058  46.0
1.334  1.236  70.852  -1.05  -3.018  -4.306  -5.073  -5.317  -4.492  0.767  1.011  0.244  -1.057  -1.623  -1.709  0.872  0.913  0.922  1.486  1.07  1.004  -1.419  -2.046  -2.16  0.522  0.604  0.084  0.057  0.072  0.016  0.609  0.717  0.109  0.354  0.412  0.058  46.0
1.334  1.235  85.972  -0.939  -3.224  -4.63  -5.426  -5.692  -4.823  0.796  1.062  0.266  -1.057  -1.623  -1.709  0.872  0.913  0.922  1.486  1.07  1.004  -1.419  -2.046  -2.16  0.522  0.604  0.084  0.057  0.072  0.016  0.609  0.717  0.109  0.354  0.412  0.058  46.0
1.334  1.234  112.449  -0.578  -3.432  -5.081  -5.909  -6.207  -5.283  0.828  1.126  0.298  -1.057  -1.623  -1.709  0.872  0.913  0.922  1.486  1.07  1.004  -1.419  -2.046  -2.16  0.522  0.604  0.084  0.057  0.072  0.016  0.609  0.717  0.109  0.354  0.412  0.058  46.0
1.334  1.232  141.304  -0.037  -3.476  -5.471  -6.316  -6.646  -5.678  0.845  1.175  0.33  -1.057  -1.623  -1.709  0.872  0.913  0.922  1.486  1.07  1.004  -1.419  -2.046  -2.16  0.522  0.604  0.084  0.057  0.072  0.016  0.609  0.717  0.109  0.354  0.412  0.058  46.0
1.334  1.231  164.042  0.474  -3.385  -5.723  -6.578  -6.931  -5.932  0.855  1.208  0.353  -1.057  -1.623  -1.709  0.872  0.913  0.922  1.486  1.07  1.004  -1.419  -2.046  -2.16  0.522  0.604  0.084  0.057  0.072  0.016  0.609  0.717  0.109  0.354  0.412  0.058  46.0
1.335  1.229  177.441  0.713  -3.332  -5.855  -6.715  -7.079  -6.066  0.86  1.224  0.364  -1.057  -1.623  -1.709  0.872  0.913  0.922  1.486  1.07  1.004  -1.419  -2.046  -2.16  0.522  0.604  0.084  0.057  0.072  0.016  0.609  0.717  0.109  0.354  0.412  0.058  46.0
1.335  1.226  184.143  0.841  -3.298  -5.914  -6.777  -7.146  -6.125  0.863  1.232  0.369  -1.057  -1.623  -1.709  0.872  0.913  0.922  1.486  1.07  1.004  -1.419  -2.046  -2.16  0.522  0.604  0.084  0.057  0.072  0.016  0.609  0.717  0.109  0.354  0.412  0.058  46.0
1.335  1.224  186.662  0.831  -3.318  -5.943  -6.805  -7.176  -6.154  0.862  1.233  0.371  -1.057  -1.623  -1.709  0.872  0.913  0.922  1.486  1.07  1.004  -1.419  -2.046  -2.16  0.522  0.604  0.084  0.057  0.072  0.016  0.609  0.717  0.109  0.354  0.412  0.058  46.0
1.335  1.224  138.342  -0.065  -3.463  -5.431  -6.275  -6.603  -5.637  0.844  1.172  0.328  -1.057  -1.623  -1.709  0.872  0.913  0.922  1.486  1.07  1.004  -1.419  -2.046  -2.16  0.522  0.604  0.084  0.057  0.072  0.016  0.609  0.717  0.109  0.354  0.412  0.058  46.0
1.335  1.223  105.113  -0.678  -3.385  -4.963  -5.786  -6.076  -5.164  0.823  1.113  0.29  -1.057  -1.623  -1.709  0.872  0.913  0.922  1.486  1.07  1.004  -1.419  -2.046  -2.16  0.522  0.604  0.084  0.057  0.072  0.016  0.609  0.717  0.109  0.354  0.412  0.058  46.0
1.335  1.223  75.728  -1.008  -3.087  -4.416  -5.194  -5.446  -4.604  0.778  1.03  0.252  -1.057  -1.623  -1.709  0.872  0.913  0.922  1.486  1.07  1.004  -1.419  -2.046  -2.16  0.522  0.604  0.084  0.057  0.072  0.016  0.609  0.717  0.109  0.354  0.412  0.058  46.0
1.335  1.222  77.849  -0.994  -3.117  -4.462  -5.245  -5.499  -4.652  0.783  1.037  0.254  -1.057  -1.623  -1.709  0.872  0.913  0.922  1.486  1.07  1.004  -1.419  -2.046  -2.16  0.522  0.604  0.084  0.057  0.072  0.016  0.609  0.717  0.109  0.354  0.412  0.058  46.0
1.335  1.22  94.505  -0.82  -3.301  -4.783  -5.593  -5.87  -4.98  0.81  1.087  0.277  -1.057  -1.623  -1.709  0.872  0.913  0.922  1.486  1.07  1.004  -1.419  -2.046  -2.16  0.522  0.604  0.084  0.057  0.072  0.016  0.609  0.717  0.109  0.354  0.412  0.058  46.0
1.335  1.219  123.099  -0.345  -3.451  -5.23  -6.067  -6.379  -5.434  0.837  1.149  0.312  -1.057  -1.623  -1.709  0.872  0.913  0.922  1.486  1.07  1.004  -1.419  -2.046  -2.16  0.522  0.604  0.084  0.057  0.072  0.016  0.609  0.717  0.109  0.354  0.412  0.058  46.0
1.335  1.217  154.403  0.351  -3.381  -5.614  -6.466  -6.812  -5.822  0.852  1.198  0.346  -1.057  -1.623  -1.709  0.872  0.913  0.922  1.486  1.07  1.004  -1.419  -2.046  -2.16  0.522  0.604  0.084  0.057  0.072  0.016  0.609  0.717  0.109  0.354  0.412  0.058  46.0
1.335  1.214  179.125  0.821  -3.281  -5.862  -6.723  -7.09  -6.073  0.861  1.228  0.367  -1.057  -1.623  -1.709  0.872  0.913  0.922  1.486  1.07  1.004  -1.419  -2.046  -2.16  0.522  0.604  0.084  0.057  0.072  0.016  0.609  0.717  0.109  0.354  0.412  0.058  46.0
1.335  1.212  193.622  1.046  -3.217  -5.991  -6.857  -7.236  -6.203  0.866  1.245  0.379  -1.057  -1.623  -1.709  0.872  0.913  0.922  1.486  1.07  1.004  -1.419  -2.046  -2.16  0.522  0.604  0.084  0.057  0.072  0.016  0.609  0.717  0.109  0.354  0.412  0.058  46.0
1.335  1.209  200.796  1.154  -3.181  -6.05  -6.919  -7.303  -6.263  0.869  1.253  0.384  -1.054  -1.623  -1.708  0.863  0.903  0.912  1.476  1.054  0.987  -1.419  -2.046  -2.16  0.522  0.605  0.085  0.057  0.072  0.016  0.609  0.717  0.109  0.354  0.412  0.058  47.0
1.335  1.206  203.355  1.134  -3.206  -6.077  -6.946  -7.33  -6.29  0.869  1.253  0.384  -1.054  -1.623  -1.708  0.863  0.903  0.912  1.476  1.054  0.987  -1.419  -2.046  -2.16  0.522  0.605  0.085  0.057  0.072  0.016  0.609  0.717  0.109  0.354  0.412  0.058  47.0
1.335  1.205  153.128  0.383  -3.356  -5.594  -6.446  -6.792  -5.802  0.852  1.198  0.346  -1.054  -1.623  -1.708  0.863  0.903  0.912  1.476  1.054  0.987  -1.419  -2.046  -2.16  0.522  0.605  0.085  0.057  0.072  0.016  0.609  0.717  0.109  0.354  0.412  0.058  47.0
1.335  1.205  116.32  -0.419  -3.412  -5.13  -5.963  -6.268  -5.333  0.833  1.138  0.305  -1.054  -1.623  -1.708  0.863  0.903  0.912  1.476  1.054  0.987  -1.419  -2.046  -2.16  0.522  0.605  0.085  0.057  0.072  0.016  0.609  0.717  0.109  0.354  0.412  0.058  47.0
1.335  1.204  83.706  -0.913  -3.178  -4.577  -5.372  -5.636  -4.77  0.795  1.059  0.264  -1.054  -1.623  -1.708  0.863  0.903  0.912  1.476  1.054  0.987  -1.419  -2.046  -2.16  0.522  0.605  0.085  0.057  0.072  0.016  0.609  0.717  0.109  0.354  0.412  0.058  47.0
1.335  1.203  86.09  -0.885  -3.203  -4.622  -5.421  -5.688  -4.816  0.799  1.066  0.267  -1.054  -1.623  -1.708  0.863  0.903  0.912  1.476  1.054  0.987  -1.419  -2.046  -2.16  0.522  0.605  0.085  0.057  0.072  0.016  0.609  0.717  0.109  0.354  0.412  0.058  47.0
1.335  1.201  103.981  -0.635  -3.354  -4.938  -5.761  -6.052  -5.139  0.823  1.114  0.291  -1.054  -1.623  -1.708  0.863  0.903  0.912  1.476  1.054  0.987  -1.419  -2.046  -2.16  0.522  0.605  0.085  0.057  0.072  0.016  0.609  0.717  0.109  0.354  0.412  0.058  47.0
1.335  1.199  134.758  -0.027  -3.415  -5.377  -6.221  -6.548  -5.583  0.844  1.171  0.327  -1.054  -1.623  -1.708  0.863  0.903  0.912  1.476  1.054  0.987  -1.419  -2.046  -2.16  0.522  0.605  0.085  0.057  0.072  0.016  0.609  0.717  0.109  0.354  0.412  0.058  47.0
1.335  1.196  168.289  0.712  -3.278  -5.748  -6.607  -6.967  -5.958  0.859  1.219  0.36  -1.054  -1.623  -1.708  0.863  0.903  0.912  1.476  1.054  0.987  -1.419  -2.046  -2.16  0.522  0.605  0.085  0.057  0.072  0.016  0.609  0.717  0.109  0.354  0.412  0.058  47.0
1.335  1.193  194.247  1.137  -3.163  -5.987  -6.855  -7.236  -6.2  0.868  1.249  0.381  -1.054  -1.623  -1.708  0.863  0.903  0.912  1.476  1.054  0.987  -1.419  -2.046  -2.16  0.522  0.605  0.085  0.057  0.072  0.016  0.609  0.717  0.109  0.354  0.412  0.058  47.0
1.335  1.189  209.293  1.296  -3.115  -6.111  -6.982  -7.373  -6.325  0.871  1.262  0.391  -1.054  -1.623  -1.708  0.863  0.903  0.912  1.476  1.054  0.987  -1.419  -2.046  -2.16  0.522  0.605  0.085  0.057  0.072  0.016  0.609  0.717  0.109  0.354  0.412  0.058  47.0
1.335  1.186  216.249  1.333  -3.104  -6.164  -7.036  -7.432  -6.378  0.872  1.268  0.396  -1.054  -1.623  -1.708  0.863  0.903  0.912  1.476  1.054  0.987  -1.419  -2.046  -2.16  0.522  0.605  0.085  0.057  0.072  0.016  0.609  0.717  0.109  0.354  0.412  0.058  47.0
1.335  1.181  218.2  1.309  -3.13  -6.186  -7.058  -7.454  -6.4  0.872  1.268  0.396  -1.054  -1.623  -1.708  0.863  0.903  0.912  1.476  1.054  0.987  -1.419  -2.046  -2.16  0.522  0.605  0.085  0.057  0.072  0.016  0.609  0.717  0.109  0.354  0.412  0.058  47.0
1.335  1.181  167.284  0.739  -3.258  -5.735  -6.594  -6.954  -5.945  0.859  1.219  0.36  -1.054  -1.623  -1.708  0.863  0.903  0.912  1.476  1.054  0.987  -1.419  -2.046  -2.16  0.522  0.605  0.085  0.057  0.072  0.016  0.609  0.717  0.109  0.354  0.412  0.058  47.0
1.335  1.18  127.249  -0.146  -3.4  -5.277  -6.117  -6.437  -5.482  0.84  1.16  0.32  -1.054  -1.623  -1.708  0.863  0.903  0.912  1.476  1.054  0.987  -1.419  -2.046  -2.16  0.522  0.605  0.085  0.057  0.072  0.016  0.609  0.717  0.109  0.354  0.412  0.058  47.0
1.335  1.179  91.423  -0.808  -3.252  -4.72  -5.527  -5.803  -4.916  0.807  1.083  0.276  -1.054  -1.623  -1.708  0.863  0.903  0.912  1.476  1.054  0.987  -1.419  -2.046  -2.16  0.522  0.605  0.085  0.057  0.072  0.016  0.609  0.717  0.109  0.354  0.412  0.058  47.0
1.335  1.177  93.919  -0.764  -3.27  -4.764  -5.576  -5.854  -4.962  0.812  1.09  0.278  -1.054  -1.623  -1.708  0.863  0.903  0.912  1.476  1.054  0.987  -1.419  -2.046  -2.16  0.522  0.605  0.085  0.057  0.072  0.016  0.609  0.717  0.109  0.354  0.412  0.058  47.0
1.335  1.175  113.228  -0.422  -3.377  -5.077  -5.908  -6.212  -5.28  0.831  1.135  0.304  -1.054  -1.623  -1.708  0.863  0.903  0.912  1.476  1.054  0.987  -1.419  -2.046  -2.16  0.522  0.605  0.085  0.057  0.072  0.016  0.609  0.717  0.109  0.354  0.412  0.058  47.0
1.335  1.172  146.068  0.33  -3.329  -5.504  -6.354  -6.696  -5.712  0.85  1.192  0.342  -1.054  -1.623  -1.708  0.863  0.903  0.912  1.476  1.054  0.987  -1.419  -2.046  -2.16  0.522  0.605  0.085  0.057  0.072  0.016  0.609  0.717  0.109  0.354  0.412  0.058  47.0
1.335  1.169  181.366  1.035  -3.165  -5.864  -6.729  -7.103  -6.076  0.865  1.239  0.374  -1.054  -1.623  -1.708  0.863  0.903  0.912  1.476  1.054  0.987  -1.419  -2.046  -2.16  0.522  0.605  0.085  0.057  0.072  0.016  0.609  0.717  0.109  0.354  0.412  0.058  47.0
1.335  1.165  208.86  1.35  -3.071  -6.096  -6.968  -7.362  -6.31  0.872  1.266  0.394  -1.054  -1.623  -1.708  0.863  0.903  0.912  1.476  1.054  0.987  -1.419  -2.046  -2.16  0.522  0.605  0.085  0.057  0.072  0.016  0.609  0.717  0.109  0.354  0.412  0.058  47.0
1.335  1.16  224.52  1.427  -3.047  -6.214  -7.09  -7.493  -6.429  0.876  1.279  0.403  -1.054  -1.623  -1.708  0.863  0.903  0.912  1.476  1.054  0.987  -1.419  -2.046  -2.16  0.522  0.605  0.085  0.057  0.072  0.016  0.609  0.717  0.109  0.354  0.412  0.058  47.0
1.335  1.155  231.822  1.458  -3.039  -6.264  -7.142  -7.548  -6.48  0.878  1.284  0.406  -1.054  -1.623  -1.708  0.863  0.903  0.912  1.476  1.054  0.987  -1.419  -2.046  -2.16  0.522  0.605  0.085  0.057  0.072  0.016  0.609  0.717  0.109  0.354  0.412  0.058  47.0
1.335  1.149  233.537  1.436  -3.063  -6.284  -7.161  -7.568  -6.499  0.877  1.284  0.407  -1.054  -1.623  -1.708  0.863  0.903  0.912  1.476  1.054  0.987  -1.419  -2.046  -2.16  0.522  0.605  0.085  0.057  0.072  0.016  0.609  0.717  0.109  0.354  0.412  0.058  47.0
1.335  1.149  182.749  1.108  -3.127  -5.871  -6.738  -7.114  -6.084  0.867  1.243  0.376  -1.054  -1.623  -1.708  0.863  0.903  0.912  1.476  1.054  0.987  -1.419  -2.046  -2.16  0.522  0.605  0.085  0.057  0.072  0.016  0.609  0.717  0.109  0.354  0.412  0.058  47.0
1.335  1.148  139.237  0.213  -3.334  -5.419  -6.267  -6.603  -5.626  0.848  1.184  0.336  -1.054  -1.623  -1.708  0.863  0.903  0.912  1.476  1.054  0.987  -1.419  -2.046  -2.16  0.522  0.605  0.085  0.057  0.072  0.016  0.609  0.717  0.109  0.354  0.412  0.058  47.0
1.335  1.146  99.645  -0.646  -3.302  -4.859  -5.679  -5.966  -5.059  0.82  1.107  0.287  -1.054  -1.623  -1.708  0.863  0.903  0.912  1.476  1.054  0.987  -1.419  -2.046  -2.16  0.522  0.605  0.085  0.057  0.072  0.016  0.609  0.717  0.109  0.354  0.412  0.058  47.0
1.335  1.144  102.366  -0.596  -3.319  -4.904  -5.727  -6.018  -5.105  0.823  1.114  0.291  -1.054  -1.623  -1.708  0.863  0.903  0.912  1.476  1.054  0.987  -1.419  -2.046  -2.16  0.522  0.605  0.085  0.057  0.072  0.016  0.609  0.717  0.109  0.354  0.412  0.058  47.0
1.335  1.14  123.042  -0.155  -3.364  -5.212  -6.051  -6.368  -5.417  0.839  1.156  0.317  -1.054  -1.623  -1.708  0.863  0.903  0.912  1.476  1.054  0.987  -1.419  -2.046  -2.16  0.522  0.605  0.085  0.057  0.072  0.016  0.609  0.717  0.109  0.354  0.412  0.058  47.0
1.335  1.136  158.072  0.696  -3.224  -5.626  -6.483  -6.839  -5.836  0.857  1.213  0.356  -1.054  -1.623  -1.708  0.863  0.903  0.912  1.476  1.054  0.987  -1.419  -2.046  -2.16  0.522  0.605  0.085  0.057  0.072  0.016  0.609  0.717  0.109  0.354  0.412  0.058  47.0
1.335  1.132  195.459  1.35  -3.035  -5.976  -6.846  -7.234  -6.189  0.87  1.258  0.388  -1.054  -1.623  -1.708  0.863  0.903  0.912  1.476  1.054  0.987  -1.419  -2.046  -2.16  0.522  0.605  0.085  0.057  0.072  0.016  0.609  0.717  0.109  0.354  0.412  0.058  47.0
1.335  1.126  224.313  1.492  -2.994  -6.199  -7.077  -7.481  -6.415  0.878  1.282  0.404  -1.054  -1.623  -1.708  0.863  0.903  0.912  1.476  1.054  0.987  -1.419  -2.046  -2.16  0.522  0.605  0.085  0.057  0.072  0.016  0.609  0.717  0.109  0.354  0.412  0.058  47.0
1.335  1.12  240.688  1.543  -2.989  -6.313  -7.192  -7.605  -6.529  0.879  1.292  0.413  -1.054  -1.623  -1.708  0.863  0.903  0.912  1.476  1.054  0.987  -1.419  -2.046  -2.16  0.522  0.605  0.085  0.057  0.072  0.016  0.609  0.717  0.109  0.354  0.412  0.058  47.0
1.335  1.113  248.345  1.572  -2.98  -6.361  -7.241  -7.658  -6.577  0.88  1.297  0.417  -1.054  -1.623  -1.708  0.863  0.903  0.912  1.476  1.054  0.987  -1.419  -2.046  -2.16  0.522  0.605  0.085  0.057  0.072  0.016  0.609  0.717  0.109  0.354  0.412  0.058  47.0
1.335  1.106  250.181  1.553  -3.002  -6.38  -7.26  -7.678  -6.596  0.88  1.298  0.418  -1.054  -1.623  -1.708  0.863  0.903  0.912  1.476  1.054  0.987  -1.419  -2.046  -2.16  0.522  0.605  0.085  0.057  0.072  0.016  0.609  0.717  0.109  0.354  0.412  0.058  47.0
1.335  1.105  200.15  1.417  -2.997  -6.008  -6.88  -7.272  -6.222  0.872  1.264  0.392  -1.054  -1.623  -1.708  0.863  0.903  0.912  1.476  1.054  0.987  -1.419  -2.046  -2.16  0.522  0.605  0.085  0.057  0.072  0.016  0.609  0.717  0.109  0.354  0.412  0.058  47.0
1.335  1.104  152.495  0.656  -3.21  -5.56  -6.416  -6.768  -5.77  0.856  1.208  0.352  -1.054  -1.623  -1.708  0.863  0.903  0.912  1.476  1.054  0.987  -1.419  -2.046  -2.16  0.522  0.605  0.085  0.057  0.072  0.016  0.609  0.717  0.109  0.354  0.412  0.058  47.0
1.335  1.101  108.807  -0.417  -3.325  -5.001  -5.83  -6.131  -5.203  0.829  1.13  0.301  -1.054  -1.623  -1.708  0.863  0.903  0.912  1.476  1.054  0.987  -1.419  -2.046  -2.16  0.522  0.605  0.085  0.057  0.072  0.016  0.609  0.717  0.109  0.354  0.412  0.058  47.0
1.335  1.098  111.881  -0.348  -3.332  -5.045  -5.878  -6.183  -5.248  0.833  1.138  0.305  -1.054  -1.623  -1.708  0.863  0.903  0.912  1.476  1.054  0.987  -1.419  -2.046  -2.16  0.522  0.605  0.085  0.057  0.072  0.016  0.609  0.717  0.109  0.354  0.412  0.058  47.0
1.335  1.093  134.139  0.204  -3.298  -5.345  -6.192  -6.526  -5.552  0.847  1.181  0.334  -1.054  -1.623  -1.708  0.863  0.903  0.912  1.476  1.054  0.987  -1.419  -2.046  -2.16  0.522  0.605  0.085  0.057  0.072  0.016  0.609  0.717  0.109  0.354  0.412  0.058  47.0
1.335  1.088  171.141  1.088  -3.082  -5.745  -6.61  -6.981  -5.957  0.865  1.236  0.371  -1.054  -1.623  -1.708  0.863  0.903  0.912  1.476  1.054  0.987  -1.419  -2.046  -2.16  0.522  0.605  0.085  0.057  0.072  0.016  0.609  0.717  0.109  0.354  0.412  0.058  47.0
1.335  1.082  210.841  1.517  -2.943  -6.083  -6.959  -7.36  -6.298  0.876  1.277  0.401  -1.054  -1.623  -1.708  0.863  0.903  0.912  1.476  1.054  0.987  -1.419  -2.046  -2.16  0.522  0.605  0.085  0.057  0.072  0.016  0.609  0.717  0.109  0.354  0.412  0.058  47.0
1.335  1.074  241.243  1.622  -2.925  -6.298  -7.179  -7.595  -6.514  0.881  1.297  0.416  -1.054  -1.623  -1.708  0.863  0.903  0.912  1.476  1.054  0.987  -1.419  -2.046  -2.16  0.522  0.605  0.085  0.057  0.072  0.016  0.609  0.717  0.109  0.354  0.412  0.058  47.0
1.335  1.066  258.378  1.674  -2.923  -6.405  -7.288  -7.714  -6.622  0.883  1.309  0.426  -1.054  -1.623  -1.708  0.863  0.903  0.912  1.476  1.054  0.987  -1.419  -2.046  -2.16  0.522  0.605  0.085  0.057  0.072  0.016  0.609  0.717  0.109  0.354  0.412  0.058  47.0
1.335  1.056  266.72  1.712  -2.912  -6.45  -7.334  -7.766  -6.667  0.884  1.316  0.432  -1.054  -1.623  -1.708  0.863  0.903  0.912  1.476  1.054  0.987  -1.419  -2.046  -2.16  0.522  0.605  0.085  0.057  0.072  0.016  0.609  0.717  0.109  0.354  0.412  0.058  47.0
1.335  1.046  268.754  1.706  -2.925  -6.467  -7.352  -7.785  -6.684  0.885  1.318  0.433  -1.054  -1.623  -1.708  0.863  0.903  0.912  1.476  1.054  0.987  -1.419  -2.046  -2.16  0.522  0.605  0.085  0.057  0.072  0.016  0.609  0.717  0.109  0.354  0.412  0.058  47.0
1.335  1.045  219.46  1.605  -2.895  -6.138  -7.017  -7.424  -6.354  0.879  1.286  0.407  -1.054  -1.623  -1.708  0.863  0.903  0.912  1.476  1.054  0.987  -1.419  -2.046  -2.16  0.522  0.605  0.085  0.057  0.072  0.016  0.609  0.717  0.109  0.354  0.412  0.058  47.0
1.335  1.042  167.207  1.12  -3.043  -5.697  -6.561  -6.932  -5.909  0.864  1.235  0.371  -1.054  -1.623  -1.708  0.863  0.903  0.912  1.476  1.054  0.987  -1.419  -2.046  -2.16  0.522  0.605  0.085  0.057  0.072  0.016  0.609  0.717  0.109  0.354  0.412  0.058  47.0
1.335  1.038  118.947  -0.087  -3.294  -5.14  -5.978  -6.296  -5.345  0.838  1.156  0.318  -1.054  -1.623  -1.708  0.863  0.903  0.912  1.476  1.054  0.987  -1.419  -2.046  -2.16  0.522  0.605  0.085  0.057  0.072  0.016  0.609  0.717  0.109  0.354  0.412  0.058  47.0
1.335  1.032  122.477  0.02  -3.28  -5.185  -6.026  -6.349  -5.39  0.841  1.164  0.323  -1.054  -1.623  -1.708  0.863  0.903  0.912  1.476  1.054  0.987  -1.419  -2.046  -2.16  0.522  0.605  0.085  0.057  0.072  0.016  0.609  0.717  0.109  0.354  0.412  0.058  47.0
1.335  1.024  146.742  0.729  -3.133  -5.477  -6.333  -6.686  -5.687  0.856  1.209  0.353  -1.054  -1.623  -1.708  0.863  0.903  0.912  1.476  1.054  0.987  -1.419  -2.046  -2.16  0.522  0.605  0.085  0.057  0.072  0.016  0.609  0.717  0.109  0.354  0.412  0.058  47.0
1.335  1.014  186.877  1.507  -2.89  -5.867  -6.738  -7.128  -6.081  0.871  1.261  0.39  -1.054  -1.623  -1.708  0.863  0.903  0.912  1.476  1.054  0.987  -1.419  -2.046  -2.16  0.522  0.605  0.085  0.057  0.072  0.016  0.609  0.717  0.109  0.354  0.412  0.058  47.0
1.335  1.002  229.538  1.714  -2.828  -6.193  -7.073  -7.489  -6.409  0.88  1.296  0.416  -1.054  -1.623  -1.708  0.863  0.903  0.912  1.476  1.054  0.987  -1.419  -2.046  -2.16  0.522  0.605  0.085  0.057  0.072  0.016  0.609  0.717  0.109  0.354  0.412  0.058  47.0
1.335  0.988  262.576  1.825  -2.818  -6.398  -7.283  -7.718  -6.615  0.885  1.32  0.435  -1.054  -1.623  -1.708  0.863  0.903  0.912  1.476  1.054  0.987  -1.419  -2.046  -2.16  0.522  0.605  0.085  0.057  0.072  0.016  0.609  0.717  0.109  0.354  0.412  0.058  47.0
1.335  0.972  281.809  1.924  -2.809  -6.497  -7.383  -7.829  -6.715  0.886  1.332  0.446  -1.054  -1.623  -1.708  0.863  0.903  0.912  1.476  1.054  0.987  -1.419  -2.046  -2.16  0.522  0.605  0.085  0.057  0.072  0.016  0.609  0.717  0.109  0.354  0.412  0.058  47.0
1.335  0.955  291.511  2.003  -2.786  -6.534  -7.424  -7.879  -6.753  0.89  1.345  0.455  -1.054  -1.623  -1.708  0.863  0.903  0.912  1.476  1.054  0.987  -1.419  -2.046  -2.16  0.522  0.605  0.085  0.057  0.072  0.016  0.609  0.717  0.109  0.354  0.412  0.058  47.0
1.335  0.937  291.981  1.981  -2.805  -6.544  -7.437  -7.895  -6.764  0.893  1.351  0.458  -1.054  -1.623  -1.708  0.863  0.903  0.912  1.476  1.054  0.987  -1.419  -2.046  -2.16  0.522  0.605  0.085  0.057  0.072  0.016  0.609  0.717  0.109  0.354  0.412  0.058  47.0
1.335  0.935  245.728  1.86  -2.752  -6.277  -7.16  -7.589  -6.494  0.883  1.312  0.429  -1.054  -1.623  -1.708  0.863  0.903  0.912  1.476  1.054  0.987  -1.419  -2.046  -2.16  0.522  0.605  0.085  0.057  0.072  0.016  0.609  0.717  0.109  0.354  0.412  0.058  47.0
1.335  0.929  187.48  1.666  -2.769  -5.846  -6.72  -7.117  -6.06  0.874  1.271  0.397  -1.054  -1.623  -1.708  0.863  0.903  0.912  1.476  1.054  0.987  -1.419  -2.046  -2.16  0.522  0.605  0.085  0.057  0.072  0.016  0.609  0.717  0.109  0.354  0.412  0.058  47.0
1.335  0.919  132.542  0.614  -3.084  -5.288  -6.14  -6.484  -5.496  0.852  1.196  0.344  -1.054  -1.623  -1.708  0.863  0.903  0.912  1.476  1.054  0.987  -1.419  -2.046  -2.16  0.522  0.605  0.085  0.057  0.072  0.016  0.609  0.717  0.109  0.354  0.412  0.058  47.0
1.335  0.905  136.79  0.789  -3.031  -5.334  -6.189  -6.54  -5.543  0.855  1.206  0.351  -1.054  -1.623  -1.708  0.863  0.903  0.912  1.476  1.054  0.987  -1.419  -2.046  -2.16  0.522  0.605  0.085  0.057  0.072  0.016  0.609  0.717  0.109  0.354  0.412  0.058  47.0
1.335  0.887  164.761  1.522  -2.785  -5.623  -6.492  -6.874  -5.836  0.869  1.251  0.382  -1.054  -1.623  -1.708  0.863  0.903  0.912  1.476  1.054  0.987  -1.419  -2.046  -2.16  0.522  0.605  0.085  0.057  0.072  0.016  0.609  0.717  0.109  0.354  0.412  0.058  47.0
1.335  0.865  211.57  1.926  -2.621  -6.006  -6.888  -7.305  -6.223  0.882  1.299  0.417  -1.054  -1.623  -1.708  0.863  0.903  0.912  1.476  1.054  0.987  -1.419  -2.046  -2.16  0.522  0.605  0.085  0.057  0.072  0.016  0.609  0.717  0.109  0.354  0.412  0.058  47.0
1.335  0.84  262.818  2.161  -2.594  -6.32  -7.204  -7.649  -6.537  0.884  1.329  0.445  -1.054  -1.623  -1.708  0.863  0.903  0.912  1.476  1.054  0.987  -1.419  -2.046  -2.16  0.522  0.605  0.085  0.057  0.072  0.016  0.609  0.717  0.109  0.354  0.412  0.058  47.0
1.335  0.811  301.339  2.425  -2.567  -6.488  -7.38  -7.857  -6.707  0.892  1.369  0.477  -1.054  -1.623  -1.708  0.863  0.903  0.912  1.476  1.054  0.987  -1.419  -2.046  -2.16  0.522  0.605  0.085  0.057  0.072  0.016  0.609  0.717  0.109  0.354  0.412  0.058  47.0
1.335  0.779  320.077  2.635  -2.514  -6.535  -7.448  -7.957  -6.76  0.913  1.422  0.509  -1.054  -1.623  -1.708  0.863  0.903  0.912  1.476  1.054  0.987  -1.419  -2.046  -2.16  0.522  0.605  0.085  0.057  0.072  0.016  0.609  0.717  0.109  0.354  0.412  0.058  47.0
1.335  0.744  320.741  3.085  -2.289  -6.411  -7.395  -7.982  -6.656  0.984  1.571  0.587  -1.054  -1.623  -1.708  0.863  0.903  0.912  1.476  1.054  0.987  -1.419  -2.046  -2.16  0.522  0.605  0.085  0.057  0.072  0.016  0.609  0.717  0.109  0.354  0.412  0.058  47.0
1.335  0.708  225.349  0.254  -3.902  -6.311  -7.204  -7.669  -6.531  0.893  1.358  0.465  -1.054  -1.623  -1.708  0.863  0.903  0.912  1.476  1.054  0.987  -1.419  -2.046  -2.16  0.522  0.605  0.085  0.057  0.072  0.016  0.609  0.717  0.109  0.354  0.412  0.058  47.0
