#Mini MPD Rad MV_j MI_c MJ_2M MH_2M MK_2M MHw sigmaJ sigmaH sigmaKs minJ minH minKs maxJ maxH maxKs
0.003  0.003  0.104  61.46  50.79  37.358  34.544  54.256  36.491  0.2  0.2  0.2  -999.0  -999.0  -999.0  999.0  999.0  999.0
0.004  0.004  0.104  58.0  47.86  35.127  33.108  51.086  34.557  0.2  0.2  0.2  -999.0  -999.0  -999.0  999.0  999.0  999.0
0.005  0.005  0.103  54.62  45.05  33.228  31.766  48.236  32.842  0.2  0.2  0.2  -999.0  -999.0  -999.0  999.0  999.0  999.0
0.006  0.006  0.102  51.29  42.3  31.448  30.472  45.506  31.205  0.2  0.2  0.2  -999.0  -999.0  -999.0  999.0  999.0  999.0
0.007  0.007  0.102  48.17  39.72  29.815  29.276  42.986  29.689  0.2  0.2  0.2  -999.0  -999.0  -999.0  999.0  999.0  999.0
0.008  0.008  0.101  45.19  37.28  28.31  28.147  40.636  28.274  0.2  0.2  0.2  -999.0  -999.0  -999.0  999.0  999.0  999.0
0.009  0.009  0.1  42.49  35.07  26.971  27.124  38.526  27.003  0.2  0.2  0.2  -999.0  -999.0  -999.0  999.0  999.0  999.0
0.01  0.01  0.099  39.95  33.0  25.729  26.18  36.566  25.82  0.2  0.2  0.2  -999.0  -999.0  -999.0  999.0  999.0  999.0
0.012  0.012  0.098  35.23  29.12  23.498  24.425  33.036  23.671  0.2  0.2  0.2  -999.0  -999.0  -999.0  999.0  999.0  999.0
0.015  0.015  0.096  32.81  26.8  22.228  23.149  30.436  22.401  0.2  0.2  0.2  -999.0  -999.0  -999.0  999.0  999.0  999.0
0.02  0.02  0.093  30.75  24.64  20.922  21.596  26.996  21.054  0.2  0.2  0.2  -999.0  -999.0  -999.0  999.0  999.0  999.0
0.03  0.03  0.088  28.98  22.35  19.522  19.608  22.566  19.54  0.2  0.2  0.2  -999.0  -999.0  -999.0  999.0  999.0  999.0
0.04  0.04  0.083  28.18  21.19  18.2  18.291  19.966  18.219  0.2  0.2  0.2  -999.0  -999.0  -999.0  999.0  999.0  999.0
0.05  0.05  0.079  27.64  20.47  17.009  17.161  18.046  17.041  0.2  0.2  0.2  -999.0  -999.0  -999.0  999.0  999.0  999.0
0.06  0.06  0.076  27.2  19.93  15.974  16.174  16.526  16.016  0.2  0.2  0.2  -999.0  -999.0  -999.0  999.0  999.0  999.0
0.07  0.07  0.078  25.69  18.6  14.334  14.436  14.336  14.356  0.2  0.2  0.2  -999.0  -999.0  -999.0  999.0  999.0  999.0
0.072  0.072  0.081  24.17  17.48  13.407  13.415  13.336  13.409  0.2  0.2  0.2  -999.0  -999.0  -999.0  999.0  999.0  999.0
0.075  0.075  0.089  21.1  15.39  12.217  11.958  11.786  12.159  0.2  0.2  0.2  -999.0  -999.0  -999.0  999.0  999.0  999.0
0.08  0.08  0.099  19.1  13.89  11.427  11.07  10.796  11.345  0.2  0.2  0.2  -999.0  -999.0  -999.0  999.0  999.0  999.0
0.09  0.09  0.119  16.668  12.478  10.465  9.78  9.48  10.301  0.1595  0.0694  0.0752  10.652  10.312  10.179  11.175  10.571  10.4722
0.12  0.12  0.152  15.195  11.614  9.823  9.122  8.793  9.655  0.239  0.2062  0.1608  9.353  8.882  8.741  10.07  9.469  9.198
0.15  0.15  0.181  14.224  10.965  9.287  8.641  8.296  9.133  0.1301  0.1035  0.0793  9.167  8.635  8.427  9.5184  8.9164  8.6446
0.18  0.18  0.207  13.541  10.469  8.878  8.26  7.916  8.731  0.2165  0.2075  0.1775  8.477  7.941  7.764  8.8884  8.3352  8.1012
0.21  0.21  0.233  12.997  10.067  8.542  7.94  7.601  8.4  0.0  0.0  0.0  8.338  7.785  7.586  8.338  7.785  7.586
0.24  0.24  0.258  12.539  9.727  8.253  7.662  7.33  8.113  0.0781  0.0681  0.0572  8.104  7.551  7.343  8.3555  7.7706  7.5286
0.27  0.27  0.282  12.138  9.431  7.997  7.413  7.09  7.859  0.0067  0.0067  0.0067  7.903  7.335  7.11  7.9235  7.3562  7.1312
0.3  0.3  0.306  11.779  9.163  7.766  7.187  6.872  7.629  0.2453  0.2186  0.1898  7.223  6.717  6.558  7.9706  7.3646  7.1166
0.33  0.33  0.332  11.452  8.917  7.554  6.978  6.672  7.418  0.1675  0.1539  0.1324  7.172  6.628  6.455  7.8068  7.2143  6.9588
0.36  0.36  0.358  11.149  8.685  7.357  6.782  6.485  7.221  0.1338  0.1048  0.085  6.88  6.384  6.231  7.2148  6.6465  6.4458
0.39  0.39  0.384  10.865  8.465  7.172  6.597  6.309  7.036  0.1857  0.1489  0.1219  6.701  6.211  6.063  7.2141  6.621  6.3991
0.42  0.42  0.413  10.597  8.256  6.996  6.42  6.142  6.86  0.0999  0.0901  0.079  6.72  6.15  5.971  7.1512  6.5318  6.2988
0.45  0.45  0.443  10.341  8.057  6.828  6.251  5.982  6.692  0.2345  0.1932  0.1572  6.319  5.85  5.716  7.0017  6.3847  6.1497
0.48  0.48  0.474  10.096  7.867  6.666  6.087  5.827  6.529  0.2896  0.2221  0.1813  6.066  5.614  5.49  6.7818  6.1542  5.9248
0.55  0.55  0.553  9.022  7.162  6.1  5.498  5.274  5.958  0.2636  0.1883  0.144  5.543  5.092  4.988  6.2955  5.6445  5.4275
0.6  0.6  0.601  8.345  6.696  5.72  5.097  4.916  5.572  0.2618  0.1562  0.1189  5.125  4.745  4.66  5.9414  5.2684  5.0723
0.6179  0.618  0.615  8.087  6.523  5.58  4.958  4.796  5.432  0.1556  0.0932  0.0741  4.982  4.628  4.55  5.2561  4.771  4.685
0.65  0.65  0.64  7.63  6.227  5.345  4.741  4.607  5.202  0.2498  0.1313  0.105  4.734  4.402  4.338  5.5884  4.9061  4.746
0.7  0.7  0.679  6.948  5.775  5.003  4.478  4.369  4.88  0.2572  0.1473  0.1278  4.311  4.011  3.968  5.2262  4.5702  4.4502
0.7127  0.713  0.69  6.789  5.664  4.919  4.419  4.313  4.802  0.2215  0.1372  0.1225  4.197  3.906  3.866  5.0193  4.4316  4.3366
0.7292  0.729  0.705  6.593  5.523  4.81  4.336  4.235  4.7  0.2477  0.1649  0.1491  3.994  3.717  3.683  4.9208  4.3609  4.2708
0.745  0.745  0.72  6.411  5.391  4.708  4.26  4.163  4.604  0.2898  0.2034  0.1856  3.841  3.574  3.544  4.8896  4.3282  4.2358
0.75  0.75  0.725  6.354  5.349  4.676  4.235  4.14  4.574  0.2969  0.2098  0.1916  3.757  3.496  3.468  4.8925  4.3275  4.2325
0.7555  0.755  0.731  6.296  5.305  4.64  4.207  4.112  4.54  0.3012  0.2152  0.1972  3.737  3.479  3.452  4.8726  4.3132  4.223
0.7758  0.775  0.756  6.085  5.142  4.51  4.103  4.012  4.416  0.308  0.2401  0.2244  3.438  3.2  3.176  4.6443  4.1606  4.0819
0.7947  0.794  0.78  5.893  4.993  4.388  4.004  3.917  4.3  0.381  0.3082  0.2912  3.116  2.896  2.873  4.5784  4.0904  4.012
0.7986  0.798  0.785  5.854  4.962  4.363  3.983  3.897  4.276  0.3876  0.3146  0.2976  3.098  2.882  2.86  4.576  4.084  4.0009
0.811  0.811  0.803  5.733  4.863  4.281  3.915  3.83  4.197  0.3931  0.3354  0.3221  2.803  2.594  2.572  4.3963  3.9616  3.8901
0.8266  0.826  0.827  5.583  4.742  4.179  3.83  3.747  4.099  0.5461  0.4984  0.488  1.756  1.433  1.387  4.3143  3.8964  3.8284
0.841  0.84  0.851  5.444  4.629  4.085  3.749  3.669  4.008  2.7425  2.8483  2.8692  -5.415  -6.132  -6.254  3.9912  3.6488  3.5956
0.8472  0.846  0.862  5.386  4.581  4.044  3.714  3.635  3.969  2.8096  2.9266  2.9487  -5.557  -6.33  -6.47  3.9197  3.5878  3.5395
0.8556  0.855  0.878  5.307  4.516  3.988  3.664  3.587  3.914  2.6815  2.8051  2.8277  -5.563  -6.337  -6.477  3.618  3.333  3.2955
0.8707  0.87  0.909  5.166  4.398  3.885  3.572  3.498  3.814  2.3823  2.5085  2.5313  -5.562  -6.336  -6.476  3.0355  2.8146  2.7911
0.8845  0.883  0.939  5.037  4.287  3.787  3.484  3.412  3.718  2.2916  2.418  2.4413  -5.543  -6.314  -6.453  2.8662  2.6488  2.6246
0.8959  0.895  0.967  4.93  4.195  3.705  3.41  3.34  3.638  2.3816  2.5103  2.5348  -5.53  -6.299  -6.442  3.0757  2.8204  2.7818
0.9027  0.902  0.986  4.865  4.139  3.653  3.363  3.294  3.587  2.3793  2.5122  2.5385  -5.523  -6.291  -6.442  3.0574  2.8034  2.7667
0.9204  0.919  1.038  4.695  3.988  3.516  3.236  3.169  3.453  2.2132  2.3455  2.3747  -5.547  -6.321  -6.582  2.4372  2.1958  2.1644
0.9374  0.936  1.097  4.533  3.842  3.38  3.108  3.042  3.319  2.1535  2.2842  2.3151  -5.573  -6.347  -6.576  2.3708  2.0908  2.048
0.9445  0.943  1.121  4.466  3.781  3.322  3.053  2.988  3.261  2.2628  2.3974  2.4303  -5.586  -6.43  -6.731  2.8301  2.5802  2.5375
0.9562  0.955  1.171  4.355  3.677  3.222  2.957  2.893  3.162  2.3316  2.4839  2.5284  -5.586  -6.43  -6.731  2.9582  2.6816  2.6456
0.9669  0.966  1.223  4.245  3.573  3.122  2.86  2.797  3.063  2.2768  2.4393  2.4928  -5.497  -6.428  -6.728  2.6522  2.3792  2.3446
0.9703  0.969  1.24  4.209  3.539  3.089  2.828  2.765  3.03  2.2944  2.4578  2.5124  -5.495  -6.426  -6.725  2.6396  2.3729  2.3377
0.9759  0.975  1.271  4.15  3.481  3.033  2.772  2.709  2.974  2.3221  2.489  2.5468  -5.493  -6.423  -6.73  2.6913  2.4049  2.3628
0.985  0.984  1.33  4.049  3.382  2.933  2.673  2.61  2.874  2.3386  2.5073  2.5716  -5.713  -6.648  -7.043  2.627  2.363  2.327
0.9931  0.992  1.393  3.958  3.289  2.838  2.576  2.513  2.779  2.4151  2.59  2.6602  -5.741  -6.678  -7.076  2.8789  2.5952  2.5474
0.9952  0.994  1.41  3.934  3.264  2.812  2.55  2.487  2.753  2.4166  2.5927  2.666  -5.769  -6.708  -7.109  2.8547  2.5615  2.5217
1.002  1.001  1.473  3.855  3.179  2.724  2.459  2.395  2.664  2.42  2.5974  2.6751  -5.797  -6.737  -7.141  2.8238  2.5281  2.4846
1.0039  1.003  1.495  3.832  3.154  2.697  2.43  2.366  2.637  2.4114  2.5877  2.6634  -5.797  -6.737  -7.141  2.8189  2.521  2.4795
1.0116  1.01  1.595  3.745  3.051  2.581  2.305  2.238  2.519  2.3477  2.5202  2.5984  -5.824  -6.766  -7.172  2.6006  2.2963  2.2587
1.0194  1.018  1.73  3.68  2.95  2.454  2.156  2.086  2.386  2.4016  2.5753  2.6552  -5.851  -6.794  -7.202  2.534  2.2164  2.1712
1.0236  1.022  1.833  3.684  2.913  2.386  2.065  1.99  2.313  2.4254  2.5996  2.6832  -5.873  -6.816  -7.225  2.4817  2.1262  2.0687
1.0262  1.024  1.916  3.719  2.907  2.348  2.002  1.923  2.269  2.3977  2.5685  2.6515  -5.873  -6.816  -7.225  2.4858  2.139  2.081
1.0284  1.027  2.016  3.762  2.903  2.308  1.933  1.85  2.222  2.483  2.6604  2.754  -6.044  -6.989  -7.45  2.473  2.1374  2.0794
1.0304  1.029  2.15  3.771  2.866  2.234  1.829  1.742  2.141  2.4656  2.6412  2.7359  -6.044  -6.989  -7.45  2.453  2.0808  2.0316
1.0323  1.03  2.31  3.721  2.784  2.126  1.699  1.609  2.027  2.4682  2.6445  2.7451  -6.046  -6.99  -7.45  2.3474  1.9668  1.9078
1.033  1.031  2.385  3.688  2.74  2.074  1.64  1.549  1.974  2.4824  2.6594  2.7625  -6.056  -7.001  -7.462  2.3884  2.0079  1.9409
1.0339  1.032  2.49  3.624  2.666  1.993  1.553  1.462  1.891  2.4982  2.6768  2.7815  -6.056  -7.001  -7.462  2.3928  2.0182  1.9569
1.0351  1.033  2.657  3.519  2.551  1.868  1.422  1.329  1.765  2.4628  2.6382  2.7406  -6.056  -7.001  -7.462  2.3656  1.9878  1.9304
1.0362  1.034  2.815  3.421  2.444  1.755  1.303  1.209  1.65  2.4714  2.6469  2.7499  -6.056  -7.001  -7.462  2.4096  2.0371  1.9802
1.0374  1.035  3.024  3.293  2.309  1.614  1.156  1.061  1.508  2.4615  2.6367  2.7398  -6.056  -7.001  -7.462  2.3848  2.0201  1.9658
1.0382  1.036  3.182  3.196  2.208  1.508  1.047  0.952  1.401  2.4358  2.6093  2.7116  -6.056  -7.001  -7.462  2.3579  1.9728  1.9184
1.039  1.037  3.362  3.096  2.102  1.398  0.933  0.838  1.29  2.4499  2.6251  2.7325  -6.068  -7.013  -7.475  2.2946  1.9283  1.8787
1.0397  1.038  3.549  2.995  1.996  1.287  0.82  0.724  1.179  2.5058  2.6852  2.7923  -6.068  -7.013  -7.475  2.4632  2.1288  2.0618
1.0404  1.038  3.741  2.899  1.895  1.181  0.71  0.614  1.072  2.4948  2.6733  2.7801  -6.068  -7.013  -7.475  2.4591  2.1174  2.06
1.041  1.039  3.943  2.801  1.792  1.074  0.6  0.504  0.964  2.4877  2.6656  2.7725  -6.068  -7.013  -7.475  2.4406  2.0905  2.04
1.0416  1.039  4.163  2.702  1.687  0.964  0.486  0.39  0.853  2.4955  2.6741  2.7809  -6.068  -7.013  -7.475  2.4524  2.1197  2.0569
1.0417  1.04  4.229  2.674  1.657  0.933  0.454  0.357  0.822  2.4947  2.6731  2.7799  -6.068  -7.013  -7.475  2.4505  2.1192  2.056
1.0419  1.04  4.291  2.647  1.629  0.903  0.423  0.326  0.791  2.4906  2.6687  2.7755  -6.068  -7.013  -7.475  2.442  2.1107  2.0516
1.0424  1.04  4.52  2.555  1.529  0.799  0.315  0.217  0.686  2.4814  2.6587  2.7653  -6.068  -7.013  -7.475  2.43  2.0695  2.004
1.0428  1.041  4.777  2.457  1.425  0.689  0.201  0.103  0.575  2.4856  2.6631  2.7694  -6.068  -7.013  -7.475  2.4391  2.0935  2.0462
1.0434  1.041  5.116  2.337  1.295  0.552  0.058  -0.041  0.437  2.4981  2.6761  2.7823  -6.068  -7.013  -7.475  2.4496  2.1086  2.0514
1.0439  1.041  5.478  2.219  1.168  0.416  -0.083  -0.183  0.3  2.5118  2.6911  2.7977  -6.068  -7.013  -7.475  2.491  2.138  2.076
1.0443  1.042  5.859  2.105  1.044  0.285  -0.221  -0.322  0.167  2.4984  2.6763  2.7828  -6.068  -7.013  -7.475  2.505  2.1428  2.098
1.0447  1.042  6.287  1.99  0.918  0.15  -0.363  -0.466  0.03  2.5083  2.6868  2.7973  -6.081  -7.026  -7.488  2.4418  2.0926  2.0451
1.045  1.042  6.72  1.879  0.797  0.02  -0.5  -0.604  -0.102  2.5059  2.6844  2.7948  -6.081  -7.026  -7.488  2.4398  2.0877  2.0332
1.0453  1.043  7.189  1.77  0.676  -0.111  -0.637  -0.742  -0.234  2.5006  2.6788  2.7893  -6.081  -7.026  -7.488  2.43  2.0695  2.004
1.0456  1.043  7.678  1.662  0.556  -0.239  -0.773  -0.879  -0.364  2.5044  2.6827  2.7931  -6.081  -7.026  -7.488  2.4314  2.0696  2.0056
1.0459  1.043  8.208  1.557  0.439  -0.366  -0.907  -1.015  -0.493  2.5083  2.6868  2.7973  -6.081  -7.026  -7.488  2.4379  2.0772  2.0196
1.0461  1.043  8.775  1.454  0.323  -0.491  -1.04  -1.149  -0.62  2.5051  2.6835  2.7939  -6.081  -7.026  -7.488  2.4307  2.0696  2.0048
1.0464  1.043  9.344  1.356  0.213  -0.612  -1.168  -1.279  -0.743  2.5046  2.683  2.7933  -6.081  -7.026  -7.488  2.4381  2.0788  2.0213
1.0466  1.043  9.962  1.257  0.101  -0.733  -1.296  -1.408  -0.865  2.5037  2.682  2.7923  -6.081  -7.026  -7.488  2.4377  2.0756  2.0179
1.0467  1.043  10.073  1.238  0.079  -0.756  -1.32  -1.433  -0.889  2.5078  2.6865  2.797  -6.081  -7.026  -7.488  2.4388  2.0844  2.0273
1.0469  1.043  9.695  1.291  0.142  -0.687  -1.245  -1.357  -0.818  2.521  2.7007  2.8118  -6.081  -7.026  -7.488  2.4391  2.0863  2.0294
1.047  1.043  9.144  1.376  0.242  -0.575  -1.126  -1.236  -0.704  2.5279  2.7078  2.8194  -6.081  -7.026  -7.488  2.4335  2.0698  2.008
1.0471  1.043  9.069  1.387  0.255  -0.561  -1.111  -1.221  -0.69  2.5279  2.7078  2.8194  -6.081  -7.026  -7.488  2.4335  2.0698  2.008
1.0471  1.043  9.17  1.371  0.237  -0.581  -1.132  -1.243  -0.71  2.5299  2.71  2.8217  -6.081  -7.026  -7.488  2.437  2.07  2.012
1.0473  1.043  9.774  1.274  0.126  -0.703  -1.261  -1.373  -0.834  2.5067  2.6849  2.7925  -6.081  -7.026  -7.488  2.4594  2.1033  2.0501
1.0474  1.043  10.429  1.176  0.013  -0.826  -1.391  -1.505  -0.959  2.4864  2.6626  2.7686  -6.081  -7.026  -7.488  2.4858  2.1187  2.0551
1.0476  1.043  11.134  1.08  -0.101  -0.95  -1.524  -1.639  -1.085  2.4779  2.6538  2.7589  -6.081  -7.026  -7.488  2.4791  2.1131  2.0516
1.0478  1.043  11.9  0.983  -0.214  -1.074  -1.656  -1.773  -1.211  2.4827  2.659  2.764  -6.081  -7.026  -7.488  2.4769  2.1109  2.0514
1.0479  1.043  12.696  0.89  -0.324  -1.195  -1.785  -1.903  -1.334  2.4882  2.6655  2.7716  -6.081  -7.026  -7.488  2.4382  2.0796  2.0222
1.0481  1.043  13.566  0.797  -0.435  -1.318  -1.917  -2.037  -1.46  2.4836  2.6605  2.7666  -6.081  -7.026  -7.488  2.4342  2.0688  1.9958
1.0482  1.043  14.473  0.707  -0.544  -1.438  -2.046  -2.167  -1.582  2.4796  2.6563  2.7625  -6.081  -7.026  -7.488  2.4226  2.0654  1.9946
1.0483  1.043  15.423  0.618  -0.651  -1.558  -2.174  -2.297  -1.704  2.4801  2.6568  2.763  -6.081  -7.026  -7.488  2.4228  2.0667  1.9948
1.0484  1.043  16.461  0.529  -0.759  -1.678  -2.302  -2.428  -1.826  2.4827  2.6597  2.7659  -6.081  -7.026  -7.488  2.4342  2.0688  1.9958
1.0485  1.043  17.549  0.443  -0.863  -1.794  -2.425  -2.554  -1.944  2.4829  2.66  2.7661  -6.081  -7.026  -7.488  2.4342  2.0688  1.9958
1.0486  1.042  18.718  0.355  -0.967  -1.91  -2.546  -2.679  -2.061  2.4799  2.6567  2.7629  -6.081  -7.026  -7.488  2.4211  2.0556  1.9931
1.0486  1.042  19.932  0.269  -1.067  -2.025  -2.664  -2.802  -2.177  2.478  2.6546  2.7608  -6.081  -7.026  -7.488  2.42  2.0531  1.9882
1.0487  1.042  21.235  0.184  -1.168  -2.139  -2.782  -2.925  -2.292  2.4785  2.6552  2.7614  -6.081  -7.026  -7.488  2.4201  2.0532  1.9885
1.0488  1.041  22.623  0.101  -1.267  -2.251  -2.899  -3.048  -2.405  2.4796  2.6562  2.7625  -6.081  -7.026  -7.488  2.4136  2.0474  1.9832
1.0488  1.041  24.074  0.019  -1.365  -2.364  -3.016  -3.17  -2.519  2.4776  2.6543  2.7606  -6.081  -7.026  -7.488  2.4156  2.0491  1.9847
1.0489  1.041  25.648  -0.064  -1.462  -2.476  -3.133  -3.292  -2.633  2.4816  2.6584  2.7647  -6.081  -7.026  -7.488  2.4144  2.0481  1.9838
1.049  1.04  27.274  -0.14  -1.556  -2.583  -3.246  -3.411  -2.741  2.4829  2.6598  2.7661  -6.081  -7.026  -7.488  2.4152  2.0488  1.9844
1.049  1.04  29.024  -0.218  -1.65  -2.694  -3.36  -3.533  -2.853  2.4844  2.661  2.7673  -6.081  -7.026  -7.488  2.4132  2.047  1.9829
1.049  1.039  30.9  -0.293  -1.746  -2.804  -3.478  -3.656  -2.965  2.489  2.666  2.7724  -6.081  -7.026  -7.488  2.4212  2.0563  1.9932
1.0491  1.039  32.859  -0.358  -1.839  -2.913  -3.595  -3.778  -3.076  2.4922  2.6695  2.7759  -6.081  -7.026  -7.488  2.4215  2.0582  1.9935
1.0491  1.038  34.959  -0.423  -1.933  -3.023  -3.714  -3.901  -3.188  2.4922  2.6695  2.7759  -6.081  -7.026  -7.488  2.4215  2.0582  1.9935
1.0492  1.037  37.133  -0.487  -2.026  -3.131  -3.831  -4.023  -3.299  2.4931  2.6704  2.7769  -6.081  -7.026  -7.488  2.4216  2.0589  1.9936
1.0492  1.036  39.46  -0.543  -2.116  -3.238  -3.947  -4.143  -3.408  2.4954  2.673  2.7795  -6.081  -7.026  -7.488  2.4216  2.0683  1.9953
1.0492  1.036  41.933  -0.6  -2.207  -3.346  -4.062  -4.263  -3.518  2.4976  2.6753  2.7818  -6.081  -7.026  -7.488  2.422  2.0685  1.9955
1.0492  1.035  44.51  -0.653  -2.294  -3.45  -4.175  -4.381  -3.624  2.4976  2.6753  2.7818  -6.081  -7.026  -7.488  2.422  2.0685  1.9955
1.0493  1.034  47.267  -0.699  -2.38  -3.555  -4.288  -4.499  -3.731  2.4979  2.6756  2.7822  -6.081  -7.026  -7.488  2.4223  2.0686  1.9956
1.0493  1.033  50.114  -0.745  -2.466  -3.659  -4.401  -4.617  -3.838  2.4987  2.6764  2.7831  -6.081  -7.026  -7.488  2.4226  2.0688  1.9958
1.0493  1.031  53.156  -0.787  -2.55  -3.76  -4.512  -4.733  -3.942  2.4986  2.6763  2.783  -6.081  -7.026  -7.488  2.4226  2.0688  1.9958
1.0493  1.03  57.142  -0.819  -2.649  -3.887  -4.647  -4.875  -4.071  2.4989  2.6767  2.7833  -6.081  -7.026  -7.488  2.4227  2.0688  1.9958
1.0494  1.028  61.356  -0.847  -2.746  -4.01  -4.781  -5.016  -4.197  2.5018  2.6796  2.7863  -6.081  -7.026  -7.488  2.4229  2.0689  1.996
1.0494  1.026  65.88  -0.865  -2.841  -4.135  -4.914  -5.156  -4.324  2.5021  2.6799  2.7866  -6.081  -7.026  -7.488  2.423  2.069  1.996
1.0494  1.024  70.657  -0.869  -2.932  -4.258  -5.046  -5.294  -4.449  2.5024  2.6803  2.787  -6.081  -7.026  -7.488  2.4244  2.0691  1.9976
1.0494  1.022  75.78  -0.871  -3.021  -4.38  -5.176  -5.431  -4.573  2.5045  2.6824  2.7891  -6.081  -7.026  -7.488  2.4372  2.0716  2.0137
1.0494  1.02  81.256  -0.841  -3.1  -4.5  -5.305  -5.567  -4.696  2.5042  2.6821  2.7888  -6.081  -7.026  -7.488  2.4373  2.0724  2.0145
1.0494  1.017  86.927  -0.807  -3.175  -4.616  -5.43  -5.699  -4.814  2.504  2.6819  2.7885  -6.081  -7.026  -7.488  2.4375  2.074  2.0162
1.0495  1.014  92.951  -0.752  -3.241  -4.731  -5.552  -5.829  -4.931  2.5064  2.6845  2.7911  -6.081  -7.026  -7.488  2.4396  2.086  2.0298
1.0495  1.011  99.324  -0.68  -3.303  -4.847  -5.675  -5.959  -5.049  2.5061  2.6841  2.7906  -6.081  -7.026  -7.488  2.4402  2.086  2.0306
1.0495  1.007  106.012  -0.591  -3.356  -4.961  -5.795  -6.087  -5.165  2.5075  2.6857  2.7921  -6.081  -7.026  -7.488  2.4484  2.0888  2.0346
1.0495  1.003  113.385  -0.48  -3.397  -5.075  -5.915  -6.215  -5.28  2.5076  2.6858  2.7922  -6.081  -7.026  -7.488  2.4516  2.0902  2.0354
1.0495  0.999  120.936  -0.359  -3.43  -5.187  -6.031  -6.34  -5.393  2.5076  2.6858  2.7922  -6.081  -7.026  -7.488  2.4516  2.0902  2.0354
1.0495  0.994  128.841  -0.207  -3.44  -5.296  -6.144  -6.462  -5.503  2.5076  2.6858  2.7922  -6.081  -7.026  -7.488  2.4516  2.0902  2.0354
1.0495  0.989  137.327  -0.043  -3.446  -5.404  -6.257  -6.584  -5.613  2.5076  2.6858  2.7922  -6.081  -7.026  -7.488  2.4516  2.0902  2.0354
1.0495  0.983  146.068  0.163  -3.416  -5.508  -6.364  -6.701  -5.718  2.5076  2.6858  2.7922  -6.081  -7.026  -7.488  2.4516  2.0902  2.0354
1.0495  0.976  155.008  0.368  -3.385  -5.609  -6.47  -6.815  -5.82  2.5072  2.6853  2.7917  -6.081  -7.026  -7.488  2.4508  2.0898  2.0352
1.0495  0.972  160.124  0.467  -3.369  -5.663  -6.525  -6.875  -5.874  2.5072  2.6853  2.7917  -6.081  -7.026  -7.488  2.4508  2.0898  2.0352
1.0496  0.973  10.712  0.866  -0.211  -0.991  -1.508  -1.611  -1.112  2.5089  2.6871  2.7935  -6.081  -7.026  -7.488  2.4532  2.0909  2.0358
1.0497  0.973  10.771  0.857  -0.22  -1.001  -1.518  -1.622  -1.122  2.5147  2.6932  2.7995  -6.081  -7.026  -7.488  2.4657  2.0985  2.0441
1.0498  0.973  10.761  0.856  -0.221  -1.001  -1.518  -1.622  -1.122  2.5162  2.6947  2.8012  -6.081  -7.026  -7.488  2.4678  2.1  2.0461
1.05  0.973  10.717  0.857  -0.217  -0.996  -1.512  -1.615  -1.117  2.516  2.6944  2.801  -6.081  -7.026  -7.488  2.4572  2.0926  2.0368
1.0501  0.973  10.672  0.86  -0.212  -0.989  -1.503  -1.606  -1.109  2.5194  2.6979  2.8045  -6.081  -7.026  -7.488  2.4601  2.0945  2.0389
1.0502  0.974  10.611  0.863  -0.206  -0.981  -1.493  -1.597  -1.101  2.5175  2.6958  2.8025  -6.081  -7.026  -7.488  2.4512  2.0898  2.0352
1.0503  0.974  10.557  0.867  -0.2  -0.973  -1.484  -1.586  -1.092  2.5131  2.6911  2.7977  -6.081  -7.026  -7.488  2.4572  2.0926  2.0368
1.0504  0.974  10.497  0.87  -0.193  -0.965  -1.474  -1.576  -1.084  2.5063  2.6838  2.79  -6.081  -7.026  -7.488  2.449  2.0888  2.0346
1.0505  0.974  10.453  0.873  -0.188  -0.958  -1.466  -1.568  -1.077  2.5055  2.6828  2.7889  -6.081  -7.026  -7.488  2.4468  2.0877  2.034
1.0506  0.974  10.405  0.875  -0.184  -0.952  -1.459  -1.561  -1.07  2.4998  2.6767  2.7826  -6.081  -7.026  -7.488  2.4445  2.0867  2.0334
1.0507  0.974  10.374  0.877  -0.18  -0.947  -1.452  -1.554  -1.065  2.4935  2.6699  2.7754  -6.081  -7.026  -7.488  2.4426  2.086  2.0312
1.0508  0.974  10.336  0.878  -0.177  -0.942  -1.447  -1.548  -1.06  2.5097  2.6876  2.797  -6.093  -7.039  -7.501  2.4216  2.0621  1.9941
1.0509  0.974  10.31  0.879  -0.174  -0.939  -1.442  -1.543  -1.056  2.5086  2.6864  2.7958  -6.093  -7.039  -7.501  2.4193  2.0536  1.9895
1.051  0.975  10.3  0.879  -0.173  -0.937  -1.44  -1.541  -1.054  2.5105  2.6883  2.7977  -6.093  -7.039  -7.501  2.419  2.0531  1.9882
1.051  0.975  10.284  0.879  -0.172  -0.936  -1.438  -1.539  -1.053  2.5124  2.6903  2.7997  -6.093  -7.039  -7.501  2.4191  2.0533  1.9887
1.0511  0.975  10.274  0.88  -0.171  -0.933  -1.435  -1.536  -1.05  2.5122  2.69  2.7994  -6.093  -7.039  -7.501  2.4192  2.0535  1.9892
1.0512  0.975  10.253  0.879  -0.17  -0.932  -1.433  -1.534  -1.049  2.5112  2.6888  2.7983  -6.093  -7.039  -7.501  2.4148  2.0488  1.9844
1.0514  0.975  10.244  0.879  -0.17  -0.931  -1.432  -1.533  -1.048  2.5132  2.691  2.8004  -6.093  -7.039  -7.501  2.4165  2.0505  1.9859
1.0515  0.975  10.251  0.877  -0.171  -0.932  -1.432  -1.533  -1.049  2.5172  2.6951  2.8047  -6.093  -7.039  -7.501  2.4144  2.0484  1.9841
1.0516  0.975  10.251  0.875  -0.173  -0.933  -1.433  -1.534  -1.05  2.5198  2.6978  2.8075  -6.093  -7.039  -7.501  2.4162  2.0502  1.9856
1.0517  0.975  10.263  0.873  -0.175  -0.936  -1.436  -1.537  -1.053  2.5204  2.6985  2.8082  -6.093  -7.039  -7.501  2.4183  2.0523  1.9874
1.0517  0.975  10.274  0.871  -0.177  -0.937  -1.438  -1.539  -1.054  2.5248  2.7032  2.813  -6.093  -7.039  -7.501  2.4198  2.0547  1.9922
1.0518  0.975  10.291  0.87  -0.179  -0.94  -1.44  -1.541  -1.057  2.5254  2.7038  2.8137  -6.093  -7.039  -7.501  2.4199  2.0548  1.9925
1.0519  0.976  10.319  0.865  -0.184  -0.945  -1.446  -1.547  -1.062  2.5324  2.7111  2.8214  -6.093  -7.039  -7.501  2.4196  2.0542  1.991
1.052  0.976  10.353  0.86  -0.19  -0.952  -1.454  -1.555  -1.069  2.5326  2.7108  2.8217  -6.093  -7.039  -7.501  2.4342  2.0688  1.9958
1.0521  0.976  10.415  0.853  -0.199  -0.962  -1.464  -1.565  -1.079  2.5372  2.7155  2.8263  -6.093  -7.039  -7.501  2.4387  2.0698  2.0096
1.0522  0.976  10.482  0.845  -0.209  -0.974  -1.477  -1.579  -1.091  2.5363  2.7146  2.8254  -6.093  -7.039  -7.501  2.4385  2.0698  2.008
1.0523  0.976  10.567  0.835  -0.221  -0.988  -1.493  -1.595  -1.106  2.5367  2.7149  2.8257  -6.093  -7.039  -7.501  2.4384  2.0697  2.0072
1.0524  0.976  10.67  0.824  -0.236  -1.004  -1.511  -1.613  -1.122  2.5352  2.7132  2.824  -6.093  -7.039  -7.501  2.4386  2.0698  2.0088
1.0525  0.976  10.773  0.811  -0.252  -1.023  -1.531  -1.634  -1.142  2.536  2.714  2.8248  -6.093  -7.039  -7.501  2.4388  2.0699  2.0104
1.0526  0.976  10.926  0.795  -0.273  -1.047  -1.558  -1.66  -1.166  2.5377  2.716  2.8267  -6.093  -7.039  -7.501  2.4416  2.0836  2.0205
1.0527  0.977  11.027  0.782  -0.288  -1.064  -1.576  -1.679  -1.184  2.545  2.7237  2.8346  -6.093  -7.039  -7.501  2.4424  2.086  2.0251
1.0528  0.977  10.956  0.79  -0.278  -1.053  -1.564  -1.666  -1.172  2.5433  2.722  2.833  -6.093  -7.039  -7.501  2.4426  2.086  2.0265
1.0529  0.977  11.26  0.757  -0.32  -1.101  -1.617  -1.72  -1.222  2.5451  2.7237  2.8348  -6.093  -7.039  -7.501  2.4411  2.0812  2.019
1.053  0.977  11.908  0.69  -0.405  -1.199  -1.724  -1.83  -1.322  2.5466  2.7255  2.8366  -6.093  -7.039  -7.501  2.4418  2.0852  2.0215
1.0531  0.977  12.655  0.617  -0.498  -1.307  -1.843  -1.95  -1.433  2.5489  2.7278  2.839  -6.093  -7.039  -7.501  2.4405  2.078  2.017
1.0531  0.977  13.457  0.543  -0.593  -1.416  -1.963  -2.072  -1.544  2.5275  2.7046  2.8113  -6.093  -7.039  -7.501  2.4725  2.0935  2.0376
1.0531  0.977  14.317  0.469  -0.687  -1.525  -2.081  -2.193  -1.656  2.5275  2.7046  2.8113  -6.093  -7.039  -7.501  2.4725  2.0935  2.0376
1.0531  0.977  15.2  0.399  -0.778  -1.63  -2.198  -2.312  -1.764  2.5271  2.7043  2.8109  -6.093  -7.039  -7.501  2.472  2.093  2.037
1.0531  0.977  16.157  0.328  -0.872  -1.737  -2.316  -2.432  -1.874  2.5271  2.7043  2.8109  -6.093  -7.039  -7.501  2.472  2.093  2.037
1.0531  0.977  17.181  0.253  -0.965  -1.845  -2.431  -2.551  -1.983  2.5271  2.7043  2.8109  -6.093  -7.039  -7.501  2.472  2.093  2.037
1.0532  0.977  18.233  0.183  -1.054  -1.948  -2.54  -2.665  -2.088  2.5271  2.7043  2.8109  -6.093  -7.039  -7.501  2.472  2.093  2.037
1.0532  0.977  18.254  0.182  -1.055  -1.95  -2.542  -2.667  -2.09  2.5271  2.7043  2.8109  -6.093  -7.039  -7.501  2.472  2.093  2.037
1.0532  0.977  18.804  0.145  -1.101  -2.003  -2.598  -2.725  -2.144  2.5271  2.7043  2.8109  -6.093  -7.039  -7.501  2.472  2.093  2.037
1.0532  0.977  19.969  0.072  -1.19  -2.105  -2.707  -2.838  -2.247  2.5271  2.7043  2.8109  -6.093  -7.039  -7.501  2.472  2.093  2.037
1.0532  0.977  20.671  0.031  -1.242  -2.167  -2.771  -2.905  -2.31  2.5268  2.7039  2.8105  -6.093  -7.039  -7.501  2.4713  2.0929  2.0368
1.0532  0.977  20.538  0.037  -1.234  -2.157  -2.76  -2.894  -2.3  2.5268  2.7039  2.8105  -6.093  -7.039  -7.501  2.4713  2.0929  2.0368
1.0532  0.977  19.699  0.088  -1.171  -2.083  -2.683  -2.814  -2.225  2.5268  2.7039  2.8105  -6.093  -7.039  -7.501  2.4713  2.0929  2.0368
1.0532  0.976  19.668  0.09  -1.169  -2.081  -2.681  -2.811  -2.223  2.5271  2.7042  2.8107  -6.093  -7.039  -7.501  2.4671  2.0923  2.0356
1.0533  0.975  20.92  0.017  -1.259  -2.187  -2.792  -2.928  -2.33  2.5283  2.7055  2.8122  -6.093  -7.039  -7.501  2.465  2.092  2.035
1.0533  0.975  22.139  -0.05  -1.343  -2.285  -2.897  -3.037  -2.43  2.528  2.7051  2.812  -6.093  -7.039  -7.501  2.4643  2.0919  2.0348
1.0533  0.974  23.635  -0.127  -1.439  -2.397  -3.015  -3.162  -2.544  2.53  2.7072  2.8142  -6.093  -7.039  -7.501  2.4615  2.0915  2.034
1.0534  0.972  25.384  -0.211  -1.544  -2.521  -3.146  -3.299  -2.669  2.53  2.7072  2.8142  -6.093  -7.039  -7.501  2.4615  2.0915  2.034
1.0534  0.971  27.099  -0.286  -1.639  -2.632  -3.265  -3.424  -2.782  2.5285  2.7056  2.8126  -6.093  -7.039  -7.501  2.4475  2.0875  2.0253
1.0534  0.97  28.917  -0.361  -1.732  -2.743  -3.381  -3.548  -2.895  2.5311  2.7083  2.8153  -6.093  -7.039  -7.501  2.4622  2.0916  2.0342
1.0534  0.968  30.822  -0.427  -1.827  -2.855  -3.503  -3.675  -3.009  2.5309  2.7082  2.8151  -6.093  -7.039  -7.501  2.4615  2.0915  2.034
1.0534  0.966  32.851  -0.491  -1.92  -2.965  -3.624  -3.8  -3.122  2.5309  2.7082  2.8151  -6.093  -7.039  -7.501  2.4615  2.0915  2.034
1.0535  0.965  35.015  -0.554  -2.012  -3.075  -3.744  -3.925  -3.235  2.5314  2.7087  2.8157  -6.093  -7.039  -7.501  2.4622  2.0916  2.0342
1.0535  0.962  37.261  -0.613  -2.104  -3.184  -3.863  -4.049  -3.346  2.5314  2.7086  2.8156  -6.093  -7.039  -7.501  2.4615  2.0915  2.034
1.0535  0.96  39.816  -0.661  -2.192  -3.294  -3.986  -4.178  -3.46  2.5319  2.7091  2.8161  -6.093  -7.039  -7.501  2.4622  2.0916  2.0342
1.0535  0.957  42.949  -0.681  -2.276  -3.409  -4.119  -4.32  -3.579  2.5325  2.7097  2.8167  -6.093  -7.039  -7.501  2.4608  2.0914  2.0338
1.0535  0.954  46.042  -0.712  -2.36  -3.519  -4.244  -4.452  -3.693  2.5325  2.7097  2.8167  -6.093  -7.039  -7.501  2.4608  2.0914  2.0338
1.0535  0.95  49.086  -0.751  -2.448  -3.629  -4.364  -4.578  -3.806  2.5325  2.7097  2.8167  -6.093  -7.039  -7.501  2.4608  2.0914  2.0338
1.0535  0.946  52.331  -0.788  -2.535  -3.739  -4.485  -4.705  -3.919  2.5341  2.7113  2.8182  -6.093  -7.039  -7.501  2.4594  2.0912  2.0334
1.0536  0.941  55.841  -0.814  -2.62  -3.849  -4.604  -4.83  -4.031  2.5341  2.7113  2.8182  -6.093  -7.039  -7.501  2.4594  2.0912  2.0334
1.0536  0.935  59.711  -0.829  -2.708  -3.964  -4.73  -4.963  -4.149  2.5341  2.7113  2.8182  -6.093  -7.039  -7.501  2.4594  2.0912  2.0334
1.0536  0.929  64.055  -0.84  -2.796  -4.083  -4.858  -5.099  -4.271  2.5341  2.7113  2.8182  -6.093  -7.039  -7.501  2.4594  2.0912  2.0334
1.0536  0.925  68.447  -0.831  -2.875  -4.195  -4.98  -5.227  -4.385  2.5341  2.7113  2.8182  -6.093  -7.039  -7.501  2.4594  2.0912  2.0334
1.0536  0.921  73.174  -0.817  -2.954  -4.309  -5.103  -5.357  -4.502  2.5341  2.7113  2.8182  -6.093  -7.039  -7.501  2.4594  2.0912  2.0334
1.0536  0.916  78.335  -0.772  -3.026  -4.423  -5.227  -5.49  -4.618  2.5341  2.7113  2.8182  -6.093  -7.039  -7.501  2.4594  2.0912  2.0334
1.0536  0.91  83.86  -0.719  -3.094  -4.538  -5.351  -5.621  -4.736  2.5345  2.7117  2.8187  -6.093  -7.039  -7.501  2.4601  2.0913  2.0336
1.0536  0.904  89.383  -0.644  -3.148  -4.644  -5.465  -5.743  -4.844  2.5345  2.7117  2.8187  -6.093  -7.039  -7.501  2.4601  2.0913  2.0336
1.0536  0.897  95.908  -0.537  -3.202  -4.762  -5.592  -5.879  -4.964  2.5345  2.7117  2.8187  -6.093  -7.039  -7.501  2.4601  2.0913  2.0336
1.0536  0.887  102.791  -0.398  -3.236  -4.877  -5.714  -6.01  -5.081  2.5345  2.7117  2.8187  -6.093  -7.039  -7.501  2.4601  2.0913  2.0336
1.0536  0.874  109.965  -0.24  -3.261  -4.989  -5.833  -6.139  -5.195  2.5345  2.7117  2.8187  -6.093  -7.039  -7.501  2.4601  2.0913  2.0336
1.0536  0.859  117.046  -0.041  -3.249  -5.09  -5.939  -6.255  -5.298  2.5356  2.713  2.8199  -6.093  -7.039  -7.501  2.4587  2.0911  2.0332
1.0536  0.855  121.634  0.08  -3.243  -5.153  -6.005  -6.328  -5.361  2.5356  2.713  2.8199  -6.093  -7.039  -7.501  2.4587  2.0911  2.0332
1.0536  0.852  113.699  -0.091  -3.237  -5.04  -5.887  -6.199  -5.247  2.5356  2.713  2.8199  -6.093  -7.039  -7.501  2.4587  2.0911  2.0332
1.0536  0.851  115.28  -0.055  -3.237  -5.062  -5.91  -6.225  -5.269  2.5356  2.713  2.8199  -6.093  -7.039  -7.501  2.4587  2.0911  2.0332
1.0536  0.85  116.374  -0.025  -3.236  -5.078  -5.927  -6.243  -5.286  2.5356  2.713  2.8199  -6.093  -7.039  -7.501  2.4587  2.0911  2.0332
1.0536  0.849  118.674  0.031  -3.234  -5.11  -5.96  -6.28  -5.318  2.5356  2.713  2.8199  -6.093  -7.039  -7.501  2.4587  2.0911  2.0332
1.0536  0.848  120.88  0.087  -3.232  -5.14  -5.992  -6.314  -5.348  2.5356  2.713  2.8199  -6.093  -7.039  -7.501  2.4587  2.0911  2.0332
1.0536  0.847  123.326  0.149  -3.229  -5.172  -6.026  -6.351  -5.381  2.5356  2.713  2.8199  -6.093  -7.039  -7.501  2.4587  2.0911  2.0332
1.0536  0.845  128.367  0.297  -3.204  -5.239  -6.095  -6.427  -5.449  2.5356  2.713  2.8199  -6.093  -7.039  -7.501  2.4587  2.0911  2.0332
1.0536  0.843  138.661  0.588  -3.149  -5.366  -6.227  -6.572  -5.577  2.5356  2.713  2.8199  -6.093  -7.039  -7.501  2.4587  2.0911  2.0332
1.0536  0.839  150.472  0.879  -3.083  -5.501  -6.366  -6.724  -5.713  2.5356  2.713  2.8199  -6.093  -7.039  -7.501  2.4587  2.0911  2.0332
1.0536  0.834  160.863  1.135  -3.014  -5.608  -6.479  -6.847  -5.822  2.5356  2.713  2.8199  -6.093  -7.039  -7.501  2.4587  2.0911  2.0332
1.0536  0.826  172.645  1.373  -2.938  -5.721  -6.597  -6.977  -5.936  2.5356  2.713  2.8199  -6.093  -7.039  -7.501  2.4587  2.0911  2.0332
1.0536  0.817  179.91  1.513  -2.888  -5.786  -6.664  -7.051  -6.002  2.5356  2.713  2.8199  -6.093  -7.039  -7.501  2.4587  2.0911  2.0332
1.0536  0.816  113.28  0.119  -3.138  -5.01  -5.861  -6.179  -5.218  2.5356  2.713  2.8199  -6.093  -7.039  -7.501  2.4587  2.0911  2.0332
1.0536  0.812  66.781  -0.763  -2.817  -4.141  -4.926  -5.175  -4.331  2.5356  2.713  2.8199  -6.093  -7.039  -7.501  2.4587  2.0911  2.0332
1.0536  0.808  69.8  -0.731  -2.859  -4.209  -5.002  -5.256  -4.401  2.5356  2.713  2.8199  -6.093  -7.039  -7.501  2.4587  2.0911  2.0332
1.0536  0.804  87.671  -0.439  -3.042  -4.579  -5.406  -5.689  -4.781  2.5356  2.713  2.8199  -6.093  -7.039  -7.501  2.4587  2.0911  2.0332
1.0536  0.798  116.884  0.267  -3.109  -5.054  -5.908  -6.234  -5.263  2.5356  2.713  2.8199  -6.093  -7.039  -7.501  2.4587  2.0911  2.0332
1.0536  0.791  147.793  1.129  -2.93  -5.441  -6.311  -6.673  -5.654  2.5356  2.713  2.8199  -6.093  -7.039  -7.501  2.4587  2.0911  2.0332
1.0536  0.784  171.654  1.594  -2.796  -5.685  -6.563  -6.948  -5.901  2.5356  2.713  2.8199  -6.093  -7.039  -7.501  2.4587  2.0911  2.0332
1.0536  0.775  185.334  1.701  -2.761  -5.805  -6.687  -7.084  -6.022  2.5356  2.713  2.8199  -6.093  -7.039  -7.501  2.4587  2.0911  2.0332
1.0536  0.765  191.494  1.762  -2.735  -5.856  -6.739  -7.141  -6.073  2.5356  2.713  2.8199  -6.093  -7.039  -7.501  2.4587  2.0911  2.0332
1.0536  0.755  189.346  1.643  -2.829  -5.861  -6.741  -7.14  -6.077  2.5356  2.713  2.8199  -6.093  -7.039  -7.501  2.4587  2.0911  2.0332
1.0536  0.754  97.781  -0.07  -3.038  -4.742  -5.585  -5.888  -4.948  2.5356  2.713  2.8199  -6.093  -7.039  -7.501  2.4587  2.0911  2.0332
1.0536  0.749  75.763  -0.513  -2.88  -4.319  -5.132  -5.402  -4.517  2.5356  2.713  2.8199  -6.093  -7.039  -7.501  2.4587  2.0911  2.0332
1.0536  0.746  94.985  -0.084  -3.006  -4.689  -5.531  -5.831  -4.895  2.5356  2.713  2.8199  -6.093  -7.039  -7.501  2.4587  2.0911  2.0332
1.0536  0.742  126.635  0.875  -2.906  -5.16  -6.024  -6.37  -5.372  2.5356  2.713  2.8199  -6.093  -7.039  -7.501  2.4587  2.0911  2.0332
1.0536  0.738  160.456  1.673  -2.687  -5.545  -6.423  -6.805  -5.761  2.5356  2.713  2.8199  -6.093  -7.039  -7.501  2.4587  2.0911  2.0332
1.0536  0.732  187.006  1.888  -2.621  -5.786  -6.671  -7.074  -6.003  2.5356  2.713  2.8199  -6.093  -7.039  -7.501  2.4587  2.0911  2.0332
1.0536  0.727  202.561  1.975  -2.598  -5.908  -6.794  -7.208  -6.126  2.5356  2.713  2.8199  -6.093  -7.039  -7.501  2.4587  2.0911  2.0332
1.0536  0.72  209.872  2.025  -2.582  -5.959  -6.846  -7.265  -6.177  2.5356  2.713  2.8199  -6.093  -7.039  -7.501  2.4587  2.0911  2.0332
1.0536  0.713  190.088  1.464  -2.991  -5.905  -6.783  -7.179  -6.121  2.5356  2.713  2.8199  -6.093  -7.039  -7.501  2.4587  2.0911  2.0332
1.0536  0.711  105.793  0.327  -2.962  -4.855  -5.707  -6.027  -5.063  2.5356  2.713  2.8199  -6.093  -7.039  -7.501  2.4587  2.0911  2.0332
1.0536  0.706  80.827  -0.377  -2.911  -4.419  -5.242  -5.521  -4.62  2.5356  2.713  2.8199  -6.093  -7.039  -7.501  2.4587  2.0911  2.0332
1.0536  0.702  101.591  0.169  -2.982  -4.79  -5.638  -5.951  -4.997  2.5356  2.713  2.8199  -6.093  -7.039  -7.501  2.4587  2.0911  2.0332
1.0536  0.697  135.755  1.261  -2.772  -5.259  -6.128  -6.49  -5.472  2.5356  2.713  2.8199  -6.093  -7.039  -7.501  2.4587  2.0911  2.0332
1.0536  0.691  172.367  1.888  -2.577  -5.64  -6.522  -6.92  -5.857  2.5356  2.713  2.8199  -6.093  -7.039  -7.501  2.4587  2.0911  2.0332
1.0536  0.685  200.473  2.044  -2.544  -5.876  -6.763  -7.18  -6.094  2.5356  2.713  2.8199  -6.093  -7.039  -7.501  2.4587  2.0911  2.0332
1.0536  0.677  215.901  2.114  -2.541  -5.992  -6.881  -7.309  -6.211  2.5356  2.713  2.8199  -6.093  -7.039  -7.501  2.4587  2.0911  2.0332
1.0536  0.669  221.746  2.138  -2.544  -6.035  -6.926  -7.359  -6.254  2.5356  2.713  2.8199  -6.093  -7.039  -7.501  2.4587  2.0911  2.0332
1.0536  0.66  183.255  0.675  -3.441  -5.914  -6.78  -7.166  -6.126  2.5356  2.713  2.8199  -6.093  -7.039  -7.501  2.4587  2.0911  2.0332
1.0536  0.657  107.215  -0.042  -3.149  -4.92  -5.763  -6.077  -5.126  2.5356  2.713  2.8199  -6.093  -7.039  -7.501  2.4587  2.0911  2.0332
1.0536  0.654  76.675  -0.876  -3.041  -4.406  -5.195  -5.458  -4.597  2.5356  2.713  2.8199  -6.093  -7.039  -7.501  2.4587  2.0911  2.0332
1.0536  0.649  79.351  -0.881  -3.089  -4.47  -5.262  -5.527  -4.662  2.5356  2.713  2.8199  -6.093  -7.039  -7.501  2.4587  2.0911  2.0332
1.0536  0.644  99.714  -0.479  -3.239  -4.835  -5.662  -5.959  -5.037  2.5356  2.713  2.8199  -6.093  -7.039  -7.501  2.4587  2.0911  2.0332
1.0536  0.636  133.584  0.521  -3.153  -5.301  -6.158  -6.506  -5.511  2.5356  2.713  2.8199  -6.093  -7.039  -7.501  2.4587  2.0911  2.0332
1.0536  0.628  169.455  1.472  -2.884  -5.677  -6.553  -6.943  -5.892  2.5356  2.713  2.8199  -6.093  -7.039  -7.501  2.4587  2.0911  2.0332
1.0536  0.618  195.099  1.761  -2.8  -5.901  -6.789  -7.205  -6.119  2.5356  2.713  2.8199  -6.093  -7.039  -7.501  2.4587  2.0911  2.0332
1.0536  0.608  206.184  1.775  -2.834  -6.001  -6.893  -7.321  -6.22  2.5356  2.713  2.8199  -6.093  -7.039  -7.501  2.4587  2.0911  2.0332
1.0536  0.596  206.469  1.671  -2.937  -6.021  -6.915  -7.345  -6.241  2.5356  2.713  2.8199  -6.093  -7.039  -7.501  2.4587  2.0911  2.0332
1.0536  0.583  161.271  -1.372  -4.219  -5.857  -6.685  -7.046  -6.059  2.5356  2.713  2.8199  -6.093  -7.039  -7.501  2.4587  2.0911  2.0332
