#Mini MPD Rad MV_j MI_c MJ_2M MH_2M MK_2M MHw sigmaJ sigmaH sigmaKs minJ minH minKs maxJ maxH maxKs
0.0005  0.0005  0.114  41.98  34.0  27.866  26.306  37.636  27.449  0.2  0.2  0.2  -999.0  -999.0  -999.0  999.0  999.0  999.0
0.001  0.001  0.117  32.58  25.89  22.019  22.209  29.086  22.059  0.2  0.2  0.2  -999.0  -999.0  -999.0  999.0  999.0  999.0
0.002  0.002  0.12  29.69  22.79  19.841  19.676  23.106  19.804  0.2  0.2  0.2  -999.0  -999.0  -999.0  999.0  999.0  999.0
0.003  0.003  0.121  28.71  21.66  18.731  18.514  20.856  18.682  0.2  0.2  0.2  -999.0  -999.0  -999.0  999.0  999.0  999.0
0.004  0.004  0.122  28.09  20.95  17.835  17.671  19.326  17.799  0.2  0.2  0.2  -999.0  -999.0  -999.0  999.0  999.0  999.0
0.005  0.005  0.122  27.65  20.44  17.141  16.995  18.126  17.109  0.2  0.2  0.2  -999.0  -999.0  -999.0  999.0  999.0  999.0
0.006  0.006  0.121  27.36  20.09  16.642  16.494  17.236  16.609  0.2  0.2  0.2  -999.0  -999.0  -999.0  999.0  999.0  999.0
0.007  0.007  0.121  27.03  19.74  16.111  16.004  16.356  16.087  0.2  0.2  0.2  -999.0  -999.0  -999.0  999.0  999.0  999.0
0.008  0.008  0.12  26.77  19.49  15.721  15.65  15.766  15.705  0.2  0.2  0.2  -999.0  -999.0  -999.0  999.0  999.0  999.0
0.009  0.009  0.12  26.45  19.19  15.292  15.236  15.136  15.28  0.2  0.2  0.2  -999.0  -999.0  -999.0  999.0  999.0  999.0
0.01  0.01  0.12  26.1  18.92  14.917  14.868  14.666  14.906  0.2  0.2  0.2  -999.0  -999.0  -999.0  999.0  999.0  999.0
0.012  0.012  0.129  23.53  16.79  13.188  12.979  12.736  13.141  0.2  0.2  0.2  -999.0  -999.0  -999.0  999.0  999.0  999.0
0.015  0.015  0.124  23.3  16.46  13.035  12.828  12.626  12.989  0.2  0.2  0.2  -999.0  -999.0  -999.0  999.0  999.0  999.0
0.02  0.02  0.122  22.3  16.08  12.587  12.348  12.146  12.533  0.2  0.2  0.2  -999.0  -999.0  -999.0  999.0  999.0  999.0
0.03  0.03  0.126  19.96  14.48  11.518  11.212  10.876  11.449  0.2  0.2  0.2  -999.0  -999.0  -999.0  999.0  999.0  999.0
0.04  0.04  0.132  18.46  13.31  10.892  10.533  10.166  10.81  0.2  0.2  0.2  -999.0  -999.0  -999.0  999.0  999.0  999.0
0.05  0.05  0.141  17.09  12.53  10.433  10.032  9.686  10.341  0.2  0.2  0.2  -999.0  -999.0  -999.0  999.0  999.0  999.0
0.06  0.06  0.15  16.08  12.01  10.104  9.692  9.346  10.009  0.2  0.2  0.2  -999.0  -999.0  -999.0  999.0  999.0  999.0
0.07  0.07  0.16  15.33  11.6  9.823  9.402  9.076  9.726  0.2  0.2  0.2  -999.0  -999.0  -999.0  999.0  999.0  999.0
0.072  0.072  0.162  15.2  11.53  9.773  9.352  9.026  9.676  0.2  0.2  0.2  -999.0  -999.0  -999.0  999.0  999.0  999.0
0.075  0.075  0.166  15.01  11.42  9.693  9.272  8.946  9.596  0.2  0.2  0.2  -999.0  -999.0  -999.0  999.0  999.0  999.0
0.08  0.08  0.17  14.77  11.29  9.604  9.172  8.846  9.504  0.2  0.2  0.2  -999.0  -999.0  -999.0  999.0  999.0  999.0
0.09  0.09  0.22  16.263  12.081  9.512  8.981  8.617  9.388  0.5795  0.5883  0.6033  7.585  7.032  6.809  9.721  9.2232  9.0187
0.0931  0.093  0.223  16.203  12.02  9.45  8.92  8.556  9.326  0.5267  0.5346  0.5486  7.528  6.981  6.769  9.6972  9.1728  8.9825
0.1  0.1  0.229  16.065  11.88  9.311  8.78  8.417  9.187  0.5735  0.58  0.5932  7.435  6.88  6.675  9.542  9.022  8.817
0.1008  0.101  0.23  16.052  11.866  9.297  8.766  8.403  9.173  0.5705  0.5782  0.5927  7.435  6.88  6.675  9.5378  9.021  8.8186
0.1114  0.111  0.24  15.655  11.59  9.124  8.592  8.231  8.999  0.5506  0.5568  0.5572  7.294  6.733  6.531  9.3748  8.8212  8.598
0.12  0.12  0.247  15.247  11.336  9.001  8.466  8.11  8.876  0.5286  0.5324  0.5421  7.196  6.632  6.427  9.2268  8.68  8.4672
0.14  0.14  0.263  14.624  10.922  8.761  8.224  7.876  8.635  0.5158  0.519  0.5267  6.972  6.406  6.201  8.964  8.418  8.1906
0.1416  0.141  0.264  14.579  10.892  8.744  8.206  7.859  8.618  0.5275  0.5287  0.5391  6.972  6.406  6.214  8.9628  8.3995  8.1552
0.16  0.16  0.279  14.078  10.567  8.552  8.011  7.671  8.425  0.4554  0.4575  0.46  6.797  6.223  6.022  8.7492  8.1992  7.9634
0.2  0.2  0.308  13.253  10.026  8.209  7.663  7.337  8.081  0.4024  0.4038  0.4041  6.467  5.882  5.671  8.3988  7.8238  7.5832
0.2207  0.221  0.322  12.923  9.805  8.059  7.511  7.192  7.93  0.7068  0.7111  0.7239  6.361  5.774  5.56  8.2064  7.6455  7.4184
0.25  0.25  0.341  12.501  9.529  7.87  7.318  7.007  7.74  0.4088  0.4101  0.4095  6.15  5.556  5.347  8.05  7.4674  7.2303
0.2895  0.289  0.366  12.056  9.22  7.642  7.086  6.785  7.511  0.5431  0.5505  0.5543  5.938  5.34  5.141  7.7388  7.1686  6.9525
0.3  0.3  0.372  11.95  9.145  7.585  7.029  6.729  7.454  0.4854  0.4893  0.4914  5.905  5.306  5.107  7.7395  7.1445  6.909
0.35  0.35  0.406  11.48  8.806  7.323  6.76  6.471  7.191  0.4505  0.4538  0.4537  5.705  5.102  4.909  7.4498  6.85  6.6116
0.4  0.4  0.441  11.015  8.471  7.061  6.491  6.212  6.927  0.4098  0.4125  0.4125  5.52  4.92  4.741  7.143  6.53  6.299
0.45  0.45  0.48  10.53  8.12  6.783  6.204  5.935  6.646  0.3512  0.351  0.3508  5.346  4.757  4.585  6.8412  6.2202  5.99
0.5  0.5  0.523  9.972  7.727  6.479  5.888  5.631  6.339  0.3085  0.3024  0.3008  5.175  4.576  4.424  6.5344  5.9004  5.6734
0.5236  0.523  0.545  9.611  7.487  6.301  5.702  5.456  6.159  0.2813  0.2791  0.2835  5.109  4.553  4.356  6.3329  5.6888  5.4704
0.55  0.55  0.569  9.233  7.237  6.112  5.503  5.27  5.968  0.2736  0.2567  0.2533  4.973  4.445  4.298  6.1963  5.5456  5.3329
0.5558  0.555  0.574  9.132  7.173  6.066  5.455  5.226  5.921  0.3098  0.3  0.2963  4.99  4.431  4.272  6.235  5.583  5.3667
0.6  0.6  0.601  8.478  6.759  5.756  5.128  4.941  5.607  0.2515  0.2206  0.2192  4.838  4.261  4.131  5.896  5.2329  5.0496
0.6219  0.622  0.605  8.166  6.571  5.62  4.995  4.832  5.472  0.257  0.2199  0.2208  4.874  4.234  4.087  5.7701  5.1016  4.9126
0.6442  0.644  0.609  7.987  6.462  5.539  4.922  4.77  5.393  0.2443  0.2014  0.2049  4.648  4.111  3.985  5.611  4.939  4.777
0.65  0.65  0.612  7.953  6.44  5.522  4.906  4.757  5.376  0.2499  0.2118  0.2155  4.628  4.1  3.971  5.6188  4.9488  4.7757
0.6602  0.66  0.614  7.897  6.404  5.494  4.881  4.735  5.349  0.2526  0.2092  0.2102  4.626  4.087  3.951  5.5368  4.8616  4.7025
0.7  0.7  0.635  7.525  6.162  5.304  4.715  4.589  5.165  0.2256  0.1767  0.1807  4.425  3.943  3.832  5.342  4.682  4.5673
0.7118  0.712  0.642  7.388  6.074  5.239  4.666  4.545  5.104  0.2319  0.1798  0.1789  4.365  3.921  3.804  5.2182  4.5752  4.4688
0.75  0.75  0.663  6.955  5.788  5.029  4.517  4.409  4.909  0.2229  0.1806  0.1837  4.187  3.824  3.731  5.0781  4.4876  4.396
0.8  0.8  0.703  6.512  5.464  4.773  4.319  4.22  4.668  0.2058  0.1661  0.168  3.948  3.606  3.539  4.834  4.318  4.232
0.8474  0.847  0.742  6.135  5.18  4.546  4.142  4.05  4.453  0.2079  0.1664  0.1653  3.656  3.345  3.298  4.608  4.1384  4.0614
0.85  0.85  0.744  6.115  5.164  4.534  4.132  4.041  4.442  0.2035  0.1662  0.166  3.637  3.325  3.277  4.6  4.138  4.061
0.9  0.899  0.784  5.76  4.888  4.314  3.956  3.872  4.232  0.2055  0.1714  0.1698  3.373  3.091  3.055  4.3796  3.965  3.8953
0.95  0.95  0.83  5.439  4.636  4.108  3.785  3.708  4.035  0.2012  0.1676  0.1645  3.179  2.913  2.882  4.172  3.7978  3.7348
1.0  1.0  0.882  5.132  4.389  3.899  3.607  3.537  3.833  0.2057  0.1684  0.1644  3.004  2.762  2.733  3.982  3.623  3.5674
1.0275  1.027  0.913  4.975  4.261  3.791  3.513  3.446  3.728  0.2475  0.2237  0.2223  2.908  2.679  2.651  3.8575  3.487  3.4405
1.05  1.05  0.935  4.86  4.167  3.711  3.445  3.38  3.651  0.1935  0.1539  0.1504  2.825  2.609  2.583  3.7944  3.4584  3.4094
1.1  1.099  0.993  4.597  3.951  3.525  3.281  3.221  3.47  0.1829  0.1528  0.1516  2.663  2.44  2.415  3.6018  3.2958  3.253
1.1127  1.112  1.009  4.524  3.89  3.472  3.235  3.177  3.419  0.2313  0.2107  0.2101  2.635  2.44  2.415  3.5032  3.221  3.1828
1.15  1.149  1.055  4.345  3.741  3.342  3.119  3.064  3.292  0.1576  0.139  0.1397  2.501  2.303  2.279  3.429  3.1446  3.116
1.2  1.2  1.118  4.111  3.544  3.169  2.965  2.914  3.123  0.1269  0.1231  0.1258  2.398  2.202  2.178  3.2635  3.0555  3.0395
1.25  1.25  1.18  3.889  3.359  3.006  2.82  2.772  2.965  0.124  0.1475  0.1513  2.268  2.078  2.05  3.0846  2.996  2.9813
1.3  1.3  1.243  3.679  3.181  2.851  2.682  2.636  2.813  0.1113  0.1528  0.1573  2.174  1.985  1.955  2.9337  2.9414  2.9277
1.35  1.35  1.3  3.48  3.016  2.708  2.558  2.514  2.675  0.1124  0.1664  0.1718  2.045  1.874  1.85  2.864  2.8845  2.8735
1.4  1.4  1.352  3.293  2.864  2.579  2.447  2.404  2.55  0.1196  0.1791  0.1854  1.947  1.77  1.739  2.7993  2.8293  2.821
1.45  1.45  1.392  3.116  2.727  2.466  2.354  2.313  2.441  0.1344  0.1929  0.1997  1.847  1.668  1.641  2.7373  2.7749  2.7703
1.5  1.5  1.42  2.946  2.603  2.369  2.279  2.24  2.349  0.1558  0.2157  0.2234  1.751  1.571  1.543  2.6784  2.7222  2.72
1.55  1.55  1.436  2.786  2.493  2.287  2.22  2.182  2.272  0.1728  0.2302  0.2388  1.663  1.48  1.452  2.6268  2.6738  2.6748
1.6  1.6  1.449  2.632  2.389  2.211  2.166  2.129  2.201  0.18  0.2307  0.2398  1.617  1.427  1.397  2.5734  2.6244  2.628
1.6436  1.643  1.461  2.508  2.306  2.15  2.121  2.085  2.144  0.183  0.2285  0.2381  1.53  1.344  1.314  2.5207  2.5737  2.579
1.65  1.649  1.464  2.491  2.295  2.141  2.114  2.078  2.135  0.1904  0.2362  0.2459  1.53  1.344  1.314  2.52  2.573  2.579
1.7  1.699  1.479  2.36  2.206  2.074  2.064  2.029  2.072  0.1829  0.222  0.2323  1.469  1.325  1.298  2.473  2.529  2.538
1.75  1.749  1.493  2.239  2.123  2.011  2.014  1.979  2.012  0.1693  0.2029  0.2141  1.612  1.511  1.488  2.4269  2.4859  2.496
1.79  1.789  1.507  2.149  2.06  1.961  1.972  1.939  1.963  0.1613  0.1906  0.2023  1.79  1.683  1.66  2.377  2.4384  2.4518
1.8  1.799  1.51  2.128  2.044  1.948  1.962  1.929  1.951  0.1658  0.1927  0.2043  1.813  1.721  1.698  2.3778  2.4394  2.453
1.8429  1.842  1.526  2.042  1.981  1.897  1.919  1.887  1.902  0.1686  0.1941  0.2062  1.733  1.679  1.657  2.3316  2.3956  2.4106
1.85  1.849  1.529  2.028  1.97  1.889  1.912  1.88  1.894  0.1672  0.1904  0.2019  1.72  1.668  1.648  2.3316  2.3956  2.4106
1.9  1.899  1.549  1.934  1.898  1.83  1.859  1.829  1.836  0.1725  0.1936  0.2054  1.647  1.598  1.576  2.2875  2.3532  2.371
1.95  1.95  1.571  1.846  1.828  1.772  1.807  1.778  1.78  0.1699  0.1876  0.1989  1.567  1.533  1.514  2.2456  2.3126  2.3308
2.0  2.0  1.594  1.764  1.76  1.714  1.754  1.727  1.723  0.1747  0.1912  0.2024  1.5  1.501  1.485  2.203  2.273  2.294
2.05  2.05  1.617  1.686  1.695  1.659  1.703  1.678  1.668  0.1734  0.188  0.1989  1.495  1.501  1.485  2.1601  2.232  2.2531
2.1  2.099  1.642  1.611  1.63  1.603  1.65  1.627  1.613  0.1845  0.1987  0.2098  1.502  1.526  1.515  2.119  2.1929  2.2168
2.15  2.149  1.667  1.538  1.567  1.549  1.599  1.577  1.56  0.1787  0.1918  0.2022  1.456  1.481  1.47  2.058  2.135  2.159
2.1511  2.15  1.667  1.537  1.566  1.547  1.597  1.576  1.558  0.1794  0.1925  0.203  1.456  1.481  1.47  2.058  2.135  2.159
2.2  2.199  1.693  1.468  1.505  1.494  1.547  1.527  1.505  0.1817  0.1943  0.2045  1.405  1.434  1.425  2.0233  2.0985  2.1237
2.25  2.249  1.721  1.399  1.444  1.44  1.495  1.478  1.452  0.1889  0.2011  0.2109  1.354  1.385  1.377  1.985  2.0635  2.0915
2.3  2.299  1.747  1.333  1.383  1.387  1.444  1.428  1.399  0.1833  0.1938  0.2023  1.311  1.35  1.346  1.9509  2.0295  2.0581
2.3089  2.308  1.752  1.321  1.373  1.377  1.435  1.42  1.389  0.1738  0.1831  0.1906  1.318  1.361  1.36  1.945  2.024  2.0528
2.4  2.399  1.804  1.203  1.265  1.282  1.343  1.331  1.295  0.1979  0.2087  0.2174  1.145  1.186  1.184  1.874  1.9568  1.9886
2.51  2.51  1.867  1.067  1.139  1.169  1.235  1.226  1.183  0.1755  0.1846  0.1918  1.093  1.146  1.149  1.7276  1.8136  1.8469
2.6  2.6  1.918  0.959  1.038  1.078  1.147  1.141  1.093  0.2054  0.2153  0.2231  0.918  0.966  0.97  1.7036  1.7926  1.8276
2.7895  2.79  2.034  0.74  0.832  0.892  0.965  0.964  0.908  0.2207  0.2301  0.2374  0.741  0.801  0.815  1.5705  1.6596  1.6966
2.8  2.8  2.041  0.729  0.82  0.881  0.955  0.954  0.897  0.2161  0.2253  0.2324  0.741  0.801  0.815  1.5522  1.6445  1.6834
2.9262  2.926  2.123  0.59  0.688  0.76  0.837  0.838  0.777  0.2404  0.2506  0.2584  0.572  0.629  0.641  1.437  1.528  1.568
3.0  3.0  2.172  0.51  0.612  0.69  0.768  0.771  0.707  0.2346  0.2433  0.2499  0.491  0.552  0.568  1.3884  1.4842  1.5262
3.0708  3.071  2.221  0.435  0.54  0.623  0.703  0.707  0.64  0.2195  0.2273  0.2331  0.436  0.5  0.517  1.272  1.3675  1.4095
3.2  3.199  2.314  0.297  0.408  0.501  0.582  0.589  0.518  0.2615  0.2695  0.2756  0.252  0.315  0.333  1.2557  1.3544  1.3987
3.2699  3.269  2.366  0.225  0.338  0.435  0.518  0.526  0.453  0.2408  0.249  0.2551  0.17  0.236  0.256  1.091  1.1891  1.2339
3.3855  3.384  2.459  0.105  0.223  0.327  0.412  0.421  0.345  0.2891  0.2964  0.3018  0.06  0.127  0.149  1.1036  1.201  1.2444
3.4  3.398  2.47  0.09  0.208  0.313  0.398  0.408  0.331  0.2892  0.2962  0.3014  -0.009  0.056  0.077  1.1084  1.2105  1.2569
3.4445  3.443  2.506  0.045  0.165  0.272  0.358  0.368  0.29  0.2806  0.287  0.2918  -0.034  0.034  0.056  1.0498  1.1505  1.1972
3.547  3.545  2.594  -0.059  0.064  0.178  0.264  0.276  0.196  0.3256  0.3327  0.3381  -0.159  -0.089  -0.064  0.9725  1.0728  1.1205
3.6  3.598  2.645  -0.114  0.011  0.127  0.214  0.227  0.146  0.3499  0.3569  0.362  -0.228  -0.161  -0.139  0.9828  1.0845  1.1315
3.7176  3.715  2.756  -0.234  -0.106  0.016  0.105  0.118  0.035  0.3711  0.378  0.383  -0.488  -0.399  -0.361  0.8116  0.915  0.9654
3.8  3.798  2.844  -0.32  -0.19  -0.064  0.025  0.04  -0.045  1.6904  1.8351  1.8719  -4.449  -4.93  -5.01  0.75  0.8496  0.901
3.8457  3.845  2.891  -0.368  -0.236  -0.108  -0.018  -0.003  -0.089  1.7063  1.8775  1.9181  -4.569  -5.077  -5.158  0.3858  0.4777  0.5207
3.9694  3.97  3.042  -0.501  -0.366  -0.235  -0.143  -0.127  -0.215  3.1425  3.4185  3.5415  -8.999  -9.859  -10.352  0.3438  0.41  0.446
4.0  4.001  3.08  -0.535  -0.4  -0.267  -0.176  -0.159  -0.248  4.2579  3.8062  3.6085  -8.999  -9.871  -10.352  0.4558  0.4017  0.3824
4.0817  4.081  3.189  -0.625  -0.488  -0.353  -0.261  -0.244  -0.333  2.7268  3.1101  3.259  -9.041  -9.905  -10.36  -0.2652  -0.175  -0.1352
4.1838  4.182  3.346  -0.741  -0.602  -0.465  -0.372  -0.355  -0.445  3.713  3.5177  3.4661  -8.769  -9.849  -10.264  0.2326  0.208  0.204
4.2  4.198  3.369  -0.76  -0.621  -0.484  -0.391  -0.373  -0.464  2.9725  3.2197  3.3692  -9.128  -9.993  -10.375  0.0981  0.1032  0.106
4.2539  4.252  3.461  -0.823  -0.684  -0.545  -0.452  -0.434  -0.525  4.6129  3.7962  3.3762  -9.17  -10.017  -10.409  -0.1883  -0.4746  -0.5343
4.3344  4.332  3.614  -0.923  -0.783  -0.643  -0.55  -0.532  -0.623  3.9404  3.4438  3.2631  -8.951  -9.996  -10.351  -0.153  -0.353  -0.5127
4.4  4.397  3.756  -1.009  -0.869  -0.728  -0.635  -0.616  -0.708  3.1016  3.1977  3.2838  -9.276  -10.115  -10.507  -0.3078  -0.2812  -0.2608
4.4039  4.401  3.765  -1.014  -0.874  -0.733  -0.64  -0.621  -0.713  4.0404  3.5969  3.4142  -9.276  -10.115  -10.507  -0.0885  -0.1435  -0.1922
4.5093  4.506  4.018  -1.156  -1.016  -0.876  -0.782  -0.764  -0.856  2.9255  2.8623  2.9609  -8.94  -9.938  -10.227  -0.6461  -0.7811  -0.9386
4.5902  4.587  4.253  -1.275  -1.136  -0.996  -0.903  -0.885  -0.976  4.5144  3.7159  3.3583  -9.381  -10.301  -10.717  -0.0395  -0.2462  -0.4726
4.6  4.598  4.285  -1.29  -1.152  -1.012  -0.92  -0.901  -0.992  5.2206  4.0794  3.4898  -9.381  -10.301  -10.717  0.1833  -0.1874  -0.4432
4.6638  4.661  4.514  -1.392  -1.256  -1.117  -1.025  -1.007  -1.097  5.3242  4.001  3.3218  -9.162  -10.206  -10.649  0.7932  -0.3814  -0.8881
4.7491  4.747  4.867  -1.538  -1.405  -1.27  -1.179  -1.161  -1.251  2.4923  2.8558  3.1257  -8.462  -9.463  -10.133  -0.5322  -0.6362  -0.5976
4.8  4.798  5.133  -1.636  -1.506  -1.374  -1.284  -1.267  -1.355  5.1945  4.0144  3.4371  -9.366  -10.328  -10.707  1.4983  -0.0606  -0.342
4.8219  4.82  5.256  -1.679  -1.549  -1.418  -1.329  -1.312  -1.399  6.2522  4.6238  3.7119  -9.366  -10.328  -10.707  3.9167  0.1614  -0.1347
4.8823  4.881  5.654  -1.808  -1.683  -1.557  -1.469  -1.454  -1.538  6.2729  4.5462  3.5989  -9.296  -10.279  -10.696  4.708  0.0915  -0.5775
4.9386  4.937  6.088  -1.936  -1.816  -1.696  -1.61  -1.596  -1.678  3.4236  3.0163  3.0064  -8.584  -9.592  -10.24  -0.3197  -0.7698  -1.0088
4.9858  4.985  6.547  -2.057  -1.942  -1.83  -1.745  -1.732  -1.812  3.6914  3.2574  3.2519  -8.465  -9.502  -10.161  0.1172  -0.1538  -0.3306
5.0  4.999  6.678  -2.093  -1.979  -1.868  -1.784  -1.771  -1.85  3.7064  3.2557  3.2523  -8.383  -9.409  -10.123  0.139  -0.1325  -0.2915
5.0383  5.037  7.043  -2.188  -2.078  -1.97  -1.887  -1.875  -1.952  2.5719  2.8547  3.1516  -8.274  -9.343  -10.084  -0.2193  -0.3045  -0.2605
5.0402  5.039  7.062  -2.192  -2.083  -1.975  -1.892  -1.88  -1.957  2.567  2.85  3.1461  -8.274  -9.343  -10.084  -0.2214  -0.3155  -0.2648
5.0474  5.047  7.032  -2.196  -2.084  -1.974  -1.891  -1.878  -1.956  2.5269  2.7942  3.0825  -8.274  -9.343  -10.084  -0.2483  -0.3838  -0.3444
5.0642  5.063  6.889  -2.197  -2.079  -1.96  -1.875  -1.861  -1.942  2.4735  2.6356  2.9108  -8.274  -9.343  -10.084  -0.6492  -1.0483  -1.0386
5.0688  5.068  6.669  -2.173  -2.049  -1.922  -1.834  -1.818  -1.903  2.4489  2.6468  2.9412  -8.234  -9.324  -10.043  -0.5878  -0.9739  -0.9619
5.0709  5.07  6.465  -2.15  -2.019  -1.884  -1.794  -1.776  -1.865  2.4243  2.6427  2.9246  -8.234  -9.324  -10.043  -0.6148  -0.9398  -0.938
5.072  5.071  6.28  -2.131  -1.994  -1.851  -1.759  -1.739  -1.831  2.4218  2.6434  2.926  -8.234  -9.324  -10.043  -0.6148  -0.936  -0.935
5.0726  5.072  6.144  -2.121  -1.978  -1.829  -1.735  -1.714  -1.809  2.4159  2.6395  2.9224  -8.234  -9.324  -10.043  -0.615  -0.9352  -0.933
5.073  5.072  6.065  -2.115  -1.969  -1.816  -1.72  -1.698  -1.795  2.4114  2.6352  2.9182  -8.234  -9.324  -10.043  -0.6245  -0.936  -0.935
5.0731  5.072  6.071  -2.097  -1.954  -1.805  -1.71  -1.689  -1.785  2.4093  2.6332  2.9161  -8.234  -9.324  -10.043  -0.63  -0.936  -0.935
5.0733  5.073  6.137  -2.089  -1.951  -1.807  -1.714  -1.694  -1.787  2.4084  2.6325  2.9155  -8.234  -9.324  -10.043  -0.6355  -0.936  -0.9325
5.0735  5.073  6.3  -2.107  -1.974  -1.837  -1.746  -1.728  -1.818  2.4068  2.6308  2.9136  -8.234  -9.324  -10.043  -0.6388  -0.936  -0.934
5.0736  5.073  6.614  -2.162  -2.037  -1.908  -1.82  -1.804  -1.889  2.4049  2.6292  2.9119  -8.234  -9.324  -10.043  -0.642  -0.9372  -0.935
5.0738  5.073  7.033  -2.247  -2.129  -2.009  -1.924  -1.91  -1.991  2.4036  2.6275  2.9101  -8.234  -9.324  -10.043  -0.6422  -0.9375  -0.935
5.074  5.073  7.538  -2.345  -2.235  -2.125  -2.042  -2.029  -2.107  2.4021  2.6264  2.9089  -8.234  -9.324  -10.043  -0.6344  -0.936  -0.932
5.0742  5.074  8.057  -2.44  -2.338  -2.236  -2.156  -2.146  -2.219  2.4004  2.6242  2.9065  -8.234  -9.324  -10.043  -0.6355  -0.9398  -0.935
5.0745  5.074  8.599  -2.527  -2.432  -2.34  -2.263  -2.255  -2.323  2.3981  2.6221  2.9044  -8.234  -9.324  -10.043  -0.645  -0.95  -0.939
5.0747  5.074  9.136  -2.605  -2.518  -2.437  -2.363  -2.356  -2.421  2.3957  2.619  2.9012  -8.234  -9.324  -10.043  -0.6453  -0.9513  -0.9394
5.0749  5.074  9.695  -2.678  -2.598  -2.527  -2.456  -2.452  -2.512  2.3943  2.6174  2.8994  -8.234  -9.324  -10.043  -0.6486  -0.9642  -0.945
5.0752  5.074  10.265  -2.745  -2.673  -2.613  -2.546  -2.544  -2.599  2.394  2.6173  2.8992  -8.234  -9.324  -10.043  -0.649  -0.9532  -0.94
5.0754  5.075  10.861  -2.808  -2.743  -2.695  -2.632  -2.632  -2.681  2.3936  2.617  2.899  -8.234  -9.324  -10.043  -0.6496  -0.9552  -0.9406
5.0756  5.075  11.464  -2.866  -2.81  -2.775  -2.714  -2.717  -2.762  2.3927  2.616  2.898  -8.234  -9.324  -10.043  -0.657  -0.9666  -0.9489
5.0758  5.075  12.102  -2.921  -2.873  -2.852  -2.795  -2.8  -2.84  2.3922  2.6159  2.8979  -8.234  -9.324  -10.043  -0.6586  -0.9678  -0.9508
5.076  5.075  12.76  -2.973  -2.934  -2.926  -2.873  -2.881  -2.915  2.3914  2.6151  2.8969  -8.234  -9.324  -10.043  -0.6597  -0.9686  -0.9521
5.0762  5.076  13.439  -3.021  -2.992  -2.997  -2.949  -2.961  -2.987  2.3907  2.6147  2.8966  -8.234  -9.324  -10.043  -0.6518  -0.9624  -0.9428
5.0764  5.076  14.137  -3.066  -3.047  -3.068  -3.024  -3.039  -3.059  2.3892  2.613  2.8948  -8.234  -9.324  -10.043  -0.6526  -0.9712  -0.9562
5.0766  5.076  14.878  -3.108  -3.1  -3.137  -3.098  -3.116  -3.129  2.3889  2.6131  2.8949  -8.234  -9.324  -10.043  -0.6542  -0.9716  -0.9568
5.0768  5.076  15.633  -3.145  -3.151  -3.205  -3.171  -3.193  -3.198  2.3883  2.6126  2.8943  -8.234  -9.324  -10.043  -0.6558  -0.972  -0.9574
5.0769  5.076  16.434  -3.179  -3.199  -3.27  -3.243  -3.268  -3.264  2.3872  2.611  2.8926  -8.234  -9.324  -10.043  -0.6558  -0.972  -0.9607
5.0771  5.076  17.269  -3.208  -3.245  -3.336  -3.314  -3.343  -3.331  2.3881  2.6126  2.8943  -8.234  -9.324  -10.043  -0.6502  -0.9636  -0.9502
5.0772  5.077  18.132  -3.23  -3.289  -3.398  -3.384  -3.417  -3.395  2.3867  2.6112  2.8928  -8.234  -9.324  -10.043  -0.6512  -0.9638  -0.9534
5.0774  5.077  19.018  -3.242  -3.328  -3.458  -3.454  -3.491  -3.457  2.3864  2.6109  2.8923  -8.234  -9.324  -10.043  -0.6514  -0.9638  -0.954
5.0775  5.077  19.969  -3.247  -3.364  -3.517  -3.524  -3.564  -3.519  2.3759  2.5965  2.8772  -8.234  -9.324  -10.043  -0.7018  -1.0087  -0.987
5.0776  5.077  20.944  -3.245  -3.398  -3.574  -3.594  -3.637  -3.578  2.3761  2.5969  2.8777  -8.234  -9.324  -10.043  -0.7024  -1.009  -0.987
5.0777  5.077  21.976  -3.235  -3.429  -3.629  -3.665  -3.71  -3.637  2.3757  2.5964  2.8772  -8.234  -9.324  -10.043  -0.703  -1.0093  -0.987
5.0779  5.077  23.023  -3.22  -3.459  -3.683  -3.737  -3.784  -3.695  2.3765  2.5976  2.8784  -8.234  -9.324  -10.043  -0.703  -1.0093  -0.987
5.078  5.077  24.119  -3.2  -3.488  -3.738  -3.809  -3.859  -3.754  2.3762  2.5972  2.878  -8.234  -9.324  -10.043  -0.7035  -1.0095  -0.987
5.0781  5.077  25.296  -3.176  -3.513  -3.788  -3.881  -3.933  -3.808  2.3764  2.5976  2.8785  -8.234  -9.324  -10.043  -0.7041  -1.0098  -0.987
5.0781  5.078  26.513  -3.147  -3.535  -3.838  -3.952  -4.006  -3.863  2.3766  2.5976  2.8784  -8.234  -9.324  -10.043  -0.7035  -1.0095  -0.987
5.0782  5.078  27.775  -3.114  -3.553  -3.885  -4.022  -4.079  -3.915  2.3762  2.5972  2.8779  -8.234  -9.324  -10.043  -0.7041  -1.0098  -0.987
5.0783  5.078  29.064  -3.079  -3.569  -3.931  -4.091  -4.151  -3.967  2.3762  2.5972  2.8779  -8.234  -9.324  -10.043  -0.7041  -1.0098  -0.987
5.0784  5.078  30.462  -3.039  -3.583  -3.974  -4.159  -4.223  -4.015  2.3756  2.5962  2.8766  -8.234  -9.324  -10.043  -0.7041  -1.0098  -0.987
5.0785  5.078  31.875  -2.996  -3.593  -4.015  -4.227  -4.295  -4.062  2.3756  2.5962  2.8766  -8.234  -9.324  -10.043  -0.7041  -1.0098  -0.987
5.0786  5.078  33.355  -2.949  -3.601  -4.057  -4.296  -4.368  -4.111  2.3756  2.5962  2.8766  -8.234  -9.324  -10.043  -0.7041  -1.0098  -0.987
5.0786  5.078  34.886  -2.897  -3.604  -4.094  -4.362  -4.439  -4.155  2.3752  2.5957  2.8761  -8.234  -9.324  -10.043  -0.7046  -1.01  -0.987
5.0787  5.078  36.438  -2.843  -3.6  -4.125  -4.423  -4.502  -4.193  2.3752  2.5957  2.8761  -8.234  -9.324  -10.043  -0.7046  -1.01  -0.987
5.0788  5.078  37.945  -2.783  -3.59  -4.15  -4.476  -4.558  -4.224  2.3762  2.5973  2.8778  -8.234  -9.324  -10.043  -0.6955  -1.0032  -0.9865
5.0788  5.078  39.433  -2.717  -3.573  -4.168  -4.524  -4.608  -4.249  2.3762  2.5973  2.8778  -8.234  -9.324  -10.043  -0.6955  -1.0032  -0.9865
5.0789  5.078  40.79  -2.644  -3.545  -4.177  -4.561  -4.648  -4.265  2.3751  2.5963  2.8767  -8.234  -9.324  -10.043  -0.697  -1.0055  -0.9868
5.079  5.078  41.836  -2.557  -3.503  -4.17  -4.581  -4.671  -4.265  2.3751  2.5963  2.8767  -8.234  -9.324  -10.043  -0.697  -1.0055  -0.9868
5.0791  5.078  42.428  -2.461  -3.446  -4.146  -4.581  -4.675  -4.247  2.3752  2.5965  2.8768  -8.234  -9.324  -10.043  -0.697  -1.0055  -0.9868
5.0792  5.079  42.959  -2.357  -3.382  -4.114  -4.575  -4.673  -4.221  2.3747  2.5958  2.8761  -8.234  -9.324  -10.043  -0.6975  -1.0063  -0.9869
5.0794  5.079  43.748  -2.268  -3.326  -4.091  -4.568  -4.675  -4.202  2.3747  2.5958  2.8761  -8.234  -9.324  -10.043  -0.6975  -1.0063  -0.9869
5.0795  5.079  44.592  -2.219  -3.304  -4.092  -4.582  -4.695  -4.206  2.3733  2.594  2.8741  -8.234  -9.324  -10.043  -0.7085  -1.0118  -0.987
5.0796  5.079  46.5  -2.215  -3.327  -4.138  -4.641  -4.761  -4.255  2.3728  2.5931  2.8732  -8.234  -9.324  -10.043  -0.7079  -1.0115  -0.987
5.0797  5.079  50.148  -2.244  -3.394  -4.24  -4.759  -4.889  -4.361  2.3724  2.5927  2.8727  -8.234  -9.324  -10.043  -0.7085  -1.0118  -0.987
5.0798  5.079  54.219  -2.296  -3.488  -4.363  -4.902  -5.037  -4.489  2.3707  2.5908  2.8707  -8.234  -9.324  -10.043  -0.7204  -1.0122  -0.9892
5.0799  5.079  57.897  -2.355  -3.571  -4.467  -5.017  -5.159  -4.596  2.3707  2.5908  2.8707  -8.234  -9.324  -10.043  -0.7204  -1.0122  -0.9892
5.08  5.079  61.525  -2.414  -3.651  -4.566  -5.123  -5.272  -4.697  2.37  2.5902  2.8699  -8.234  -9.324  -10.043  -0.7214  -1.0126  -0.9896
5.0801  5.079  65.774  -2.482  -3.74  -4.675  -5.242  -5.397  -4.808  2.37  2.5902  2.8699  -8.234  -9.324  -10.043  -0.7214  -1.0126  -0.9896
5.0802  5.08  66.982  -2.5  -3.766  -4.706  -5.276  -5.434  -4.84  2.37  2.5902  2.8699  -8.234  -9.324  -10.043  -0.7214  -1.0126  -0.9896
5.0803  5.08  69.575  -2.536  -3.818  -4.77  -5.346  -5.506  -4.906  2.3704  2.5911  2.8709  -8.234  -9.324  -10.043  -0.7224  -1.013  -0.99
5.0803  5.08  70.025  -2.542  -3.828  -4.782  -5.359  -5.52  -4.918  2.3704  2.5911  2.8709  -8.234  -9.324  -10.043  -0.7224  -1.013  -0.99
5.0806  5.08  75.033  -2.607  -3.924  -4.898  -5.488  -5.654  -5.037  2.369  2.5891  2.8688  -8.234  -9.324  -10.043  -0.7278  -1.0158  -0.9932
5.0811  5.08  80.455  -2.672  -4.021  -5.016  -5.618  -5.79  -5.158  2.3664  2.5861  2.8655  -8.234  -9.324  -10.043  -0.7285  -1.0165  -0.9945
5.0815  5.081  86.011  -2.737  -4.116  -5.129  -5.742  -5.919  -5.274  2.3647  2.5842  2.8633  -8.234  -9.324  -10.043  -0.7249  -1.0141  -0.9911
5.082  5.081  92.057  -2.805  -4.216  -5.248  -5.872  -6.055  -5.396  2.3627  2.5813  2.8601  -8.234  -9.324  -10.043  -0.729  -1.017  -0.9953
5.0825  5.082  98.504  -2.873  -4.315  -5.365  -5.999  -6.187  -5.516  2.3572  2.5744  2.8526  -8.234  -9.324  -10.043  -0.7297  -1.0283  -1.0247
5.083  5.082  105.282  -2.941  -4.414  -5.481  -6.125  -6.318  -5.634  2.3614  2.5817  2.8599  -8.234  -9.324  -10.043  -0.6965  -1.0047  -0.9844
5.0834  5.083  111.572  -2.998  -4.5  -5.583  -6.236  -6.434  -5.739  2.3559  2.5754  2.8531  -8.234  -9.324  -10.043  -0.7232  -1.0134  -0.9879
5.0841  5.083  117.207  -3.046  -4.573  -5.67  -6.33  -6.532  -5.827  2.3636  2.5811  2.8544  -8.234  -9.324  -10.043  -0.7527  -1.0269  -1.0019
5.0851  5.085  120.63  -3.073  -4.615  -5.719  -6.383  -6.588  -5.877  2.3646  2.5873  2.8691  -8.234  -9.324  -10.043  -0.8012  -1.035  -1.0314
5.0874  5.087  118.701  -3.062  -4.593  -5.693  -6.354  -6.557  -5.851  2.393  2.5735  2.8516  -8.234  -9.324  -10.043  -0.7488  -1.0407  -1.0354
5.0945  5.094  111.649  -3.013  -4.51  -5.591  -6.241  -6.438  -5.746  2.4189  2.6015  2.8798  -8.234  -9.324  -10.043  -0.6847  -1.0105  -0.9911
5.0989  5.098  106.256  -2.972  -4.44  -5.505  -6.147  -6.34  -5.658  2.3505  2.5671  2.8505  -8.188  -9.294  -10.029  -0.7989  -1.0287  -1.0037
5.1025  5.102  100.845  -2.923  -4.366  -5.416  -6.05  -6.238  -5.567  2.4118  2.5943  2.8722  -8.188  -9.294  -10.029  -0.8102  -1.065  -1.042
5.1059  5.105  95.358  -2.871  -4.287  -5.321  -5.946  -6.129  -5.469  2.5381  2.6117  2.8698  -8.188  -9.294  -10.029  -0.7568  -1.1272  -1.1292
5.1092  5.109  90.065  -2.818  -4.205  -5.222  -5.838  -6.016  -5.368  2.55  2.6313  2.8928  -8.188  -9.294  -10.029  -0.7596  -1.1279  -1.1324
5.1126  5.112  85.027  -2.762  -4.123  -5.125  -5.73  -5.905  -5.268  2.5311  2.6169  2.8812  -8.188  -9.294  -10.029  -0.756  -1.129  -1.134
5.1165  5.116  79.846  -2.701  -4.033  -5.016  -5.61  -5.78  -5.156  2.548  2.6384  2.9073  -8.188  -9.294  -10.029  -0.6146  -1.0233  -1.0226
5.1221  5.122  73.8  -2.629  -3.924  -4.885  -5.465  -5.628  -5.022  2.5242  2.6571  2.9293  -8.161  -9.271  -10.022  -0.6896  -0.9916  -0.9816
5.1282  5.128  69.017  -2.574  -3.837  -4.775  -5.343  -5.5  -4.909  2.5371  2.6778  2.9518  -8.161  -9.271  -10.022  -0.562  -0.928  -0.907
5.1388  5.138  63.849  -2.526  -3.75  -4.657  -5.207  -5.356  -4.786  2.5789  2.696  2.9688  -8.161  -9.271  -10.022  -0.529  -0.914  -0.901
5.1477  5.147  61.441  -2.533  -3.729  -4.615  -5.151  -5.294  -4.741  2.5907  2.7187  2.9951  -8.161  -9.271  -10.022  -0.525  -0.8838  -0.885
5.1553  5.155  61.032  -2.624  -3.786  -4.645  -5.164  -5.301  -4.766  2.6329  2.7804  3.0636  -8.161  -9.271  -10.022  -0.423  -0.7221  -0.7302
5.1612  5.161  60.919  -2.731  -3.858  -4.69  -5.19  -5.321  -4.807  2.5821  2.7731  3.0584  -8.155  -9.249  -10.017  -0.3992  -0.614  -0.6182
5.1644  5.164  60.919  -2.843  -3.94  -4.743  -5.227  -5.35  -4.856  2.6064  2.7975  3.0808  -8.155  -9.249  -10.017  -0.3958  -0.582  -0.6015
5.1662  5.166  60.598  -2.93  -4.002  -4.779  -5.25  -5.365  -4.888  2.6116  2.8033  3.0874  -8.155  -9.249  -10.017  -0.3768  -0.5453  -0.583
5.1679  5.168  59.821  -3.016  -4.061  -4.809  -5.266  -5.372  -4.915  2.5988  2.7859  3.0693  -8.155  -9.249  -10.017  -0.3979  -0.6285  -0.6258
5.1691  5.169  58.486  -3.087  -4.101  -4.817  -5.259  -5.356  -4.919  2.5873  2.7718  3.0544  -8.155  -9.249  -10.017  -0.4123  -0.6411  -0.64
5.17  5.17  56.919  -3.153  -4.129  -4.812  -5.231  -5.324  -4.909  2.5817  2.7655  3.0474  -8.155  -9.249  -10.017  -0.4202  -0.6339  -0.64
5.1709  5.171  55.139  -3.212  -4.149  -4.799  -5.194  -5.284  -4.89  2.5788  2.7611  3.0425  -8.155  -9.249  -10.017  -0.4202  -0.6321  -0.64
5.1718  5.172  53.328  -3.266  -4.162  -4.781  -5.153  -5.239  -4.866  2.5752  2.7556  3.0366  -8.155  -9.249  -10.017  -0.4189  -0.6319  -0.6396
5.1727  5.173  51.423  -3.318  -4.172  -4.761  -5.106  -5.191  -4.84  2.5757  2.7553  3.0371  -8.155  -9.249  -10.017  -0.3956  -0.6202  -0.627
5.1738  5.174  49.551  -3.369  -4.179  -4.735  -5.054  -5.138  -4.808  2.579  2.7564  3.0369  -8.155  -9.249  -10.017  -0.3926  -0.6273  -0.6302
5.1751  5.175  47.803  -3.413  -4.181  -4.708  -5.004  -5.086  -4.775  2.5933  2.768  3.0531  -8.155  -9.249  -10.017  -0.423  -0.678  -0.66
5.177  5.177  46.116  -3.454  -4.18  -4.68  -4.954  -5.033  -4.742  2.636  2.7863  3.0715  -8.155  -9.249  -10.017  -0.3722  -0.6785  -0.66
5.1805  5.18  44.592  -3.493  -4.18  -4.655  -4.907  -4.983  -4.712  2.639  2.7933  3.08  -8.155  -9.249  -10.017  -0.3552  -0.6705  -0.66
5.186  5.186  45.746  -3.487  -4.196  -4.685  -4.948  -5.026  -4.744  2.6333  2.7878  3.0749  -8.155  -9.249  -10.017  -0.3422  -0.6545  -0.6428
5.1974  5.197  47.66  -3.49  -4.229  -4.738  -5.018  -5.097  -4.801  2.6421  2.8213  3.112  -8.155  -9.249  -10.017  -0.2836  -0.4662  -0.5042
5.2  5.2  47.88  -3.494  -4.236  -4.747  -5.027  -5.107  -4.81  2.6559  2.8367  3.1291  -8.155  -9.249  -10.017  -0.278  -0.4466  -0.4696
5.2253  5.225  50.333  -3.537  -4.302  -4.827  -5.12  -5.201  -4.893  2.4576  2.7435  3.0488  -8.146  -9.227  -10.006  -0.2886  -0.3817  -0.336
5.2367  5.237  52.27  -3.538  -4.332  -4.876  -5.183  -5.267  -4.946  2.4603  2.7391  3.0456  -8.146  -9.227  -10.006  -0.2894  -0.417  -0.3627
5.2434  5.244  54.244  -3.521  -4.348  -4.914  -5.241  -5.326  -4.988  2.3926  2.6917  2.9664  -8.175  -9.21  -9.998  -0.2886  -0.3334  -0.2849
5.2515  5.252  57.326  -3.484  -4.362  -4.966  -5.324  -5.41  -5.048  2.381  2.6739  2.9536  -8.175  -9.21  -9.998  -0.2893  -0.3513  -0.3029
5.2565  5.257  59.739  -3.444  -4.365  -5.001  -5.383  -5.472  -5.089  2.344  2.6279  2.9057  -8.175  -9.21  -9.998  -0.3808  -0.4542  -0.417
5.2609  5.261  62.224  -3.397  -4.361  -5.031  -5.439  -5.53  -5.125  2.462  2.7067  3.0182  -8.175  -9.21  -10.001  -0.378  -0.5504  -0.5184
5.2645  5.265  64.484  -3.348  -4.351  -5.053  -5.484  -5.579  -5.153  2.4612  2.7059  3.0161  -8.175  -9.21  -10.001  -0.3804  -0.5599  -0.5255
5.2679  5.268  66.628  -3.29  -4.333  -5.069  -5.524  -5.623  -5.174  2.5471  2.7331  3.047  -8.22  -9.334  -10.062  -0.3093  -0.6018  -0.5942
5.2706  5.271  68.384  -3.246  -4.313  -5.076  -5.542  -5.65  -5.184  2.5268  2.7126  3.0268  -8.22  -9.334  -10.062  -0.3315  -0.6552  -0.6442
5.2743  5.274  70.009  -3.185  -4.278  -5.072  -5.551  -5.669  -5.183  2.5359  2.7245  3.04  -8.22  -9.334  -10.062  -0.328  -0.6505  -0.641
5.2781  5.278  71.393  -3.111  -4.232  -5.055  -5.547  -5.676  -5.17  2.5349  2.7296  3.0491  -8.22  -9.334  -10.062  -0.3079  -0.616  -0.5923
5.2815  5.282  72.503  -3.032  -4.18  -5.034  -5.538  -5.678  -5.152  2.4646  2.6861  2.9932  -8.22  -9.334  -10.062  -0.3315  -0.539  -0.5218
5.2853  5.286  73.528  -2.956  -4.138  -5.019  -5.541  -5.687  -5.141  2.5417  2.7135  3.034  -8.22  -9.334  -10.062  -0.3068  -0.6314  -0.6368
5.2925  5.293  76.077  -2.861  -4.099  -5.021  -5.571  -5.726  -5.15  2.5478  2.7238  3.046  -8.22  -9.334  -10.062  -0.3232  -0.6141  -0.6049
5.2981  5.298  81.575  -2.847  -4.144  -5.105  -5.682  -5.846  -5.241  2.5385  2.7171  3.0277  -8.22  -9.334  -10.062  -0.3804  -0.6736  -0.7076
5.2994  5.3  88.36  -2.893  -4.237  -5.227  -5.824  -5.997  -5.368  2.525  2.7121  3.028  -8.22  -9.334  -10.062  -0.4916  -0.8698  -0.882
5.2995  5.3  90.356  -2.91  -4.266  -5.265  -5.866  -6.04  -5.407  2.5233  2.7103  3.0273  -8.22  -9.334  -10.062  -0.4946  -0.882  -0.8864
5.2996  5.3  94.201  -2.945  -4.322  -5.334  -5.943  -6.12  -5.478  2.5175  2.7037  3.0239  -8.22  -9.334  -10.062  -0.4998  -0.894  -0.9058
5.3001  5.3  95.908  -2.966  -4.349  -5.365  -5.977  -6.156  -5.51  2.5135  2.6762  2.998  -8.22  -9.334  -10.062  -0.5  -0.965  -0.9608
5.3009  5.301  97.22  -2.97  -4.363  -5.384  -5.999  -6.18  -5.53  2.6926  2.7033  2.9866  -8.22  -9.334  -10.062  -0.2811  -0.894  -0.9493
5.3013  5.302  103.504  -3.022  -4.448  -5.49  -6.116  -6.302  -5.639  2.6869  2.6982  2.9811  -8.22  -9.334  -10.062  -0.2895  -0.8949  -0.9544
5.3017  5.302  110.041  -3.077  -4.535  -5.594  -6.231  -6.423  -5.745  2.6861  2.6983  2.9812  -8.22  -9.334  -10.062  -0.2983  -0.896  -0.9572
5.3022  5.302  117.073  -3.131  -4.621  -5.699  -6.346  -6.543  -5.853  2.6908  2.708  2.983  -8.22  -9.334  -10.065  -0.3358  -0.927  -0.9976
5.3027  5.303  124.41  -3.182  -4.708  -5.804  -6.461  -6.663  -5.961  2.7307  2.6972  2.9667  -8.22  -9.334  -10.065  -0.268  -0.9515  -1.0152
5.3034  5.304  132.481  -3.231  -4.794  -5.91  -6.577  -6.785  -6.069  2.7218  2.6849  2.9531  -8.22  -9.334  -10.065  -0.27  -0.9678  -1.0222
5.3042  5.304  141.077  -3.273  -4.88  -6.016  -6.694  -6.908  -6.178  2.7172  2.6777  2.9445  -8.22  -9.334  -10.065  -0.271  -0.968  -1.041
5.305  5.305  150.403  -3.316  -4.967  -6.124  -6.812  -7.033  -6.289  2.717  2.6776  2.9443  -8.22  -9.334  -10.065  -0.2733  -0.9671  -1.0239
5.3059  5.306  160.53  -3.359  -5.057  -6.236  -6.933  -7.16  -6.403  2.7193  2.6783  2.9443  -8.22  -9.334  -10.065  -0.2725  -0.9565  -1.019
5.3068  5.306  171.615  -3.397  -5.149  -6.351  -7.058  -7.292  -6.521  2.7208  2.6788  2.9442  -8.22  -9.334  -10.065  -0.2722  -0.941  -1.0156
5.3076  5.307  183.55  -3.434  -5.241  -6.467  -7.184  -7.424  -6.639  2.7207  2.678  2.943  -8.22  -9.334  -10.065  -0.2722  -0.941  -1.0156
5.3082  5.307  196.316  -3.453  -5.329  -6.581  -7.309  -7.556  -6.756  2.7225  2.6791  2.9437  -8.22  -9.334  -10.065  -0.2718  -0.953  -1.0176
5.3088  5.307  209.727  -3.469  -5.417  -6.696  -7.433  -7.686  -6.874  2.7247  2.6812  2.9456  -8.22  -9.334  -10.065  -0.2715  -0.9515  -1.0152
5.3094  5.307  224.262  -3.47  -5.502  -6.812  -7.557  -7.818  -6.992  2.7262  2.6819  2.9459  -8.22  -9.334  -10.065  -0.2712  -0.95  -1.0151
5.3099  5.306  239.969  -3.456  -5.584  -6.928  -7.682  -7.95  -7.11  2.7321  2.687  2.9505  -8.22  -9.334  -10.065  -0.2694  -0.9286  -1.0122
5.3104  5.305  256.304  -3.437  -5.663  -7.041  -7.803  -8.078  -7.225  2.7366  2.6905  2.9533  -8.22  -9.334  -10.065  -0.2676  -0.9282  -1.0133
5.3109  5.303  274.318  -3.387  -5.735  -7.16  -7.929  -8.211  -7.346  2.7393  2.6928  2.9553  -8.22  -9.334  -10.065  -0.2659  -0.9289  -1.0148
5.3114  5.3  293.329  -3.322  -5.802  -7.274  -8.052  -8.343  -7.462  2.7471  2.7058  2.9702  -8.22  -9.334  -10.065  -0.2659  -0.8967  -1.0002
5.3116  5.297  315.686  -3.186  -5.848  -7.393  -8.182  -8.483  -7.584  2.7472  2.7067  2.9715  -8.22  -9.334  -10.065  -0.2665  -0.8969  -1.0006
5.3119  5.294  339.121  -3.054  -5.892  -7.51  -8.309  -8.619  -7.704  2.7476  2.7069  2.9717  -8.22  -9.334  -10.065  -0.2653  -0.8965  -0.9998
5.312  5.289  363.71  -2.891  -5.916  -7.626  -8.433  -8.755  -7.822  2.7481  2.7073  2.9722  -8.22  -9.334  -10.065  -0.2648  -0.8964  -0.9994
5.3122  5.282  390.081  -2.697  -5.923  -7.738  -8.554  -8.891  -7.937  2.7492  2.7093  2.9746  -8.22  -9.334  -10.065  -0.2642  -0.8962  -0.999
5.3124  5.271  417.21  -2.446  -5.888  -7.84  -8.667  -9.023  -8.042  2.7502  2.7103  2.9756  -8.22  -9.334  -10.065  -0.2632  -0.896  -0.9982
5.3126  5.256  444.278  -2.162  -5.826  -7.93  -8.769  -9.147  -8.135  2.7507  2.7111  2.9766  -8.22  -9.334  -10.065  -0.2626  -0.8958  -0.9978
5.3127  5.232  473.538  -1.779  -5.702  -8.009  -8.865  -9.27  -8.219  2.7507  2.7111  2.9766  -8.22  -9.334  -10.065  -0.2626  -0.8958  -0.9978
5.313  5.179  495.513  -1.395  -5.556  -8.043  -8.921  -9.359  -8.259  2.7512  2.7123  2.9783  -8.22  -9.334  -10.065  -0.2626  -0.8958  -0.9978
5.3131  5.149  474.084  -1.688  -5.658  -8.0  -8.86  -9.269  -8.211  2.7508  2.7119  2.9778  -8.22  -9.334  -10.065  -0.2632  -0.896  -0.9982
5.3131  5.144  455.151  -1.924  -5.732  -7.95  -8.797  -9.189  -8.157  2.7508  2.7119  2.9778  -8.22  -9.334  -10.065  -0.2632  -0.896  -0.9982
5.3132  5.143  431.872  -2.204  -5.817  -7.882  -8.716  -9.086  -8.086  2.7508  2.7119  2.9778  -8.22  -9.334  -10.065  -0.2632  -0.896  -0.9982
5.3132  5.142  414.816  -2.365  -5.844  -7.821  -8.649  -9.006  -8.023  2.7508  2.7119  2.9778  -8.22  -9.334  -10.065  -0.2632  -0.896  -0.9982
5.3132  5.14  405.653  -2.446  -5.856  -7.788  -8.612  -8.964  -7.989  2.7508  2.7119  2.9778  -8.22  -9.334  -10.065  -0.2632  -0.896  -0.9982
5.3132  5.139  405.653  -2.444  -5.855  -7.789  -8.613  -8.965  -7.99  2.7508  2.7119  2.9778  -8.22  -9.334  -10.065  -0.2632  -0.896  -0.9982
5.3133  5.134  434.565  -2.164  -5.803  -7.89  -8.726  -9.099  -8.094  2.7508  2.7119  2.9778  -8.22  -9.334  -10.065  -0.2632  -0.896  -0.9982
5.3133  5.128  452.642  -1.935  -5.732  -7.942  -8.789  -9.179  -8.149  2.7511  2.7131  2.9794  -8.22  -9.334  -10.065  -0.2637  -0.8961  -0.9986
5.3133  5.125  448.079  -1.988  -5.748  -7.93  -8.774  -9.16  -8.136  2.7511  2.7131  2.9794  -8.22  -9.334  -10.065  -0.2637  -0.8961  -0.9986
5.3133  5.124  444.074  -2.044  -5.766  -7.918  -8.758  -9.14  -8.123  2.7511  2.7131  2.9794  -8.22  -9.334  -10.065  -0.2637  -0.8961  -0.9986
5.3133  5.123  458.411  -1.862  -5.709  -7.957  -8.807  -9.203  -8.165  2.7511  2.7131  2.9794  -8.22  -9.334  -10.065  -0.2637  -0.8961  -0.9986
5.3134  5.119  478.691  -1.586  -5.617  -8.006  -8.871  -9.288  -8.218  2.7511  2.7131  2.9794  -8.22  -9.334  -10.065  -0.2637  -0.8961  -0.9986
5.3134  5.119  478.691  -1.588  -5.618  -8.007  -8.871  -9.288  -8.219  2.7511  2.7131  2.9794  -8.22  -9.334  -10.065  -0.2637  -0.8961  -0.9986
5.3134  5.118  647.821  0.863  -4.515  -8.082  -9.157  -9.845  -8.353  2.7511  2.7131  2.9794  -8.22  -9.334  -10.065  -0.2637  -0.8961  -0.9986
5.3134  5.118  602.775  0.035  -4.942  -8.163  -9.145  -9.725  -8.407  2.7511  2.7131  2.9794  -8.22  -9.334  -10.065  -0.2637  -0.8961  -0.9986
5.3134  5.118  593.274  -0.088  -5.001  -8.161  -9.13  -9.696  -8.402  2.7511  2.7131  2.9794  -8.22  -9.334  -10.065  -0.2637  -0.8961  -0.9986
5.3134  5.118  521.621  -0.961  -5.372  -8.07  -8.977  -9.456  -8.293  2.7511  2.7131  2.9794  -8.22  -9.334  -10.065  -0.2637  -0.8961  -0.9986
5.3134  5.117  422.917  -2.275  -5.827  -7.85  -8.681  -9.046  -8.053  2.7511  2.7131  2.9794  -8.22  -9.334  -10.065  -0.2637  -0.8961  -0.9986
5.3134  5.116  451.185  -1.952  -5.737  -7.937  -8.783  -9.171  -8.144  2.7511  2.7131  2.9794  -8.22  -9.334  -10.065  -0.2637  -0.8961  -0.9986
5.3134  5.114  472.667  -1.675  -5.649  -7.996  -8.855  -9.264  -8.206  2.7511  2.7131  2.9794  -8.22  -9.334  -10.065  -0.2637  -0.8961  -0.9986
5.3134  5.112  487.141  -1.463  -5.574  -8.022  -8.893  -9.322  -8.236  2.7511  2.7131  2.9794  -8.22  -9.334  -10.065  -0.2637  -0.8961  -0.9986
5.3134  5.109  496.77  -1.326  -5.521  -8.039  -8.919  -9.361  -8.255  2.7511  2.7131  2.9794  -8.22  -9.334  -10.065  -0.2637  -0.8961  -0.9986
5.3134  5.106  505.772  -1.205  -5.473  -8.055  -8.942  -9.395  -8.273  2.7511  2.7131  2.9794  -8.22  -9.334  -10.065  -0.2637  -0.8961  -0.9986
5.3135  5.102  515.413  -1.05  -5.408  -8.068  -8.965  -9.432  -8.289  2.7511  2.7131  2.9794  -8.22  -9.334  -10.065  -0.2637  -0.8961  -0.9986
5.3135  5.101  697.839  1.993  -3.895  -7.883  -9.097  -9.943  -8.194  2.7511  2.7131  2.9794  -8.22  -9.334  -10.065  -0.2637  -0.8961  -0.9986
5.3135  5.101  639.08  0.734  -4.58  -8.098  -9.155  -9.823  -8.364  2.7511  2.7131  2.9794  -8.22  -9.334  -10.065  -0.2637  -0.8961  -0.9986
5.3135  5.1  561.895  -0.495  -5.187  -8.145  -9.077  -9.594  -8.375  2.7511  2.7131  2.9794  -8.22  -9.334  -10.065  -0.2637  -0.8961  -0.9986
5.3135  5.099  455.57  -1.874  -5.707  -7.946  -8.795  -9.188  -8.154  2.7524  2.7156  2.9824  -8.22  -9.334  -10.065  -0.2642  -0.894  -0.9908
5.3135  5.098  484.68  -1.47  -5.573  -8.016  -8.886  -9.312  -8.229  2.7524  2.7156  2.9824  -8.22  -9.334  -10.065  -0.2642  -0.894  -0.9908
5.3135  5.095  507.522  -1.163  -5.453  -8.057  -8.946  -9.401  -8.276  2.7524  2.7156  2.9824  -8.22  -9.334  -10.065  -0.2642  -0.894  -0.9908
5.3135  5.092  521.381  -0.931  -5.354  -8.066  -8.973  -9.452  -8.289  2.7524  2.7156  2.9824  -8.22  -9.334  -10.065  -0.2642  -0.894  -0.9908
5.3135  5.088  530.219  -0.963  -5.388  -8.122  -9.017  -9.482  -8.342  2.7524  2.7156  2.9824  -8.22  -9.334  -10.065  -0.2642  -0.894  -0.9908
5.3135  5.083  537.471  -0.844  -5.336  -8.129  -9.032  -9.508  -8.351  2.7524  2.7156  2.9824  -8.22  -9.334  -10.065  -0.2642  -0.894  -0.9908
5.3135  5.077  544.948  -0.723  -5.284  -8.133  -9.045  -9.534  -8.358  2.7524  2.7156  2.9824  -8.22  -9.334  -10.065  -0.2642  -0.894  -0.9908
5.3135  5.077  738.678  3.128  -3.264  -7.641  -8.997  -9.994  -7.995  2.7524  2.7156  2.9824  -8.22  -9.334  -10.065  -0.2642  -0.894  -0.9908
5.3135  5.077  677.259  1.424  -4.2  -8.002  -9.144  -9.91  -8.292  2.7524  2.7156  2.9824  -8.22  -9.334  -10.065  -0.2642  -0.894  -0.9908
5.3135  5.076  595.189  -0.002  -4.948  -8.154  -9.127  -9.697  -8.396  2.7524  2.7156  2.9824  -8.22  -9.334  -10.065  -0.2642  -0.894  -0.9908
5.3135  5.074  482.12  -1.471  -5.567  -8.007  -8.875  -9.298  -8.22  2.7524  2.7156  2.9824  -8.22  -9.334  -10.065  -0.2642  -0.894  -0.9908
5.3135  5.071  513.399  -1.041  -5.399  -8.062  -8.958  -9.422  -8.282  2.7524  2.7156  2.9824  -8.22  -9.334  -10.065  -0.2642  -0.894  -0.9908
5.3136  5.068  537.595  -0.816  -5.321  -8.126  -9.03  -9.508  -8.349  2.7524  2.7156  2.9824  -8.22  -9.334  -10.065  -0.2642  -0.894  -0.9908
5.3136  5.063  552.275  -0.574  -5.215  -8.134  -9.056  -9.559  -8.362  2.7524  2.7156  2.9824  -8.22  -9.334  -10.065  -0.2642  -0.894  -0.9908
5.3136  5.057  562.283  -0.43  -5.147  -8.137  -9.072  -9.591  -8.368  2.7524  2.7156  2.9824  -8.22  -9.334  -10.065  -0.2642  -0.894  -0.9908
5.3136  5.05  570.893  -0.303  -5.086  -8.14  -9.085  -9.618  -8.374  2.7524  2.7156  2.9824  -8.22  -9.334  -10.065  -0.2642  -0.894  -0.9908
5.3136  5.041  580.036  -0.172  -5.023  -8.142  -9.099  -9.647  -8.379  2.7528  2.7157  2.9826  -8.22  -9.334  -10.065  -0.2626  -0.894  -0.9894
5.3136  5.04  786.602  5.061  -2.158  -7.129  -8.729  -9.969  -7.559  2.7528  2.7157  2.9826  -8.22  -9.334  -10.065  -0.2626  -0.894  -0.9894
5.3136  5.04  721.199  2.708  -3.486  -7.728  -9.028  -9.966  -8.065  2.7528  2.7157  2.9826  -8.22  -9.334  -10.065  -0.2626  -0.894  -0.9894
5.3136  5.038  633.512  0.696  -4.584  -8.095  -9.144  -9.801  -8.358  2.7528  2.7157  2.9826  -8.22  -9.334  -10.065  -0.2626  -0.894  -0.9894
5.3136  5.036  512.1  -1.019  -5.383  -8.056  -8.951  -9.416  -8.276  2.7528  2.7157  2.9826  -8.22  -9.334  -10.065  -0.2626  -0.894  -0.9894
5.3136  5.032  545.953  -0.639  -5.239  -8.125  -9.04  -9.534  -8.351  2.7528  2.7157  2.9826  -8.22  -9.334  -10.065  -0.2626  -0.894  -0.9894
5.3136  5.028  571.025  -0.273  -5.068  -8.135  -9.082  -9.617  -8.37  2.7528  2.7157  2.9826  -8.22  -9.334  -10.065  -0.2626  -0.894  -0.9894
5.3136  5.021  585.943  -0.055  -4.964  -8.14  -9.106  -9.665  -8.38  2.7528  2.7157  2.9826  -8.22  -9.334  -10.065  -0.2626  -0.894  -0.9894
5.3137  5.012  595.875  0.081  -4.897  -8.141  -9.12  -9.695  -8.384  2.7528  2.7157  2.9826  -8.22  -9.334  -10.065  -0.2626  -0.894  -0.9894
5.3137  5.002  604.025  0.196  -4.839  -8.142  -9.131  -9.719  -8.388  2.7528  2.7157  2.9826  -8.22  -9.334  -10.065  -0.2626  -0.894  -0.9894
5.3137  4.989  612.71  0.36  -4.754  -8.127  -9.133  -9.742  -8.378  2.7528  2.7157  2.9826  -8.22  -9.334  -10.065  -0.2626  -0.894  -0.9894
5.3137  4.988  832.061  7.149  -0.934  -6.53  -8.398  -9.893  -7.048  2.7528  2.7157  2.9826  -8.22  -9.334  -10.065  -0.2626  -0.894  -0.9894
5.3137  4.987  762.176  4.197  -2.644  -7.356  -8.842  -9.972  -7.75  2.7528  2.7157  2.9826  -8.22  -9.334  -10.065  -0.2626  -0.894  -0.9894
5.3137  4.985  669.507  1.388  -4.204  -7.997  -9.129  -9.885  -8.284  2.7528  2.7157  2.9826  -8.22  -9.334  -10.065  -0.2626  -0.894  -0.9894
5.3137  4.982  540.698  -0.654  -5.238  -8.112  -9.024  -9.513  -8.337  2.7528  2.7157  2.9826  -8.22  -9.334  -10.065  -0.2626  -0.894  -0.9894
5.3137  4.977  575.778  -0.148  -5.0  -8.127  -9.083  -9.629  -8.364  2.7528  2.7157  2.9826  -8.22  -9.334  -10.065  -0.2626  -0.894  -0.9894
5.3137  4.971  601.527  0.203  -4.83  -8.134  -9.123  -9.71  -8.38  2.7528  2.7157  2.9826  -8.22  -9.334  -10.065  -0.2626  -0.894  -0.9894
5.3137  4.962  616.957  0.496  -4.678  -8.108  -9.128  -9.752  -8.363  2.7528  2.7157  2.9826  -8.22  -9.334  -10.065  -0.2626  -0.894  -0.9894
5.3137  4.95  625.396  0.674  -4.581  -8.083  -9.124  -9.774  -8.344  2.7528  2.7157  2.9826  -8.22  -9.334  -10.065  -0.2626  -0.894  -0.9894
5.3138  4.936  632.929  0.819  -4.5  -8.061  -9.122  -9.791  -8.328  2.7528  2.7157  2.9826  -8.22  -9.334  -10.065  -0.2626  -0.894  -0.9894
5.3138  4.918  639.227  0.965  -4.421  -8.038  -9.116  -9.807  -8.31  2.7528  2.7157  2.9826  -8.22  -9.334  -10.065  -0.2626  -0.894  -0.9894
5.3138  4.917  870.272  9.61  0.581  -5.736  -7.93  -9.714  -6.368  2.7528  2.7157  2.9826  -8.22  -9.334  -10.065  -0.2626  -0.894  -0.9894
5.3138  4.916  797.178  5.807  -1.712  -6.911  -8.601  -9.929  -7.37  2.7528  2.7157  2.9826  -8.22  -9.334  -10.065  -0.2626  -0.894  -0.9894
5.3138  4.914  699.931  2.38  -3.644  -7.78  -9.032  -9.92  -8.102  2.7528  2.7157  2.9826  -8.22  -9.334  -10.065  -0.2626  -0.894  -0.9894
5.3138  4.91  564.099  -0.225  -5.026  -8.108  -9.055  -9.589  -8.343  2.751  2.7152  2.9826  -8.22  -9.334  -10.065  -0.2659  -0.894  -0.9921
5.3138  4.904  600.42  0.268  -4.787  -8.119  -9.112  -9.703  -8.366  2.751  2.7152  2.9826  -8.22  -9.334  -10.065  -0.2659  -0.894  -0.9921
5.3138  4.895  626.549  0.768  -4.521  -8.061  -9.113  -9.772  -8.325  2.751  2.7152  2.9826  -8.22  -9.334  -10.065  -0.2659  -0.894  -0.9921
5.3138  4.884  641.586  1.044  -4.371  -8.023  -9.109  -9.809  -8.297  2.751  2.7152  2.9826  -8.22  -9.334  -10.065  -0.2659  -0.894  -0.9921
5.3138  4.869  649.314  1.206  -4.282  -7.999  -9.104  -9.827  -8.278  2.751  2.7152  2.9826  -8.22  -9.334  -10.065  -0.2659  -0.894  -0.9921
5.3139  4.85  655.021  1.329  -4.214  -7.979  -9.099  -9.84  -8.263  2.751  2.7152  2.9826  -8.22  -9.334  -10.065  -0.2659  -0.894  -0.9921
5.3139  4.828  659.865  1.444  -4.152  -7.959  -9.092  -9.85  -8.246  2.751  2.7152  2.9826  -8.22  -9.334  -10.065  -0.2659  -0.894  -0.9921
5.3139  4.827  898.577  11.588  1.802  -5.089  -7.547  -9.562  -5.818  2.751  2.7152  2.9826  -8.22  -9.334  -10.065  -0.2659  -0.894  -0.9921
5.3139  4.826  823.105  7.363  -0.784  -6.44  -8.33  -9.845  -6.966  2.751  2.7152  2.9826  -8.22  -9.334  -10.065  -0.2659  -0.894  -0.9921
5.3139  4.823  722.03  3.183  -3.195  -7.591  -8.943  -9.936  -7.944  2.751  2.7152  2.9826  -8.22  -9.334  -10.065  -0.2659  -0.894  -0.9921
5.3139  4.818  582.043  0.12  -4.848  -8.095  -9.07  -9.64  -8.337  2.751  2.7152  2.9826  -8.22  -9.334  -10.065  -0.2659  -0.894  -0.9921
5.3139  4.811  619.092  0.742  -4.524  -8.047  -9.093  -9.746  -8.309  2.751  2.7152  2.9826  -8.22  -9.334  -10.065  -0.2659  -0.894  -0.9921
5.3139  4.8  644.696  1.228  -4.262  -7.983  -9.088  -9.812  -8.262  2.751  2.7152  2.9826  -8.22  -9.334  -10.065  -0.2659  -0.894  -0.9921
5.3139  4.787  659.409  1.49  -4.119  -7.946  -9.083  -9.845  -8.235  2.751  2.7152  2.9826  -8.22  -9.334  -10.065  -0.2659  -0.894  -0.9921
5.3139  4.769  666.277  1.741  -3.978  -7.89  -9.058  -9.853  -8.188  2.751  2.7152  2.9826  -8.22  -9.334  -10.065  -0.2659  -0.894  -0.9921
5.3139  4.747  670.741  1.919  -3.876  -7.849  -9.038  -9.856  -8.153  2.7512  2.716  2.9836  -8.22  -9.334  -10.065  -0.2665  -0.894  -0.9926
5.314  4.72  674.458  2.093  -3.776  -7.807  -9.018  -9.858  -8.117  2.7512  2.716  2.9836  -8.22  -9.334  -10.065  -0.2665  -0.894  -0.9926
5.314  4.719  918.449  13.667  3.171  -4.332  -7.086  -9.337  -5.175  2.7512  2.716  2.9836  -8.22  -9.334  -10.065  -0.2665  -0.894  -0.9926
5.314  4.717  841.308  8.969  0.21  -5.912  -8.013  -9.714  -6.511  2.7512  2.716  2.9836  -8.22  -9.334  -10.065  -0.2665  -0.894  -0.9926
5.314  4.714  738.848  4.086  -2.672  -7.345  -8.807  -9.912  -7.731  2.7512  2.716  2.9836  -8.22  -9.334  -10.065  -0.2665  -0.894  -0.9926
5.314  4.708  594.368  0.43  -4.678  -8.069  -9.071  -9.673  -8.319  2.7512  2.716  2.9836  -8.22  -9.334  -10.065  -0.2665  -0.894  -0.9926
5.314  4.7  631.473  1.133  -4.298  -7.976  -9.066  -9.771  -8.251  2.7512  2.716  2.9836  -8.22  -9.334  -10.065  -0.2665  -0.894  -0.9926
5.314  4.688  658.651  1.675  -4.003  -7.891  -9.048  -9.83  -8.185  2.7512  2.716  2.9836  -8.22  -9.334  -10.065  -0.2665  -0.894  -0.9926
5.314  4.672  671.514  2.111  -3.759  -7.797  -9.007  -9.848  -8.107  2.7512  2.716  2.9836  -8.22  -9.334  -10.065  -0.2665  -0.894  -0.9926
5.314  4.652  678.508  2.334  -3.635  -7.745  -8.983  -9.854  -8.063  2.7512  2.716  2.9836  -8.22  -9.334  -10.065  -0.2665  -0.894  -0.9926
5.314  4.626  681.169  2.48  -3.552  -7.709  -8.965  -9.854  -8.033  2.7512  2.716  2.9836  -8.22  -9.334  -10.065  -0.2665  -0.894  -0.9926
5.3141  4.595  683.526  2.617  -3.475  -7.674  -8.946  -9.853  -8.002  2.7512  2.716  2.9836  -8.22  -9.334  -10.065  -0.2665  -0.894  -0.9926
5.3141  4.594  930.797  15.319  4.265  -3.722  -6.711  -9.15  -4.659  2.7512  2.716  2.9836  -8.22  -9.334  -10.065  -0.2665  -0.894  -0.9926
5.3141  4.592  853.601  10.25  1.009  -5.483  -7.752  -9.601  -6.142  2.7512  2.716  2.9836  -8.22  -9.334  -10.065  -0.2665  -0.894  -0.9926
5.3141  4.588  748.781  4.941  -2.168  -7.095  -8.663  -9.87  -7.515  2.7512  2.716  2.9836  -8.22  -9.334  -10.065  -0.2665  -0.894  -0.9926
5.3141  4.582  601.804  0.746  -4.492  -8.004  -9.041  -9.686  -8.264  2.7512  2.716  2.9836  -8.22  -9.334  -10.065  -0.2665  -0.894  -0.9926
5.3141  4.572  639.669  1.454  -4.11  -7.91  -9.035  -9.783  -8.195  2.7512  2.716  2.9836  -8.22  -9.334  -10.065  -0.2665  -0.894  -0.9926
5.3141  4.559  666.124  2.193  -3.701  -7.76  -8.977  -9.825  -8.072  2.7512  2.716  2.9836  -8.22  -9.334  -10.065  -0.2665  -0.894  -0.9926
5.3141  4.541  679.133  2.61  -3.471  -7.667  -8.937  -9.84  -7.995  2.7512  2.716  2.9836  -8.22  -9.334  -10.065  -0.2665  -0.894  -0.9926
5.3141  4.518  685.417  2.823  -3.352  -7.617  -8.913  -9.845  -7.953  2.7512  2.716  2.9836  -8.22  -9.334  -10.065  -0.2665  -0.894  -0.9926
5.3142  4.489  688.74  2.961  -3.273  -7.583  -8.896  -9.845  -7.924  2.7512  2.716  2.9836  -8.22  -9.334  -10.065  -0.2665  -0.894  -0.9926
5.3142  4.455  690.645  3.088  -3.2  -7.55  -8.877  -9.843  -7.895  2.7512  2.716  2.9836  -8.22  -9.334  -10.065  -0.2665  -0.894  -0.9926
5.3142  4.453  942.226  16.972  5.409  -3.07  -6.305  -8.934  -4.11  2.7512  2.716  2.9836  -8.22  -9.334  -10.065  -0.2665  -0.894  -0.9926
5.3142  4.451  863.684  11.418  1.735  -5.091  -7.515  -9.494  -5.807  2.7512  2.716  2.9836  -8.22  -9.334  -10.065  -0.2665  -0.894  -0.9926
5.3142  4.447  758.499  5.721  -1.705  -6.864  -8.526  -9.826  -7.314  2.7512  2.716  2.9836  -8.22  -9.334  -10.065  -0.2665  -0.894  -0.9926
5.3142  4.44  608.632  1.066  -4.298  -7.938  -9.01  -9.693  -8.208  2.7512  2.716  2.9836  -8.22  -9.334  -10.065  -0.2665  -0.894  -0.9926
5.3142  4.429  646.629  1.879  -3.854  -7.808  -8.98  -9.78  -8.107  2.7512  2.716  2.9836  -8.22  -9.334  -10.065  -0.2665  -0.894  -0.9926
5.3142  4.415  672.907  2.67  -3.42  -7.635  -8.908  -9.813  -7.964  2.7512  2.716  2.9836  -8.22  -9.334  -10.065  -0.2665  -0.894  -0.9926
5.3142  4.395  686.049  3.069  -3.201  -7.546  -8.869  -9.828  -7.89  2.7512  2.716  2.9836  -8.22  -9.334  -10.065  -0.2665  -0.894  -0.9926
5.3142  4.369  691.6  3.268  -3.089  -7.5  -8.846  -9.832  -7.851  2.7512  2.716  2.9836  -8.22  -9.334  -10.065  -0.2665  -0.894  -0.9926
5.3143  4.337  693.514  3.392  -3.017  -7.467  -8.829  -9.83  -7.823  2.7512  2.716  2.9836  -8.22  -9.334  -10.065  -0.2665  -0.894  -0.9926
5.3143  4.299  694.632  3.504  -2.952  -7.437  -8.811  -9.826  -7.796  2.7512  2.716  2.9836  -8.22  -9.334  -10.065  -0.2665  -0.894  -0.9926
5.3143  4.298  948.102  18.41  6.408  -2.494  -5.944  -8.734  -3.627  2.7512  2.716  2.9836  -8.22  -9.334  -10.065  -0.2665  -0.894  -0.9926
5.3143  4.295  869.071  12.633  2.53  -4.65  -7.241  -9.355  -5.429  2.7512  2.716  2.9836  -8.22  -9.334  -10.065  -0.2665  -0.894  -0.9926
5.3143  4.291  762.878  6.398  -1.301  -6.656  -8.4  -9.779  -7.133  2.7512  2.716  2.9836  -8.22  -9.334  -10.065  -0.2665  -0.894  -0.9926
5.3143  4.283  613.557  1.357  -4.118  -7.872  -8.974  -9.692  -8.15  2.7512  2.716  2.9836  -8.22  -9.334  -10.065  -0.2665  -0.894  -0.9926
5.3143  4.272  651.111  2.311  -3.596  -7.691  -8.912  -9.763  -8.004  2.7512  2.716  2.9836  -8.22  -9.334  -10.065  -0.2665  -0.894  -0.9926
5.3143  4.256  677.259  3.086  -3.173  -7.522  -8.841  -9.797  -7.865  2.753  2.7184  2.9865  -8.22  -9.334  -10.065  -0.2648  -0.894  -0.9912
5.3143  4.235  690.01  3.481  -2.955  -7.433  -8.801  -9.811  -7.79  2.753  2.7184  2.9865  -8.22  -9.334  -10.065  -0.2648  -0.894  -0.9912
5.3143  4.208  694.792  3.711  -2.823  -7.374  -8.771  -9.81  -7.74  2.753  2.7184  2.9865  -8.22  -9.334  -10.065  -0.2648  -0.894  -0.9912
5.3144  4.173  697.357  3.912  -2.703  -7.317  -8.737  -9.799  -7.69  2.753  2.7184  2.9865  -8.22  -9.334  -10.065  -0.2648  -0.894  -0.9912
5.3144  4.132  698.482  4.088  -2.596  -7.263  -8.704  -9.787  -7.643  2.753  2.7184  2.9865  -8.22  -9.334  -10.065  -0.2648  -0.894  -0.9912
5.3144  4.131  954.674  19.864  7.442  -1.885  -5.558  -8.513  -3.118  2.753  2.7184  2.9865  -8.22  -9.334  -10.065  -0.2648  -0.894  -0.9912
5.3144  4.128  875.095  13.91  3.382  -4.172  -6.943  -9.198  -5.022  2.753  2.7184  2.9865  -8.22  -9.334  -10.065  -0.2648  -0.894  -0.9912
5.3144  4.123  769.051  7.181  -0.818  -6.405  -8.245  -9.713  -6.914  2.753  2.7184  2.9865  -8.22  -9.334  -10.065  -0.2648  -0.894  -0.9912
5.3144  4.115  617.526  1.659  -3.926  -7.803  -8.935  -9.688  -8.09  2.753  2.7184  2.9865  -8.22  -9.334  -10.065  -0.2648  -0.894  -0.9912
5.3144  4.103  655.322  2.743  -3.335  -7.573  -8.842  -9.744  -7.901  2.753  2.7184  2.9865  -8.22  -9.334  -10.065  -0.2648  -0.894  -0.9912
5.3144  4.086  680.856  3.511  -2.915  -7.405  -8.77  -9.777  -7.762  2.753  2.7184  2.9865  -8.22  -9.334  -10.065  -0.2648  -0.894  -0.9912
5.3144  4.062  693.673  4.047  -2.61  -7.267  -8.699  -9.773  -7.644  2.753  2.7184  2.9865  -8.22  -9.334  -10.065  -0.2648  -0.894  -0.9912
5.3145  4.033  698.482  4.367  -2.424  -7.175  -8.647  -9.761  -7.565  2.753  2.7184  2.9865  -8.22  -9.334  -10.065  -0.2648  -0.894  -0.9912
5.3145  3.995  700.253  4.566  -2.305  -7.116  -8.612  -9.749  -7.513  2.753  2.7184  2.9865  -8.22  -9.334  -10.065  -0.2648  -0.894  -0.9912
5.3145  3.95  701.706  4.751  -2.194  -7.058  -8.577  -9.735  -7.462  2.753  2.7184  2.9865  -8.22  -9.334  -10.065  -0.2648  -0.894  -0.9912
5.3145  3.948  959.522  21.36  8.511  -1.25  -5.151  -8.275  -2.588  2.753  2.7184  2.9865  -8.22  -9.334  -10.065  -0.2648  -0.894  -0.9912
5.3145  3.946  879.539  15.212  4.251  -3.681  -6.637  -9.033  -4.605  2.753  2.7184  2.9865  -8.22  -9.334  -10.065  -0.2648  -0.894  -0.9912
5.3145  3.94  772.601  8.215  -0.166  -6.053  -8.024  -9.607  -6.606  2.753  2.7184  2.9865  -8.22  -9.334  -10.065  -0.2648  -0.894  -0.9912
5.3145  3.931  621.091  2.067  -3.677  -7.692  -8.868  -9.67  -7.992  2.7531  2.7191  2.9874  -8.22  -9.334  -10.065  -0.2653  -0.894  -0.9916
5.3145  3.917  657.287  3.189  -3.065  -7.449  -8.767  -9.721  -7.791  2.7531  2.7191  2.9874  -8.22  -9.334  -10.065  -0.2653  -0.894  -0.9916
5.3145  3.898  683.211  4.091  -2.563  -7.231  -8.663  -9.735  -7.608  2.7531  2.7191  2.9874  -8.22  -9.334  -10.065  -0.2653  -0.894  -0.9916
5.3145  3.872  696.394  4.743  -2.189  -7.05  -8.565  -9.717  -7.453  2.7531  2.7191  2.9874  -8.22  -9.334  -10.065  -0.2653  -0.894  -0.9916
5.3146  3.838  701.544  5.076  -1.994  -6.955  -8.51  -9.704  -7.371  2.7531  2.7191  2.9874  -8.22  -9.334  -10.065  -0.2653  -0.894  -0.9916
5.3146  3.796  703.323  5.294  -1.864  -6.889  -8.471  -9.69  -7.313  2.7531  2.7191  2.9874  -8.22  -9.334  -10.065  -0.2653  -0.894  -0.9916
5.3146  3.746  704.62  5.497  -1.742  -6.825  -8.431  -9.674  -7.257  2.7527  2.7189  2.9873  -8.22  -9.334  -10.065  -0.2659  -0.894  -0.9921
5.3146  3.744  963.951  23.152  9.794  -0.469  -4.633  -7.953  -1.933  2.7527  2.7189  2.9873  -8.22  -9.334  -10.065  -0.2659  -0.894  -0.9921
5.3146  3.741  884.617  16.812  5.346  -3.051  -6.238  -8.812  -4.071  2.7527  2.7189  2.9873  -8.22  -9.334  -10.065  -0.2659  -0.894  -0.9921
5.3146  3.735  776.524  9.394  0.572  -5.65  -7.773  -9.483  -6.256  2.7527  2.7189  2.9873  -8.22  -9.334  -10.065  -0.2659  -0.894  -0.9921
5.3146  3.725  624.676  2.591  -3.36  -7.548  -8.78  -9.644  -7.864  2.7527  2.7189  2.9873  -8.22  -9.334  -10.065  -0.2659  -0.894  -0.9921
5.3146  3.71  661.082  3.694  -2.76  -7.305  -8.678  -9.691  -7.664  2.7527  2.7189  2.9873  -8.22  -9.334  -10.065  -0.2659  -0.894  -0.9921
5.3146  3.689  686.365  4.873  -2.089  -6.989  -8.511  -9.673  -7.394  2.7527  2.7189  2.9873  -8.22  -9.334  -10.065  -0.2659  -0.894  -0.9921
5.3147  3.661  699.608  5.526  -1.713  -6.805  -8.411  -9.654  -7.237  2.7527  2.7189  2.9873  -8.22  -9.334  -10.065  -0.2659  -0.894  -0.9921
5.3147  3.625  704.296  5.868  -1.513  -6.706  -8.354  -9.638  -7.152  2.7527  2.7189  2.9873  -8.22  -9.334  -10.065  -0.2659  -0.894  -0.9921
5.3147  3.58  706.407  6.102  -1.373  -6.634  -8.311  -9.622  -7.089  2.7527  2.7189  2.9873  -8.22  -9.334  -10.065  -0.2659  -0.894  -0.9921
5.3147  3.526  707.221  6.327  -1.237  -6.565  -8.268  -9.605  -7.028  2.7527  2.7189  2.9873  -8.22  -9.334  -10.065  -0.2659  -0.894  -0.9921
5.3147  3.524  968.401  25.131  11.205  0.393  -4.06  -7.596  -1.214  2.7527  2.7189  2.9873  -8.22  -9.334  -10.065  -0.2659  -0.894  -0.9921
5.3147  3.521  888.7  18.642  6.621  -2.309  -5.77  -8.546  -3.447  2.7527  2.7189  2.9873  -8.22  -9.334  -10.065  -0.2659  -0.894  -0.9921
5.3147  3.514  780.648  10.695  1.39  -5.201  -7.494  -9.344  -5.869  2.7527  2.7189  2.9873  -8.22  -9.334  -10.065  -0.2659  -0.894  -0.9921
5.3147  3.503  628.283  3.177  -3.005  -7.385  -8.681  -9.613  -7.721  2.7527  2.7189  2.9873  -8.22  -9.334  -10.065  -0.2659  -0.894  -0.9921
5.3147  3.486  664.133  4.493  -2.277  -7.061  -8.525  -9.63  -7.448  2.7527  2.7189  2.9873  -8.22  -9.334  -10.065  -0.2659  -0.894  -0.9921
5.3148  3.462  690.645  5.771  -1.545  -6.708  -8.336  -9.6  -7.147  2.7527  2.7189  2.9873  -8.22  -9.334  -10.065  -0.2659  -0.894  -0.9921
5.3148  3.431  703.161  6.447  -1.158  -6.518  -8.232  -9.579  -6.985  2.753  2.7198  2.9886  -8.22  -9.334  -10.065  -0.2659  -0.894  -0.9921
5.3148  3.39  708.199  6.826  -0.939  -6.407  -8.17  -9.561  -6.89  2.753  2.7198  2.9886  -8.22  -9.334  -10.065  -0.2659  -0.894  -0.9921
5.3148  3.34  711.304  7.108  -0.774  -6.322  -8.12  -9.542  -6.817  2.753  2.7198  2.9886  -8.22  -9.334  -10.065  -0.2659  -0.894  -0.9921
5.3148  3.28  712.779  7.492  -0.537  -6.194  -8.04  -9.504  -6.705  2.753  2.7198  2.9886  -8.22  -9.334  -10.065  -0.2659  -0.894  -0.9921
5.3148  3.278  974.889  27.662  13.008  1.492  -3.33  -7.142  -0.306  2.753  2.7198  2.9886  -8.22  -9.334  -10.065  -0.2659  -0.894  -0.9921
5.3148  3.273  896.097  21.091  8.359  -1.276  -5.112  -8.166  -2.584  2.753  2.7198  2.9886  -8.22  -9.334  -10.065  -0.2659  -0.894  -0.9921
5.3148  3.265  787.508  12.427  2.481  -4.597  -7.119  -9.156  -5.35  2.753  2.7198  2.9886  -8.22  -9.334  -10.065  -0.2659  -0.894  -0.9921
5.3148  3.251  634.534  3.926  -2.561  -7.172  -8.553  -9.574  -7.533  2.753  2.7198  2.9886  -8.22  -9.334  -10.065  -0.2659  -0.894  -0.9921
5.3149  3.231  671.05  5.683  -1.562  -6.694  -8.301  -9.541  -7.126  2.753  2.7198  2.9886  -8.22  -9.334  -10.065  -0.2659  -0.894  -0.9921
5.3149  3.201  697.678  7.019  -0.806  -6.323  -8.103  -9.506  -6.812  2.753  2.7198  2.9886  -8.22  -9.334  -10.065  -0.2659  -0.894  -0.9921
5.3149  3.162  711.631  8.048  -0.185  -5.998  -7.915  -9.437  -6.533  2.753  2.7198  2.9886  -8.22  -9.334  -10.065  -0.2659  -0.894  -0.9921
5.3149  3.113  718.547  8.79  0.273  -5.753  -7.767  -9.374  -6.321  2.7544  2.7218  2.9908  -8.22  -9.334  -10.065  -0.2659  -0.8938  -0.9834
5.3149  3.051  722.196  9.424  0.668  -5.539  -7.638  -9.314  -6.137  2.7544  2.7218  2.9908  -8.22  -9.334  -10.065  -0.2659  -0.8938  -0.9834
5.3149  2.977  726.198  10.12  1.099  -5.303  -7.492  -9.245  -5.933  2.7544  2.7218  2.9908  -8.22  -9.334  -10.065  -0.2659  -0.8938  -0.9834
5.3149  2.974  993.7  32.172  16.186  3.399  -2.053  -6.327  1.255  2.7544  2.7218  2.9908  -8.22  -9.334  -10.065  -0.2659  -0.8938  -0.9834
5.3149  2.966  915.072  25.437  11.45  0.595  -3.882  -7.417  -1.024  2.7544  2.7218  2.9908  -8.22  -9.334  -10.065  -0.2659  -0.8938  -0.9834
5.315  2.951  806.966  16.15  4.949  -3.202  -6.255  -8.702  -4.166  2.7544  2.7218  2.9908  -8.22  -9.334  -10.065  -0.2659  -0.8938  -0.9834
5.315  2.925  651.111  5.914  -1.389  -6.578  -8.199  -9.449  -7.015  2.7544  2.7218  2.9908  -8.22  -9.334  -10.065  -0.2659  -0.8938  -0.9834
5.315  2.887  690.645  8.163  -0.082  -5.92  -7.838  -9.356  -6.455  2.754  2.7209  2.9897  -8.22  -9.334  -10.065  -0.2653  -0.8937  -0.9831
5.315  2.835  723.528  10.625  1.419  -5.122  -7.372  -9.17  -5.774  2.754  2.7209  2.9897  -8.22  -9.334  -10.065  -0.2653  -0.8937  -0.9831
5.315  2.765  743.798  12.312  2.454  -4.565  -7.044  -9.031  -5.302  2.754  2.7209  2.9897  -8.22  -9.334  -10.065  -0.2653  -0.8937  -0.9831
5.315  2.677  757.626  14.092  3.619  -3.913  -6.646  -8.831  -4.748  2.754  2.7209  2.9897  -8.22  -9.334  -10.065  -0.2653  -0.8937  -0.9831
5.315  2.57  769.051  15.968  4.86  -3.21  -6.215  -8.608  -4.154  2.754  2.7209  2.9897  -8.22  -9.334  -10.065  -0.2653  -0.8937  -0.9831
5.3151  2.445  714.422  16.169  5.037  -3.037  -6.065  -8.524  -3.991  2.754  2.7209  2.9897  -8.22  -9.334  -10.065  -0.2653  -0.8937  -0.9831
5.3151  2.437  1124.23  44.566  25.001  8.672  1.553  -3.97  5.489  2.754  2.7209  2.9897  -8.22  -9.334  -10.065  -0.2653  -0.8937  -0.9831
5.3151  2.418  1026.727  37.929  20.298  5.9  -0.324  -5.148  3.298  2.754  2.7209  2.9897  -8.22  -9.334  -10.065  -0.2653  -0.8937  -0.9831
5.3151  2.381  892.596  28.193  13.395  1.816  -3.063  -6.837  -0.012  2.754  2.7209  2.9897  -8.22  -9.334  -10.065  -0.2653  -0.8937  -0.9831
5.3151  2.319  692.237  12.836  2.847  -4.275  -6.804  -8.833  -5.031  2.754  2.7209  2.9897  -8.22  -9.334  -10.065  -0.2653  -0.8937  -0.9831
5.3151  2.229  746.028  18.348  6.527  -2.203  -5.553  -8.211  -3.293  2.754  2.7209  2.9897  -8.22  -9.334  -10.065  -0.2653  -0.8937  -0.9831
5.3151  2.108  790.415  24.263  10.674  0.245  -4.009  -7.346  -1.263  2.754  2.7209  2.9897  -8.22  -9.334  -10.065  -0.2653  -0.8937  -0.9831
5.3151  1.955  812.559  29.54  14.416  2.504  -2.531  -6.46  0.592  2.7543  2.7217  2.9906  -8.22  -9.334  -10.065  -0.2653  -0.8937  -0.9831
5.3151  1.773  813.121  35.023  18.334  4.86  -0.913  -5.425  2.53  2.7543  2.7217  2.9906  -8.22  -9.334  -10.065  -0.2653  -0.8937  -0.9831
5.3151  1.567  787.146  40.695  22.437  7.348  0.836  -4.294  4.565  2.7543  2.7217  2.9906  -8.22  -9.334  -10.065  -0.2653  -0.8937  -0.9831
5.3152  1.347  518.508  37.052  19.99  6.142  0.223  -4.647  3.725  2.7543  2.7217  2.9906  -8.22  -9.334  -10.065  -0.2653  -0.8937  -0.9831
