#Mini MPD Rad MV_j MI_c MJ_2M MH_2M MK_2M MHw JH JKs HKs medianJ medianH medianKs sigmaJ sigmaH sigmaKs maxJ maxH maxKs minJ minH minKs medianJH medianJKs medianHKs sigmaJH sigmaJKs sigmaHKs maxJH maxJKs maxHKs minJH minJKs minHKs counts
0.003  0.003  0.104  61.46  50.79  37.358  34.544  54.256  36.491  2.814  -16.898  -19.712  37.358  34.544  54.256  0.3  0.3  0.3  999.0  999.0  999.0  -999.0  -999.0  -999.0  2.814  -16.898  -19.712  0.2  0.2  0.2  10.0  10.0  10.0  -10.0  -10.0  -10.0  0.0
0.004  0.004  0.104  58.0  47.86  35.127  33.108  51.086  34.557  2.019  -15.959  -17.978  35.127  33.108  51.086  0.3  0.3  0.3  999.0  999.0  999.0  -999.0  -999.0  -999.0  2.019  -15.959  -17.978  0.2  0.2  0.2  10.0  10.0  10.0  -10.0  -10.0  -10.0  0.0
0.005  0.005  0.103  54.62  45.05  33.228  31.766  48.236  32.842  1.462  -15.008  -16.47  33.228  31.766  48.236  0.3  0.3  0.3  999.0  999.0  999.0  -999.0  -999.0  -999.0  1.462  -15.008  -16.47  0.2  0.2  0.2  10.0  10.0  10.0  -10.0  -10.0  -10.0  0.0
0.006  0.006  0.102  51.29  42.3  31.448  30.472  45.506  31.205  0.976  -14.058  -15.034  31.448  30.472  45.506  0.3  0.3  0.3  999.0  999.0  999.0  -999.0  -999.0  -999.0  0.976  -14.058  -15.034  0.2  0.2  0.2  10.0  10.0  10.0  -10.0  -10.0  -10.0  0.0
0.007  0.007  0.102  48.17  39.72  29.815  29.276  42.986  29.689  0.539  -13.171  -13.71  29.815  29.276  42.986  0.3  0.3  0.3  999.0  999.0  999.0  -999.0  -999.0  -999.0  0.539  -13.171  -13.71  0.2  0.2  0.2  10.0  10.0  10.0  -10.0  -10.0  -10.0  0.0
0.008  0.008  0.101  45.19  37.28  28.31  28.147  40.636  28.274  0.163  -12.326  -12.489  28.31  28.147  40.636  0.3  0.3  0.3  999.0  999.0  999.0  -999.0  -999.0  -999.0  0.163  -12.326  -12.489  0.2  0.2  0.2  10.0  10.0  10.0  -10.0  -10.0  -10.0  0.0
0.009  0.009  0.1  42.49  35.07  26.971  27.124  38.526  27.003  -0.153  -11.555  -11.402  26.971  27.124  38.526  0.3  0.3  0.3  999.0  999.0  999.0  -999.0  -999.0  -999.0  -0.153  -11.555  -11.402  0.2  0.2  0.2  10.0  10.0  10.0  -10.0  -10.0  -10.0  0.0
0.01  0.01  0.099  39.95  33.0  25.729  26.18  36.566  25.82  -0.451  -10.837  -10.386  25.729  26.18  36.566  0.3  0.3  0.3  999.0  999.0  999.0  -999.0  -999.0  -999.0  -0.451  -10.837  -10.386  0.2  0.2  0.2  10.0  10.0  10.0  -10.0  -10.0  -10.0  0.0
0.012  0.012  0.098  35.23  29.12  23.498  24.425  33.036  23.671  -0.927  -9.538  -8.611  23.498  24.425  33.036  0.3  0.3  0.3  999.0  999.0  999.0  -999.0  -999.0  -999.0  -0.927  -9.538  -8.611  0.2  0.2  0.2  10.0  10.0  10.0  -10.0  -10.0  -10.0  0.0
0.015  0.015  0.096  32.81  26.8  22.228  23.149  30.436  22.401  -0.921  -8.208  -7.287  22.228  23.149  30.436  0.3  0.3  0.3  999.0  999.0  999.0  -999.0  -999.0  -999.0  -0.921  -8.208  -7.287  0.2  0.2  0.2  10.0  10.0  10.0  -10.0  -10.0  -10.0  0.0
0.02  0.02  0.093  30.75  24.64  20.922  21.596  26.996  21.054  -0.674  -6.074  -5.4  20.922  21.596  26.996  0.3  0.3  0.3  999.0  999.0  999.0  -999.0  -999.0  -999.0  -0.674  -6.074  -5.4  0.2  0.2  0.2  10.0  10.0  10.0  -10.0  -10.0  -10.0  0.0
0.03  0.03  0.088  28.98  22.35  19.522  19.608  22.566  19.54  -0.086  -3.044  -2.958  19.522  19.608  22.566  0.3  0.3  0.3  999.0  999.0  999.0  -999.0  -999.0  -999.0  -0.086  -3.044  -2.958  0.2  0.2  0.2  10.0  10.0  10.0  -10.0  -10.0  -10.0  0.0
0.04  0.04  0.083  28.18  21.19  18.2  18.291  19.966  18.219  -0.091  -1.766  -1.675  18.2  18.291  19.966  0.3  0.3  0.3  999.0  999.0  999.0  -999.0  -999.0  -999.0  -0.091  -1.766  -1.675  0.2  0.2  0.2  10.0  10.0  10.0  -10.0  -10.0  -10.0  0.0
0.05  0.05  0.079  27.64  20.47  17.009  17.161  18.046  17.041  -0.152  -1.037  -0.885  17.009  17.161  18.046  0.3  0.3  0.3  999.0  999.0  999.0  -999.0  -999.0  -999.0  -0.152  -1.037  -0.885  0.2  0.2  0.2  10.0  10.0  10.0  -10.0  -10.0  -10.0  0.0
0.06  0.06  0.076  27.2  19.93  15.974  16.174  16.526  16.016  -0.2  -0.552  -0.352  15.974  16.174  16.526  0.3  0.3  0.3  999.0  999.0  999.0  -999.0  -999.0  -999.0  -0.2  -0.552  -0.352  0.2  0.2  0.2  10.0  10.0  10.0  -10.0  -10.0  -10.0  0.0
0.07  0.07  0.078  25.69  18.6  14.334  14.436  14.336  14.356  -0.102  -0.002  0.1  14.334  14.436  14.336  0.3  0.3  0.3  999.0  999.0  999.0  -999.0  -999.0  -999.0  -0.102  -0.002  0.1  0.2  0.2  0.2  10.0  10.0  10.0  -10.0  -10.0  -10.0  0.0
0.072  0.072  0.081  24.17  17.48  13.407  13.415  13.336  13.409  -0.008  0.071  0.079  13.407  13.415  13.336  0.3  0.3  0.3  999.0  999.0  999.0  -999.0  -999.0  -999.0  -0.008  0.071  0.079  0.2  0.2  0.2  10.0  10.0  10.0  -10.0  -10.0  -10.0  0.0
0.075  0.075  0.089  21.1  15.39  12.217  11.958  11.786  12.159  0.259  0.431  0.172  12.217  11.958  11.786  0.3  0.3  0.3  999.0  999.0  999.0  -999.0  -999.0  -999.0  0.259  0.431  0.172  0.2  0.2  0.2  10.0  10.0  10.0  -10.0  -10.0  -10.0  0.0
0.08  0.08  0.099  19.1  13.89  11.427  11.07  10.796  11.345  0.357  0.631  0.274  11.427  11.07  10.796  0.3  0.3  0.3  999.0  999.0  999.0  -999.0  -999.0  -999.0  0.357  0.631  0.274  0.2  0.2  0.2  10.0  10.0  10.0  -10.0  -10.0  -10.0  0.0
0.09  0.09  0.119  16.668  12.478  10.465  9.78  9.48  10.301  0.685  0.985  0.3  10.756  10.413  10.255  0.162  0.069  0.073  11.175  10.571  10.473  10.679  10.356  10.226  0.364  0.519  0.155  0.122  0.185  0.064  0.604  0.865  0.261  0.197  0.258  0.061  162.0
0.12  0.12  0.152  15.195  11.614  9.823  9.122  8.793  9.655  0.701  1.03  0.329  9.584  9.061  8.888  0.245  0.208  0.162  10.07  9.469  9.198  9.353  8.882  8.741  0.514  0.696  0.173  0.038  0.084  0.047  0.602  0.872  0.271  0.471  0.612  0.141  113.0
0.15  0.15  0.181  14.224  10.965  9.287  8.641  8.296  9.133  0.646  0.991  0.345  9.287  8.641  8.296  0.3  0.3  0.3  999.0  999.0  999.0  -999.0  -999.0  -999.0  0.646  0.991  0.345  0.2  0.2  0.2  10.0  10.0  10.0  -10.0  -10.0  -10.0  0.0
0.18  0.18  0.207  13.541  10.469  8.878  8.26  7.916  8.731  0.618  0.962  0.344  8.878  8.26  7.916  0.3  0.3  0.3  999.0  999.0  999.0  -999.0  -999.0  -999.0  0.618  0.962  0.344  0.2  0.2  0.2  10.0  10.0  10.0  -10.0  -10.0  -10.0  0.0
0.21  0.21  0.233  12.997  10.067  8.542  7.94  7.601  8.4  0.602  0.941  0.339  8.542  7.94  7.601  0.3  0.3  0.3  999.0  999.0  999.0  -999.0  -999.0  -999.0  0.602  0.941  0.339  0.2  0.2  0.2  10.0  10.0  10.0  -10.0  -10.0  -10.0  0.0
0.24  0.24  0.258  12.539  9.727  8.253  7.662  7.33  8.113  0.591  0.923  0.332  8.114  7.56  7.354  0.007  0.007  0.007  8.124  7.57  7.364  8.104  7.551  7.343  0.553  0.76  0.207  0.0  0.0  0.0  0.554  0.761  0.207  0.553  0.76  0.207  16.0
0.27  0.27  0.282  12.138  9.431  7.997  7.413  7.09  7.859  0.584  0.907  0.323  7.914  7.346  7.122  0.007  0.007  0.007  7.924  7.356  7.131  7.903  7.335  7.11  0.568  0.793  0.225  0.0  0.0  0.0  0.568  0.793  0.225  0.567  0.792  0.224  16.0
0.3  0.3  0.306  11.779  9.163  7.766  7.187  6.872  7.629  0.579  0.894  0.315  7.517  6.955  6.758  0.235  0.211  0.183  7.97  7.364  7.116  7.292  6.765  6.599  0.562  0.759  0.198  0.025  0.052  0.028  0.606  0.854  0.248  0.527  0.693  0.166  113.0
0.33  0.33  0.332  11.452  8.917  7.554  6.978  6.672  7.418  0.576  0.882  0.306  7.554  6.978  6.672  0.3  0.3  0.3  999.0  999.0  999.0  -999.0  -999.0  -999.0  0.576  0.882  0.306  0.2  0.2  0.2  10.0  10.0  10.0  -10.0  -10.0  -10.0  0.0
0.36  0.36  0.358  11.149  8.685  7.357  6.782  6.485  7.221  0.575  0.872  0.297  7.357  6.782  6.485  0.3  0.3  0.3  999.0  999.0  999.0  -999.0  -999.0  -999.0  0.575  0.872  0.297  0.2  0.2  0.2  10.0  10.0  10.0  -10.0  -10.0  -10.0  0.0
0.39  0.39  0.384  10.865  8.465  7.172  6.597  6.309  7.036  0.575  0.863  0.288  7.172  6.597  6.309  0.3  0.3  0.3  999.0  999.0  999.0  -999.0  -999.0  -999.0  0.575  0.863  0.288  0.2  0.2  0.2  10.0  10.0  10.0  -10.0  -10.0  -10.0  0.0
0.42  0.42  0.413  10.597  8.256  6.996  6.42  6.142  6.86  0.576  0.854  0.278  6.996  6.42  6.142  0.3  0.3  0.3  999.0  999.0  999.0  -999.0  -999.0  -999.0  0.576  0.854  0.278  0.2  0.2  0.2  10.0  10.0  10.0  -10.0  -10.0  -10.0  0.0
0.45  0.45  0.443  10.341  8.057  6.828  6.251  5.982  6.692  0.577  0.846  0.269  6.485  5.91  5.746  0.21  0.175  0.141  6.939  6.314  6.085  6.353  5.856  5.717  0.575  0.739  0.164  0.041  0.075  0.035  0.625  0.855  0.23  0.497  0.633  0.136  115.0
0.48  0.48  0.474  10.096  7.867  6.666  6.087  5.827  6.529  0.579  0.839  0.26  6.666  6.087  5.827  0.3  0.3  0.3  999.0  999.0  999.0  -999.0  -999.0  -999.0  0.579  0.839  0.26  0.2  0.2  0.2  10.0  10.0  10.0  -10.0  -10.0  -10.0  0.0
0.55  0.55  0.553  9.022  7.162  6.1  5.498  5.274  5.958  0.602  0.826  0.224  5.635  5.145  5.042  0.24  0.166  0.123  6.203  5.553  5.344  5.555  5.092  4.988  0.512  0.614  0.105  0.083  0.124  0.044  0.65  0.859  0.209  0.426  0.53  0.101  113.0
0.6  0.6  0.601  8.345  6.696  5.72  5.097  4.916  5.572  0.623  0.804  0.181  5.242  4.824  4.735  0.233  0.126  0.093  5.834  5.163  4.985  5.146  4.77  4.683  0.427  0.515  0.089  0.113  0.144  0.033  0.671  0.849  0.178  0.373  0.46  0.086  130.0
0.618  0.618  0.615  8.087  6.523  5.58  4.958  4.796  5.432  0.622  0.784  0.162  5.205  4.721  4.636  0.189  0.118  0.092  5.707  5.064  4.899  5.025  4.661  4.58  0.488  0.573  0.085  0.079  0.102  0.027  0.643  0.808  0.165  0.359  0.44  0.081  25.0
0.65  0.65  0.64  7.63  6.227  5.345  4.741  4.607  5.202  0.604  0.738  0.134  4.886  4.525  4.452  0.293  0.155  0.123  5.599  4.917  4.756  4.751  4.418  4.352  0.371  0.443  0.073  0.142  0.173  0.032  0.682  0.843  0.16  0.333  0.399  0.066  155.0
0.7  0.7  0.679  6.948  5.775  5.003  4.478  4.369  4.88  0.525  0.634  0.109  4.532  4.209  4.155  0.302  0.17  0.146  5.256  4.597  4.475  4.331  4.029  3.985  0.325  0.38  0.056  0.134  0.159  0.025  0.659  0.781  0.122  0.302  0.346  0.044  163.0
0.713  0.713  0.69  6.789  5.664  4.919  4.419  4.313  4.802  0.5  0.606  0.106  4.498  4.159  4.105  0.186  0.118  0.105  4.92  4.389  4.304  4.218  3.924  3.884  0.347  0.406  0.059  0.073  0.087  0.014  0.531  0.616  0.085  0.294  0.334  0.04  37.0
0.729  0.729  0.705  6.593  5.523  4.81  4.336  4.235  4.7  0.474  0.575  0.101  4.406  4.081  4.026  0.246  0.165  0.15  4.902  4.35  4.261  4.082  3.799  3.763  0.326  0.378  0.052  0.085  0.101  0.016  0.552  0.641  0.09  0.283  0.319  0.036  16.0
0.745  0.745  0.72  6.411  5.391  4.708  4.26  4.163  4.604  0.448  0.545  0.097  4.276  3.968  3.918  0.245  0.169  0.154  4.802  4.28  4.194  3.961  3.686  3.653  0.318  0.368  0.05  0.08  0.095  0.016  0.523  0.608  0.085  0.275  0.308  0.033  19.0
0.75  0.75  0.725  6.354  5.349  4.676  4.235  4.14  4.574  0.441  0.536  0.095  4.16  3.872  3.834  0.339  0.234  0.213  4.924  4.354  4.258  3.841  3.574  3.544  0.291  0.332  0.041  0.108  0.13  0.022  0.57  0.666  0.096  0.267  0.297  0.03  165.0
0.756  0.755  0.731  6.296  5.305  4.64  4.207  4.112  4.54  0.433  0.528  0.095  4.097  3.811  3.778  0.303  0.213  0.195  4.768  4.254  4.17  3.872  3.597  3.563  0.283  0.32  0.037  0.093  0.113  0.02  0.514  0.598  0.084  0.273  0.306  0.033  20.0
0.776  0.775  0.756  6.085  5.142  4.51  4.103  4.012  4.416  0.407  0.498  0.091  4.005  3.718  3.679  0.283  0.222  0.207  4.554  4.091  4.016  3.675  3.425  3.399  0.296  0.338  0.042  0.066  0.081  0.015  0.463  0.538  0.074  0.25  0.276  0.026  25.0
0.795  0.794  0.78  5.893  4.993  4.388  4.004  3.917  4.3  0.384  0.471  0.087  3.846  3.578  3.546  0.298  0.246  0.234  4.307  3.92  3.859  3.275  3.049  3.026  0.275  0.31  0.035  0.058  0.072  0.014  0.391  0.455  0.063  0.226  0.249  0.023  27.0
0.799  0.798  0.785  5.854  4.962  4.363  3.983  3.897  4.276  0.38  0.466  0.086  3.878  3.597  3.561  0.41  0.332  0.314  4.52  4.064  3.99  3.191  2.963  2.939  0.281  0.318  0.038  0.083  0.103  0.02  0.456  0.531  0.075  0.228  0.252  0.023  22.0
0.811  0.811  0.803  5.733  4.863  4.281  3.915  3.83  4.197  0.366  0.451  0.085  3.815  3.545  3.511  0.423  0.362  0.348  4.284  3.902  3.84  2.983  2.772  2.75  0.27  0.304  0.034  0.067  0.083  0.016  0.383  0.444  0.062  0.211  0.233  0.022  31.0
0.827  0.826  0.827  5.583  4.742  4.179  3.83  3.747  4.099  0.349  0.432  0.083  3.347  3.107  3.084  0.505  0.453  0.442  4.171  3.79  3.729  2.449  2.227  2.203  0.234  0.257  0.025  0.062  0.077  0.014  0.38  0.442  0.061  0.2  0.222  0.021  33.0
0.841  0.84  0.851  5.444  4.629  4.085  3.749  3.669  4.008  0.336  0.416  0.08  2.507  2.282  2.258  1.315  1.372  1.387  3.971  3.633  3.581  -0.675  -1.106  -1.182  0.273  0.307  0.034  0.077  0.097  0.02  0.42  0.495  0.075  0.191  0.212  0.021  57.0
0.847  0.846  0.862  5.386  4.581  4.044  3.714  3.635  3.969  0.33  0.409  0.079  1.428  1.06  0.996  2.209  2.275  2.289  3.775  3.494  3.455  -5.032  -5.695  -5.801  0.28  0.319  0.039  0.098  0.119  0.021  0.484  0.57  0.086  0.186  0.206  0.02  141.0
0.856  0.855  0.878  5.307  4.516  3.988  3.664  3.587  3.914  0.324  0.401  0.077  -1.868  -2.323  -2.398  2.484  2.61  2.633  3.088  2.879  2.858  -5.298  -5.968  -6.076  0.479  0.562  0.082  0.14  0.165  0.025  0.66  0.764  0.105  0.179  0.2  0.02  259.0
0.871  0.87  0.909  5.166  4.398  3.885  3.572  3.498  3.814  0.313  0.387  0.074  -0.835  -1.217  -1.276  2.28  2.391  2.411  3.194  2.959  2.933  -5.087  -5.797  -5.915  0.387  0.45  0.065  0.133  0.157  0.025  0.622  0.718  0.096  0.167  0.187  0.02  220.0
0.885  0.883  0.939  5.037  4.287  3.787  3.484  3.412  3.718  0.303  0.375  0.072  -0.931  -1.324  -1.384  2.146  2.251  2.27  2.83  2.628  2.608  -5.208  -5.868  -5.973  0.412  0.48  0.07  0.117  0.138  0.021  0.633  0.732  0.1  0.157  0.177  0.02  330.0
0.896  0.895  0.967  4.93  4.195  3.705  3.41  3.34  3.638  0.295  0.365  0.07  -0.877  -1.24  -1.296  1.794  1.872  1.887  3.156  2.878  2.842  -3.84  -4.427  -4.536  0.398  0.463  0.063  0.103  0.122  0.019  0.561  0.647  0.089  0.147  0.167  0.02  288.0
0.903  0.902  0.986  4.865  4.139  3.653  3.363  3.294  3.587  0.29  0.359  0.069  -1.469  -1.918  -2.003  2.069  2.2  2.228  2.381  2.151  2.127  -5.319  -6.215  -6.44  0.451  0.527  0.074  0.152  0.185  0.035  0.763  0.912  0.149  0.161  0.182  0.021  385.0
0.92  0.919  1.038  4.695  3.988  3.516  3.236  3.169  3.453  0.28  0.347  0.067  -2.001  -2.473  -2.556  2.189  2.319  2.348  2.161  1.882  1.826  -5.399  -6.321  -6.582  0.494  0.576  0.083  0.145  0.183  0.039  0.78  0.943  0.17  0.178  0.2  0.022  421.0
0.937  0.936  1.097  4.533  3.842  3.38  3.108  3.042  3.319  0.272  0.338  0.066  -0.963  -1.378  -1.444  1.957  2.085  2.116  2.456  2.167  2.127  -5.31  -6.2  -6.421  0.425  0.495  0.069  0.151  0.188  0.038  0.807  0.977  0.169  0.243  0.273  0.03  290.0
0.944  0.943  1.121  4.466  3.781  3.322  3.053  2.988  3.261  0.269  0.334  0.065  -0.98  -1.394  -1.459  2.248  2.4  2.443  2.512  2.261  2.229  -5.309  -6.198  -6.418  0.447  0.515  0.069  0.174  0.224  0.052  0.857  1.079  0.222  0.241  0.27  0.029  276.0
0.956  0.955  1.171  4.355  3.677  3.222  2.957  2.893  3.162  0.265  0.329  0.064  -1.596  -2.141  -2.232  2.227  2.387  2.444  2.888  2.609  2.569  -5.371  -6.28  -6.577  0.58  0.668  0.088  0.169  0.233  0.067  0.895  1.166  0.27  0.235  0.263  0.028  228.0
0.967  0.966  1.223  4.245  3.573  3.122  2.86  2.797  3.063  0.262  0.325  0.063  -2.107  -2.706  -2.799  2.126  2.295  2.358  1.927  1.492  1.425  -5.405  -6.326  -6.633  0.59  0.682  0.093  0.179  0.249  0.072  0.902  1.171  0.271  0.256  0.291  0.035  247.0
0.97  0.969  1.24  4.209  3.539  3.089  2.828  2.765  3.03  0.261  0.324  0.063  -2.287  -2.871  -2.954  2.322  2.484  2.536  2.502  2.248  2.214  -5.493  -6.423  -6.722  0.59  0.682  0.092  0.17  0.229  0.062  0.882  1.126  0.242  0.249  0.281  0.032  237.0
0.976  0.975  1.271  4.15  3.481  3.033  2.772  2.709  2.974  0.261  0.324  0.063  -1.08  -1.532  -1.608  2.24  2.405  2.46  2.466  2.19  2.157  -5.492  -6.421  -6.719  0.516  0.593  0.077  0.176  0.237  0.064  0.868  1.106  0.24  0.246  0.277  0.031  190.0
0.985  0.984  1.33  4.049  3.382  2.933  2.673  2.61  2.874  0.26  0.323  0.063  -1.5  -2.078  -2.166  2.361  2.531  2.6  2.786  2.511  2.472  -5.466  -6.409  -6.73  0.586  0.674  0.089  0.175  0.251  0.079  0.925  1.219  0.295  0.263  0.299  0.036  146.0
0.993  0.992  1.393  3.958  3.289  2.838  2.576  2.513  2.779  0.262  0.325  0.063  -2.173  -2.815  -2.926  2.294  2.462  2.548  2.588  2.322  2.284  -5.713  -6.648  -7.043  0.638  0.753  0.113  0.172  0.264  0.097  0.926  1.287  0.361  0.26  0.297  0.037  216.0
0.995  0.994  1.41  3.934  3.264  2.812  2.55  2.487  2.753  0.262  0.325  0.063  -1.019  -1.505  -1.584  2.264  2.432  2.499  2.187  1.785  1.723  -5.609  -6.53  -6.878  0.534  0.618  0.084  0.178  0.25  0.075  0.898  1.166  0.28  0.252  0.286  0.034  174.0
1.002  1.001  1.473  3.855  3.179  2.724  2.459  2.395  2.664  0.265  0.329  0.064  -0.976  -1.501  -1.576  2.416  2.592  2.66  2.676  2.372  2.327  -5.607  -6.527  -6.875  0.534  0.621  0.086  0.181  0.254  0.077  0.898  1.166  0.282  0.253  0.288  0.035  151.0
1.004  1.003  1.495  3.832  3.154  2.697  2.43  2.366  2.637  0.267  0.331  0.064  -1.014  -1.522  -1.597  2.097  2.25  2.313  2.48  2.214  2.176  -5.505  -6.45  -6.773  0.547  0.633  0.086  0.162  0.23  0.071  0.919  1.205  0.286  0.263  0.3  0.037  179.0
1.012  1.01  1.595  3.745  3.051  2.581  2.305  2.238  2.519  0.276  0.343  0.067  -2.275  -2.921  -3.045  2.195  2.365  2.459  1.718  1.245  1.173  -5.797  -6.737  -7.141  0.641  0.767  0.122  0.176  0.276  0.103  0.936  1.291  0.363  0.276  0.315  0.039  207.0
1.019  1.018  1.73  3.68  2.95  2.454  2.156  2.086  2.386  0.298  0.368  0.07  -1.016  -1.522  -1.61  2.239  2.399  2.47  2.607  2.328  2.287  -5.601  -6.52  -6.864  0.576  0.663  0.088  0.169  0.245  0.08  0.897  1.196  0.3  0.27  0.309  0.039  102.0
1.024  1.022  1.833  3.684  2.913  2.386  2.065  1.99  2.313  0.321  0.396  0.075  -1.456  -2.04  -2.136  2.603  2.789  2.892  2.47  2.11  2.058  -5.851  -6.794  -7.202  0.603  0.702  0.1  0.192  0.302  0.113  0.935  1.323  0.388  0.263  0.3  0.037  150.0
1.026  1.024  1.916  3.719  2.907  2.348  2.002  1.923  2.269  0.346  0.425  0.079  -2.967  -3.641  -3.785  2.5  2.678  2.761  2.529  2.188  2.135  -5.668  -6.619  -6.963  0.703  0.866  0.159  0.182  0.27  0.09  0.944  1.267  0.325  0.268  0.306  0.038  163.0
1.028  1.027  2.016  3.762  2.903  2.308  1.933  1.85  2.222  0.375  0.458  0.083  -0.942  -1.474  -1.559  2.341  2.495  2.552  2.86  2.532  2.478  -5.475  -6.399  -6.69  0.541  0.628  0.087  0.16  0.22  0.063  0.889  1.147  0.258  0.274  0.314  0.04  106.0
1.03  1.029  2.15  3.771  2.866  2.234  1.829  1.742  2.141  0.405  0.492  0.087  -1.88  -2.501  -2.612  2.575  2.76  2.867  2.412  2.051  2.003  -5.873  -6.816  -7.225  0.627  0.738  0.113  0.19  0.302  0.116  0.937  1.329  0.392  0.286  0.328  0.042  164.0
1.032  1.03  2.31  3.721  2.784  2.126  1.699  1.609  2.027  0.427  0.517  0.09  -1.979  -2.631  -2.743  2.183  2.335  2.417  2.27  1.879  1.818  -5.714  -6.625  -7.024  0.654  0.775  0.122  0.158  0.245  0.091  0.9  1.237  0.334  0.288  0.331  0.043  158.0
1.033  1.031  2.385  3.688  2.74  2.074  1.64  1.549  1.974  0.434  0.525  0.091  -2.978  -3.715  -3.896  2.19  2.35  2.435  1.765  1.265  1.187  -5.714  -6.647  -7.024  0.724  0.904  0.176  0.164  0.253  0.092  0.931  1.269  0.337  0.271  0.31  0.039  210.0
1.034  1.032  2.49  3.624  2.666  1.993  1.553  1.462  1.891  0.44  0.531  0.091  -2.29  -2.914  -3.024  2.469  2.649  2.741  2.346  1.995  1.941  -5.714  -6.647  -7.024  0.624  0.734  0.11  0.184  0.28  0.1  0.934  1.272  0.339  0.265  0.303  0.038  194.0
1.035  1.033  2.657  3.519  2.551  1.868  1.422  1.329  1.765  0.446  0.539  0.093  -0.89  -1.452  -1.543  1.285  1.352  1.365  2.643  2.37  2.33  -2.069  -2.724  -2.835  0.553  0.65  0.088  0.077  0.091  0.014  0.62  0.715  0.103  0.265  0.303  0.038  99.0
1.036  1.034  2.815  3.421  2.444  1.755  1.303  1.209  1.65  0.452  0.546  0.094  -3.944  -4.747  -4.943  2.278  2.441  2.559  1.363  0.851  0.768  -6.044  -6.989  -7.45  0.805  1.03  0.222  0.166  0.288  0.127  0.939  1.377  0.441  0.273  0.312  0.039  305.0
1.037  1.035  3.024  3.293  2.309  1.614  1.156  1.061  1.508  0.458  0.553  0.095  -4.174  -5.0  -5.226  2.513  2.69  2.808  2.307  1.902  1.84  -6.044  -6.989  -7.45  0.83  1.075  0.242  0.18  0.303  0.129  0.939  1.379  0.442  0.283  0.325  0.042  290.0
1.038  1.036  3.182  3.196  2.208  1.508  1.047  0.952  1.401  0.461  0.556  0.095  -1.027  -1.652  -1.753  2.222  2.375  2.456  2.723  2.427  2.38  -5.712  -6.623  -7.02  0.621  0.725  0.104  0.159  0.245  0.091  0.889  1.233  0.344  0.283  0.325  0.042  117.0
1.039  1.037  3.362  3.096  2.102  1.398  0.933  0.838  1.29  0.465  0.56  0.095  -1.816  -2.494  -2.622  2.218  2.376  2.462  2.242  1.852  1.791  -5.712  -6.623  -7.02  0.677  0.806  0.129  0.163  0.254  0.094  0.901  1.243  0.342  0.285  0.328  0.043  142.0
1.04  1.038  3.549  2.995  1.996  1.287  0.82  0.724  1.179  0.467  0.563  0.096  -0.995  -1.534  -1.625  2.253  2.411  2.5  2.199  1.772  1.696  -5.712  -6.623  -7.02  0.56  0.657  0.098  0.165  0.259  0.097  0.901  1.244  0.342  0.285  0.328  0.043  141.0
1.04  1.038  3.741  2.899  1.895  1.181  0.71  0.614  1.072  0.471  0.567  0.096  -1.752  -2.336  -2.426  2.356  2.531  2.614  2.26  1.878  1.822  -5.722  -6.675  -7.024  0.587  0.682  0.1  0.18  0.268  0.09  0.941  1.261  0.323  0.28  0.321  0.041  190.0
1.041  1.039  3.943  2.801  1.792  1.074  0.6  0.504  0.964  0.474  0.57  0.096  -1.022  -1.551  -1.645  2.301  2.47  2.548  2.236  1.87  1.814  -5.722  -6.675  -7.024  0.563  0.657  0.098  0.174  0.257  0.085  0.944  1.263  0.319  0.268  0.307  0.039  171.0
1.042  1.039  4.163  2.702  1.687  0.964  0.486  0.39  0.853  0.478  0.574  0.096  -3.442  -4.179  -4.37  2.379  2.553  2.672  1.436  0.939  0.86  -6.056  -7.001  -7.462  0.748  0.942  0.193  0.178  0.302  0.129  0.941  1.376  0.44  0.268  0.307  0.039  274.0
1.042  1.04  4.229  2.674  1.657  0.933  0.454  0.357  0.822  0.479  0.576  0.097  -3.483  -4.263  -4.494  2.374  2.548  2.667  1.442  0.941  0.861  -6.056  -7.001  -7.462  0.761  0.956  0.199  0.177  0.301  0.129  0.941  1.377  0.44  0.268  0.307  0.039  271.0
1.042  1.04  4.291  2.647  1.629  0.903  0.423  0.326  0.791  0.48  0.577  0.097  -3.482  -4.242  -4.444  2.382  2.556  2.675  1.44  0.94  0.861  -6.056  -7.001  -7.462  0.757  0.951  0.196  0.177  0.301  0.129  0.941  1.376  0.44  0.268  0.307  0.039  272.0
1.042  1.04  4.52  2.555  1.529  0.799  0.315  0.217  0.686  0.484  0.582  0.098  -4.039  -4.84  -5.045  2.354  2.525  2.646  1.3  0.818  0.744  -6.056  -7.001  -7.462  0.809  1.028  0.22  0.174  0.299  0.13  0.943  1.378  0.441  0.268  0.307  0.039  249.0
1.043  1.041  4.777  2.457  1.425  0.689  0.201  0.103  0.575  0.488  0.586  0.098  -3.892  -4.699  -4.938  2.405  2.576  2.7  2.016  1.544  1.466  -6.056  -7.001  -7.462  0.81  1.051  0.24  0.174  0.302  0.132  0.939  1.376  0.44  0.269  0.308  0.039  276.0
1.043  1.041  5.116  2.337  1.295  0.552  0.058  -0.041  0.437  0.494  0.593  0.099  -4.094  -4.923  -5.178  2.476  2.653  2.777  2.293  1.886  1.825  -6.056  -7.001  -7.462  0.83  1.078  0.249  0.179  0.307  0.133  0.939  1.377  0.44  0.269  0.308  0.039  268.0
1.044  1.041  5.478  2.219  1.168  0.416  -0.083  -0.183  0.3  0.499  0.599  0.1  -2.73  -3.403  -3.568  2.371  2.54  2.635  2.441  2.145  2.1  -5.903  -6.846  -7.257  0.701  0.862  0.159  0.172  0.271  0.104  0.935  1.322  0.386  0.269  0.308  0.039  195.0
1.044  1.042  5.859  2.105  1.044  0.285  -0.221  -0.322  0.167  0.506  0.607  0.101  -3.244  -3.99  -4.18  2.377  2.545  2.641  2.334  2.027  1.98  -5.903  -6.846  -7.257  0.742  0.929  0.185  0.17  0.27  0.105  0.934  1.316  0.389  0.269  0.308  0.039  220.0
1.045  1.042  6.287  1.99  0.918  0.15  -0.363  -0.466  0.03  0.513  0.616  0.103  -3.597  -4.364  -4.576  2.413  2.583  2.681  2.241  1.885  1.816  -5.903  -6.846  -7.257  0.776  0.982  0.206  0.172  0.274  0.107  0.935  1.32  0.391  0.28  0.322  0.041  200.0
1.045  1.042  6.72  1.879  0.797  0.02  -0.5  -0.604  -0.102  0.52  0.624  0.104  -2.194  -2.854  -2.97  2.292  2.449  2.528  2.406  2.043  1.993  -5.71  -6.621  -7.017  0.68  0.816  0.136  0.161  0.244  0.088  0.9  1.218  0.334  0.28  0.322  0.041  137.0
1.045  1.043  7.189  1.77  0.676  -0.111  -0.637  -0.742  -0.234  0.526  0.631  0.105  -2.38  -3.064  -3.211  2.227  2.376  2.454  2.215  1.762  1.688  -5.71  -6.621  -7.017  0.684  0.824  0.14  0.153  0.236  0.086  0.899  1.216  0.333  0.293  0.338  0.045  140.0
1.046  1.043  7.678  1.662  0.556  -0.239  -0.773  -0.879  -0.364  0.534  0.64  0.106  -2.618  -3.319  -3.478  2.255  2.411  2.491  2.225  1.826  1.765  -5.71  -6.621  -7.017  0.695  0.847  0.151  0.16  0.244  0.088  0.899  1.215  0.331  0.283  0.325  0.042  144.0
1.046  1.043  8.208  1.557  0.439  -0.366  -0.907  -1.015  -0.493  0.541  0.649  0.108  -1.298  -1.929  -2.035  2.452  2.624  2.713  2.322  1.987  1.934  -5.71  -6.621  -7.017  0.631  0.737  0.106  0.177  0.269  0.096  0.907  1.24  0.338  0.273  0.313  0.04  153.0
1.046  1.043  8.775  1.454  0.323  -0.491  -1.04  -1.149  -0.62  0.549  0.658  0.109  -0.99  -1.513  -1.601  2.31  2.47  2.544  2.438  2.112  2.056  -5.592  -6.51  -6.85  0.557  0.654  0.097  0.167  0.244  0.079  0.905  1.196  0.289  0.273  0.313  0.04  131.0
1.046  1.043  9.344  1.356  0.213  -0.612  -1.168  -1.279  -0.743  0.556  0.667  0.111  -0.978  -1.494  -1.574  2.175  2.324  2.39  2.499  2.172  2.132  -5.592  -6.51  -6.85  0.554  0.65  0.097  0.155  0.226  0.074  0.887  1.174  0.287  0.273  0.313  0.04  126.0
1.047  1.043  9.962  1.257  0.101  -0.733  -1.296  -1.408  -0.865  0.563  0.675  0.112  -0.984  -1.495  -1.575  2.149  2.297  2.363  2.497  2.167  2.127  -5.592  -6.51  -6.85  0.554  0.65  0.096  0.155  0.226  0.074  0.886  1.174  0.287  0.273  0.313  0.04  127.0
1.047  1.043  10.073  1.238  0.079  -0.756  -1.32  -1.433  -0.889  0.564  0.677  0.113  -0.972  -1.494  -1.572  2.147  2.293  2.359  2.494  2.157  2.116  -5.592  -6.51  -6.85  0.553  0.65  0.096  0.153  0.224  0.073  0.886  1.173  0.287  0.273  0.313  0.04  129.0
1.047  1.043  9.695  1.291  0.142  -0.687  -1.245  -1.357  -0.818  0.558  0.67  0.112  -0.974  -1.494  -1.572  2.15  2.298  2.364  2.55  2.194  2.148  -5.592  -6.51  -6.85  0.553  0.65  0.095  0.154  0.226  0.074  0.887  1.174  0.287  0.273  0.313  0.04  126.0
1.047  1.043  9.144  1.376  0.242  -0.575  -1.126  -1.236  -0.704  0.551  0.661  0.11  -0.972  -1.494  -1.571  2.128  2.274  2.341  2.553  2.195  2.15  -5.592  -6.51  -6.85  0.553  0.65  0.094  0.154  0.225  0.074  0.887  1.174  0.287  0.273  0.313  0.04  125.0
1.047  1.043  9.069  1.387  0.255  -0.561  -1.111  -1.221  -0.69  0.55  0.66  0.11  -0.972  -1.494  -1.571  2.128  2.274  2.341  2.553  2.195  2.15  -5.592  -6.51  -6.85  0.553  0.65  0.094  0.154  0.225  0.074  0.887  1.174  0.287  0.273  0.313  0.04  125.0
1.047  1.043  9.17  1.371  0.237  -0.581  -1.132  -1.243  -0.71  0.551  0.662  0.111  -0.98  -1.494  -1.572  2.119  2.265  2.331  2.55  2.194  2.148  -5.592  -6.51  -6.85  0.549  0.642  0.091  0.153  0.225  0.074  0.887  1.174  0.287  0.273  0.313  0.04  126.0
1.047  1.043  9.774  1.274  0.126  -0.703  -1.261  -1.373  -0.834  0.558  0.67  0.112  -0.988  -1.497  -1.576  2.037  2.176  2.239  2.514  2.182  2.12  -5.592  -6.51  -6.85  0.553  0.65  0.096  0.147  0.215  0.071  0.884  1.169  0.285  0.273  0.313  0.04  139.0
1.047  1.043  10.429  1.176  0.013  -0.826  -1.391  -1.505  -0.959  0.565  0.679  0.114  -0.988  -1.497  -1.576  2.047  2.186  2.248  2.506  2.176  2.113  -5.592  -6.51  -6.85  0.549  0.642  0.092  0.146  0.214  0.07  0.883  1.168  0.285  0.273  0.313  0.04  142.0
1.048  1.043  11.134  1.08  -0.101  -0.95  -1.524  -1.639  -1.085  0.574  0.689  0.115  -2.143  -2.802  -2.948  2.585  2.773  2.906  2.199  1.807  1.745  -6.068  -7.013  -7.475  0.659  0.804  0.146  0.192  0.33  0.141  0.937  1.379  0.442  0.273  0.313  0.04  224.0
1.048  1.043  11.9  0.983  -0.214  -1.074  -1.656  -1.773  -1.211  0.582  0.699  0.117  -2.067  -2.721  -2.862  2.51  2.693  2.829  2.125  1.645  1.567  -6.068  -7.013  -7.475  0.654  0.795  0.141  0.187  0.328  0.144  0.938  1.381  0.443  0.296  0.34  0.044  205.0
1.048  1.043  12.696  0.89  -0.324  -1.195  -1.785  -1.903  -1.334  0.59  0.708  0.118  -2.101  -2.758  -2.901  2.497  2.678  2.814  2.036  1.547  1.468  -6.068  -7.013  -7.475  0.657  0.8  0.143  0.186  0.327  0.144  0.938  1.381  0.443  0.296  0.34  0.044  198.0
1.048  1.043  13.566  0.797  -0.435  -1.318  -1.917  -2.037  -1.46  0.599  0.719  0.12  -2.067  -2.721  -2.837  2.412  2.588  2.723  1.528  1.036  0.959  -6.068  -7.013  -7.475  0.643  0.771  0.128  0.181  0.321  0.143  0.938  1.38  0.443  0.303  0.352  0.049  207.0
1.048  1.043  14.473  0.707  -0.544  -1.438  -2.046  -2.167  -1.582  0.608  0.729  0.121  -2.07  -2.724  -2.85  2.443  2.622  2.757  1.896  1.411  1.333  -6.068  -7.013  -7.475  0.64  0.765  0.125  0.183  0.323  0.143  0.938  1.38  0.443  0.303  0.352  0.049  208.0
1.048  1.043  15.423  0.618  -0.651  -1.558  -2.174  -2.297  -1.704  0.616  0.739  0.123  -2.13  -2.773  -2.877  2.422  2.599  2.733  1.879  1.394  1.317  -6.068  -7.013  -7.475  0.639  0.759  0.123  0.181  0.321  0.142  0.938  1.38  0.443  0.303  0.352  0.049  209.0
1.048  1.043  16.461  0.529  -0.759  -1.678  -2.302  -2.428  -1.826  0.624  0.75  0.126  -2.165  -2.816  -2.948  2.419  2.593  2.725  2.063  1.598  1.523  -6.068  -7.013  -7.475  0.646  0.776  0.131  0.18  0.318  0.141  0.937  1.38  0.442  0.307  0.355  0.048  214.0
1.048  1.043  17.549  0.443  -0.863  -1.794  -2.425  -2.554  -1.944  0.631  0.76  0.129  -2.234  -2.886  -3.014  2.392  2.565  2.695  2.022  1.535  1.456  -6.068  -7.013  -7.475  0.654  0.79  0.136  0.178  0.314  0.139  0.937  1.379  0.442  0.307  0.355  0.048  220.0
1.049  1.042  18.718  0.355  -0.967  -1.91  -2.546  -2.679  -2.061  0.636  0.769  0.133  -3.484  -4.244  -4.444  2.329  2.502  2.621  1.418  0.921  0.842  -6.068  -7.013  -7.475  0.755  0.95  0.196  0.177  0.302  0.129  0.941  1.374  0.438  0.307  0.355  0.048  268.0
1.049  1.042  19.932  0.269  -1.067  -2.025  -2.664  -2.802  -2.177  0.639  0.777  0.138  -3.536  -4.3  -4.502  2.341  2.515  2.633  1.43  0.936  0.858  -6.068  -7.013  -7.475  0.76  0.958  0.198  0.177  0.301  0.129  0.941  1.374  0.438  0.307  0.355  0.048  266.0
1.049  1.042  21.235  0.184  -1.168  -2.139  -2.782  -2.925  -2.292  0.643  0.786  0.143  -3.484  -4.244  -4.444  2.365  2.539  2.658  1.526  1.042  0.967  -6.068  -7.013  -7.475  0.755  0.95  0.196  0.179  0.303  0.13  0.941  1.374  0.438  0.305  0.354  0.048  268.0
1.049  1.041  22.623  0.101  -1.267  -2.251  -2.899  -3.048  -2.405  0.648  0.797  0.149  -3.486  -4.262  -4.491  2.375  2.549  2.668  1.785  1.291  1.213  -6.068  -7.013  -7.475  0.759  0.955  0.198  0.178  0.302  0.129  0.941  1.374  0.438  0.305  0.354  0.048  267.0
1.049  1.041  24.074  0.019  -1.365  -2.364  -3.016  -3.17  -2.519  0.652  0.806  0.154  -3.596  -4.386  -4.623  2.36  2.534  2.652  1.848  1.352  1.272  -6.068  -7.013  -7.475  0.774  0.978  0.201  0.178  0.302  0.129  0.941  1.374  0.438  0.305  0.354  0.048  263.0
1.049  1.041  25.648  -0.064  -1.462  -2.476  -3.133  -3.292  -2.633  0.657  0.816  0.159  -3.596  -4.386  -4.623  2.359  2.532  2.65  1.848  1.352  1.272  -6.068  -7.013  -7.475  0.774  0.978  0.201  0.177  0.301  0.129  0.941  1.374  0.438  0.305  0.354  0.048  263.0
1.049  1.04  27.274  -0.14  -1.556  -2.583  -3.246  -3.411  -2.741  0.663  0.828  0.165  -2.872  -3.533  -3.696  2.792  2.994  3.112  2.808  2.508  2.46  -6.068  -7.013  -7.475  0.684  0.846  0.16  0.205  0.33  0.132  0.94  1.372  0.437  0.278  0.319  0.041  291.0
1.049  1.04  29.024  -0.218  -1.65  -2.694  -3.36  -3.533  -2.853  0.666  0.839  0.173  -2.84  -3.521  -3.684  2.805  3.008  3.127  2.827  2.517  2.47  -6.068  -7.013  -7.475  0.684  0.845  0.16  0.206  0.331  0.132  0.94  1.372  0.437  0.278  0.319  0.041  292.0
1.049  1.039  30.9  -0.293  -1.746  -2.804  -3.478  -3.656  -2.965  0.674  0.852  0.178  -2.807  -3.509  -3.672  2.801  3.003  3.122  2.826  2.517  2.47  -6.068  -7.013  -7.475  0.683  0.845  0.159  0.206  0.331  0.132  0.94  1.372  0.437  0.278  0.319  0.041  293.0
1.049  1.039  32.859  -0.358  -1.839  -2.913  -3.595  -3.778  -3.076  0.682  0.865  0.183  -2.872  -3.533  -3.696  2.807  3.01  3.129  2.828  2.518  2.47  -6.068  -7.013  -7.475  0.684  0.846  0.16  0.206  0.331  0.132  0.94  1.372  0.437  0.278  0.319  0.041  291.0
1.049  1.038  34.959  -0.423  -1.933  -3.023  -3.714  -3.901  -3.188  0.691  0.878  0.187  -2.84  -3.521  -3.684  2.803  3.005  3.124  2.827  2.517  2.47  -6.068  -7.013  -7.475  0.685  0.845  0.16  0.206  0.331  0.132  0.94  1.372  0.437  0.278  0.319  0.041  292.0
1.049  1.037  37.133  -0.487  -2.026  -3.131  -3.831  -4.023  -3.299  0.7  0.892  0.192  -2.84  -3.521  -3.684  2.81  3.013  3.131  2.827  2.517  2.47  -6.068  -7.013  -7.475  0.685  0.845  0.16  0.206  0.331  0.132  0.94  1.372  0.437  0.278  0.319  0.041  292.0
1.049  1.036  39.46  -0.543  -2.116  -3.238  -3.947  -4.143  -3.408  0.709  0.905  0.196  -2.807  -3.509  -3.672  2.819  3.021  3.139  2.826  2.517  2.47  -6.068  -7.013  -7.475  0.686  0.845  0.159  0.206  0.331  0.132  0.94  1.372  0.437  0.278  0.319  0.041  293.0
1.049  1.036  41.933  -0.6  -2.207  -3.346  -4.062  -4.263  -3.518  0.716  0.917  0.201  -2.84  -3.521  -3.684  2.809  3.011  3.13  2.827  2.517  2.47  -6.068  -7.013  -7.475  0.688  0.845  0.16  0.205  0.33  0.132  0.94  1.372  0.437  0.278  0.319  0.041  292.0
1.049  1.035  44.51  -0.653  -2.294  -3.45  -4.175  -4.381  -3.624  0.725  0.931  0.206  -2.872  -3.533  -3.696  2.809  3.011  3.13  2.828  2.518  2.47  -6.068  -7.013  -7.475  0.69  0.846  0.16  0.206  0.331  0.132  0.94  1.372  0.437  0.278  0.319  0.041  291.0
1.049  1.034  47.267  -0.699  -2.38  -3.555  -4.288  -4.499  -3.731  0.733  0.944  0.211  -3.141  -3.874  -4.039  2.867  3.072  3.193  2.837  2.521  2.471  -6.068  -7.013  -7.475  0.712  0.899  0.176  0.209  0.335  0.133  0.94  1.373  0.438  0.278  0.319  0.041  281.0
1.049  1.033  50.114  -0.745  -2.466  -3.659  -4.401  -4.617  -3.838  0.742  0.958  0.216  -3.193  -3.887  -4.078  2.875  3.08  3.2  2.838  2.524  2.474  -6.068  -7.013  -7.475  0.722  0.905  0.182  0.209  0.335  0.133  0.94  1.373  0.438  0.278  0.319  0.041  279.0
1.049  1.031  53.156  -0.787  -2.55  -3.76  -4.512  -4.733  -3.942  0.752  0.973  0.221  -3.193  -3.887  -4.078  2.858  3.062  3.182  2.821  2.518  2.474  -6.068  -7.013  -7.475  0.722  0.905  0.182  0.208  0.334  0.133  0.94  1.373  0.438  0.278  0.319  0.041  279.0
1.049  1.03  57.142  -0.819  -2.649  -3.887  -4.647  -4.875  -4.071  0.76  0.988  0.228  -3.193  -3.887  -4.078  2.871  3.076  3.196  2.821  2.518  2.474  -6.068  -7.013  -7.475  0.722  0.905  0.182  0.209  0.335  0.133  0.94  1.373  0.438  0.278  0.319  0.041  279.0
1.049  1.028  61.356  -0.847  -2.746  -4.01  -4.781  -5.016  -4.197  0.771  1.006  0.235  -3.222  -3.942  -4.124  2.874  3.08  3.2  2.822  2.52  2.475  -6.068  -7.013  -7.475  0.727  0.908  0.182  0.209  0.335  0.134  0.94  1.373  0.438  0.278  0.319  0.041  278.0
1.049  1.026  65.88  -0.865  -2.841  -4.135  -4.914  -5.156  -4.324  0.779  1.021  0.242  -3.193  -3.887  -4.078  2.87  3.075  3.195  2.821  2.518  2.474  -6.068  -7.013  -7.475  0.722  0.905  0.182  0.209  0.335  0.133  0.94  1.373  0.438  0.278  0.319  0.041  279.0
1.049  1.024  70.657  -0.869  -2.932  -4.258  -5.046  -5.294  -4.449  0.788  1.036  0.248  -3.222  -3.942  -4.124  2.874  3.079  3.199  2.822  2.52  2.475  -6.068  -7.013  -7.475  0.727  0.908  0.182  0.209  0.335  0.133  0.94  1.373  0.438  0.278  0.319  0.041  278.0
1.049  1.022  75.78  -0.871  -3.021  -4.38  -5.176  -5.431  -4.573  0.796  1.051  0.255  -3.193  -3.887  -4.078  2.87  3.075  3.195  2.821  2.518  2.474  -6.068  -7.013  -7.475  0.722  0.905  0.182  0.209  0.335  0.133  0.94  1.373  0.438  0.278  0.319  0.041  279.0
1.049  1.02  81.256  -0.841  -3.1  -4.5  -5.305  -5.567  -4.696  0.805  1.067  0.262  -2.95  -3.642  -3.81  2.815  3.017  3.136  2.811  2.51  2.464  -6.068  -7.013  -7.475  0.702  0.872  0.168  0.205  0.33  0.132  0.94  1.372  0.437  0.278  0.319  0.041  288.0
1.049  1.017  86.927  -0.807  -3.175  -4.616  -5.43  -5.699  -4.814  0.814  1.083  0.269  -2.95  -3.642  -3.81  2.807  3.008  3.127  2.811  2.51  2.464  -6.068  -7.013  -7.475  0.702  0.872  0.168  0.205  0.33  0.132  0.94  1.372  0.437  0.278  0.319  0.041  288.0
1.049  1.014  92.951  -0.752  -3.241  -4.731  -5.552  -5.829  -4.931  0.821  1.098  0.277  -2.95  -3.642  -3.81  2.807  3.008  3.127  2.811  2.51  2.464  -6.068  -7.013  -7.475  0.702  0.872  0.168  0.205  0.33  0.132  0.94  1.372  0.437  0.278  0.319  0.041  288.0
1.049  1.011  99.324  -0.68  -3.303  -4.847  -5.675  -5.959  -5.049  0.828  1.112  0.284  -2.981  -3.653  -3.824  2.812  3.014  3.133  2.812  2.51  2.465  -6.068  -7.013  -7.475  0.702  0.873  0.168  0.205  0.331  0.132  0.94  1.372  0.437  0.278  0.319  0.041  287.0
1.049  1.007  106.012  -0.591  -3.356  -4.961  -5.795  -6.087  -5.165  0.834  1.126  0.292  -2.981  -3.653  -3.824  2.81  3.012  3.131  2.812  2.51  2.465  -6.068  -7.013  -7.475  0.706  0.874  0.171  0.205  0.33  0.132  0.94  1.372  0.437  0.278  0.319  0.041  287.0
1.049  1.003  113.385  -0.48  -3.397  -5.075  -5.915  -6.215  -5.28  0.84  1.14  0.3  -2.981  -3.653  -3.824  2.796  2.997  3.115  2.812  2.51  2.465  -6.068  -7.013  -7.475  0.706  0.874  0.171  0.204  0.329  0.132  0.94  1.372  0.437  0.278  0.319  0.041  287.0
1.05  0.999  120.936  -0.359  -3.43  -5.187  -6.031  -6.34  -5.393  0.844  1.153  0.309  -2.981  -3.653  -3.824  2.798  2.998  3.117  2.812  2.51  2.465  -6.068  -7.013  -7.475  0.706  0.874  0.168  0.204  0.329  0.132  0.94  1.372  0.437  0.278  0.319  0.041  287.0
1.05  0.994  128.841  -0.207  -3.44  -5.296  -6.144  -6.462  -5.503  0.848  1.166  0.318  -3.059  -3.762  -3.934  2.809  3.01  3.129  2.815  2.512  2.468  -6.068  -7.013  -7.475  0.711  0.888  0.169  0.205  0.33  0.133  0.94  1.373  0.438  0.278  0.319  0.041  284.0
1.05  0.989  137.327  -0.043  -3.446  -5.404  -6.257  -6.584  -5.613  0.853  1.18  0.327  -3.087  -3.77  -3.951  2.79  2.99  3.109  2.816  2.513  2.469  -6.068  -7.013  -7.475  0.712  0.898  0.176  0.204  0.329  0.132  0.94  1.373  0.438  0.278  0.319  0.041  283.0
1.05  0.983  146.068  0.163  -3.416  -5.508  -6.364  -6.701  -5.718  0.856  1.193  0.337  -3.087  -3.77  -3.951  2.79  2.99  3.109  2.816  2.513  2.469  -6.068  -7.013  -7.475  0.712  0.898  0.176  0.204  0.329  0.132  0.94  1.373  0.438  0.278  0.319  0.041  283.0
1.05  0.976  155.008  0.368  -3.385  -5.609  -6.47  -6.815  -5.82  0.861  1.206  0.345  -3.114  -3.822  -3.995  2.795  2.996  3.115  2.817  2.513  2.47  -6.068  -7.013  -7.475  0.714  0.899  0.173  0.205  0.33  0.133  0.94  1.373  0.438  0.278  0.319  0.041  282.0
1.05  0.972  160.124  0.467  -3.369  -5.663  -6.525  -6.875  -5.874  0.862  1.212  0.35  -3.114  -3.822  -3.995  2.795  2.996  3.115  2.817  2.513  2.47  -6.068  -7.013  -7.475  0.714  0.899  0.173  0.205  0.33  0.133  0.94  1.373  0.438  0.278  0.319  0.041  282.0
1.05  0.973  10.712  0.866  -0.211  -0.991  -1.508  -1.611  -1.112  0.517  0.62  0.103  -2.83  -3.525  -3.692  2.807  3.009  3.128  2.819  2.516  2.472  -6.068  -7.013  -7.475  0.708  0.872  0.165  0.205  0.331  0.133  0.94  1.373  0.438  0.278  0.319  0.041  280.0
1.05  0.973  10.771  0.857  -0.22  -1.001  -1.518  -1.622  -1.122  0.517  0.621  0.104  -1.755  -2.367  -2.471  2.6  2.784  2.856  2.908  2.613  2.572  -5.749  -6.703  -7.055  0.621  0.731  0.109  0.188  0.265  0.081  0.935  1.243  0.306  0.278  0.319  0.041  201.0
1.05  0.973  10.761  0.856  -0.221  -1.001  -1.518  -1.622  -1.122  0.517  0.621  0.104  -1.943  -2.574  -2.7  2.591  2.774  2.846  2.895  2.602  2.553  -5.749  -6.703  -7.055  0.632  0.749  0.115  0.187  0.264  0.081  0.931  1.23  0.299  0.278  0.319  0.041  216.0
1.05  0.973  10.717  0.857  -0.217  -0.996  -1.512  -1.615  -1.117  0.516  0.619  0.103  -2.821  -3.525  -3.686  2.688  2.882  2.977  2.819  2.516  2.472  -5.918  -6.862  -7.273  0.7  0.863  0.163  0.198  0.298  0.105  0.939  1.306  0.372  0.278  0.319  0.041  280.0
1.05  0.973  10.672  0.86  -0.212  -0.989  -1.503  -1.606  -1.109  0.514  0.617  0.103  -2.973  -3.657  -3.832  2.714  2.909  3.006  2.814  2.507  2.459  -5.918  -6.862  -7.273  0.711  0.882  0.169  0.198  0.3  0.107  0.938  1.304  0.374  0.278  0.319  0.041  292.0
1.05  0.974  10.611  0.863  -0.206  -0.981  -1.493  -1.597  -1.101  0.512  0.616  0.104  -3.208  -3.943  -4.126  2.761  2.959  3.058  2.818  2.513  2.47  -5.918  -6.862  -7.273  0.734  0.92  0.184  0.2  0.304  0.108  0.939  1.306  0.379  0.278  0.319  0.041  282.0
1.05  0.974  10.557  0.867  -0.2  -0.973  -1.484  -1.586  -1.092  0.511  0.613  0.102  -3.208  -3.943  -4.126  2.744  2.94  3.038  2.809  2.502  2.45  -5.918  -6.862  -7.273  0.734  0.92  0.184  0.199  0.302  0.108  0.939  1.306  0.379  0.278  0.319  0.041  282.0
1.05  0.974  10.497  0.87  -0.193  -0.965  -1.474  -1.576  -1.084  0.509  0.611  0.102  -3.298  -4.018  -4.206  2.762  2.959  3.058  2.811  2.504  2.453  -5.918  -6.862  -7.273  0.744  0.932  0.189  0.2  0.303  0.108  0.939  1.306  0.379  0.278  0.319  0.041  278.0
1.05  0.974  10.453  0.873  -0.188  -0.958  -1.466  -1.568  -1.077  0.508  0.61  0.102  -3.368  -4.12  -4.314  2.765  2.963  3.063  2.828  2.527  2.481  -5.918  -6.862  -7.273  0.751  0.946  0.194  0.201  0.305  0.109  0.939  1.307  0.379  0.278  0.319  0.041  274.0
1.051  0.974  10.405  0.875  -0.184  -0.952  -1.459  -1.561  -1.07  0.507  0.609  0.102  -3.259  -4.006  -4.206  2.801  3.003  3.105  2.859  2.562  2.517  -5.918  -6.862  -7.273  0.753  0.958  0.201  0.204  0.309  0.11  0.94  1.308  0.38  0.278  0.319  0.041  266.0
1.051  0.974  10.374  0.877  -0.18  -0.947  -1.452  -1.554  -1.065  0.505  0.607  0.102  -2.085  -2.719  -2.844  2.858  3.06  3.166  2.89  2.6  2.558  -5.918  -6.862  -7.273  0.66  0.788  0.129  0.205  0.315  0.114  0.933  1.311  0.386  0.278  0.319  0.041  223.0
1.051  0.974  10.336  0.878  -0.177  -0.942  -1.447  -1.548  -1.06  0.505  0.606  0.101  -2.09  -2.724  -2.849  2.856  3.058  3.164  2.878  2.598  2.547  -5.918  -6.862  -7.273  0.663  0.799  0.13  0.205  0.314  0.114  0.933  1.311  0.386  0.278  0.319  0.041  221.0
1.051  0.974  10.31  0.879  -0.174  -0.939  -1.442  -1.543  -1.056  0.503  0.604  0.101  -2.09  -2.724  -2.849  2.854  3.056  3.162  2.878  2.598  2.547  -5.918  -6.862  -7.273  0.66  0.799  0.13  0.205  0.314  0.114  0.933  1.311  0.386  0.278  0.319  0.041  221.0
1.051  0.975  10.3  0.879  -0.173  -0.937  -1.44  -1.541  -1.054  0.503  0.604  0.101  -2.081  -2.714  -2.838  2.865  3.069  3.174  2.886  2.594  2.543  -5.918  -6.862  -7.273  0.645  0.775  0.128  0.206  0.315  0.114  0.933  1.311  0.386  0.278  0.319  0.041  225.0
1.051  0.975  10.284  0.879  -0.172  -0.936  -1.438  -1.539  -1.053  0.502  0.603  0.101  -2.083  -2.716  -2.841  2.87  3.074  3.18  2.886  2.595  2.544  -5.918  -6.862  -7.273  0.642  0.769  0.126  0.206  0.316  0.114  0.933  1.311  0.386  0.278  0.319  0.041  224.0
1.051  0.975  10.274  0.88  -0.171  -0.933  -1.435  -1.536  -1.05  0.502  0.603  0.101  -2.765  -3.466  -3.644  2.433  2.605  2.708  2.342  1.953  1.888  -5.918  -6.862  -7.273  0.708  0.882  0.174  0.175  0.282  0.112  0.935  1.321  0.39  0.278  0.319  0.041  192.0
1.051  0.975  10.253  0.879  -0.17  -0.932  -1.433  -1.534  -1.049  0.501  0.602  0.101  -2.765  -3.466  -3.644  2.419  2.59  2.694  2.342  1.953  1.888  -5.918  -6.862  -7.273  0.708  0.882  0.174  0.174  0.282  0.112  0.935  1.321  0.39  0.278  0.319  0.041  192.0
1.051  0.975  10.244  0.879  -0.17  -0.931  -1.432  -1.533  -1.048  0.501  0.602  0.101  -2.742  -3.415  -3.587  2.415  2.586  2.69  2.3  1.923  1.873  -5.918  -6.862  -7.273  0.706  0.878  0.173  0.173  0.281  0.112  0.935  1.321  0.39  0.278  0.319  0.041  193.0
1.051  0.975  10.251  0.877  -0.171  -0.932  -1.432  -1.533  -1.049  0.5  0.601  0.101  -2.742  -3.415  -3.587  2.394  2.563  2.667  2.284  1.839  1.773  -5.918  -6.862  -7.273  0.706  0.878  0.173  0.172  0.28  0.111  0.935  1.321  0.39  0.278  0.319  0.041  193.0
1.052  0.975  10.251  0.875  -0.173  -0.933  -1.433  -1.534  -1.05  0.5  0.601  0.101  -3.096  -3.826  -4.018  2.483  2.657  2.763  2.3  1.878  1.825  -5.918  -6.862  -7.273  0.734  0.931  0.195  0.177  0.286  0.113  0.936  1.322  0.391  0.278  0.319  0.041  180.0
1.052  0.975  10.263  0.873  -0.175  -0.936  -1.436  -1.537  -1.053  0.5  0.601  0.101  -3.096  -3.826  -4.018  2.528  2.705  2.811  2.382  2.003  1.958  -5.918  -6.862  -7.273  0.734  0.931  0.195  0.179  0.29  0.114  0.936  1.322  0.391  0.278  0.319  0.041  180.0
1.052  0.975  10.274  0.871  -0.177  -0.937  -1.438  -1.539  -1.054  0.501  0.602  0.101  -3.096  -3.826  -4.018  2.539  2.717  2.823  2.382  2.003  1.958  -5.918  -6.862  -7.273  0.734  0.926  0.19  0.18  0.291  0.115  0.936  1.322  0.391  0.278  0.319  0.041  180.0
1.052  0.975  10.291  0.87  -0.179  -0.94  -1.44  -1.541  -1.057  0.5  0.601  0.101  -3.075  -3.78  -3.958  2.557  2.736  2.843  2.381  2.0  1.956  -5.918  -6.862  -7.273  0.73  0.915  0.185  0.181  0.292  0.115  0.936  1.322  0.391  0.278  0.319  0.041  181.0
1.052  0.976  10.319  0.865  -0.184  -0.945  -1.446  -1.547  -1.062  0.501  0.602  0.101  -2.708  -3.391  -3.53  2.643  2.827  2.937  2.386  2.024  1.97  -5.918  -6.862  -7.273  0.683  0.822  0.139  0.187  0.301  0.118  0.936  1.324  0.392  0.278  0.319  0.041  174.0
1.052  0.976  10.353  0.86  -0.19  -0.952  -1.454  -1.555  -1.069  0.502  0.603  0.101  -1.989  -2.639  -2.746  2.719  2.909  3.022  2.435  2.1  2.045  -5.918  -6.862  -7.273  0.66  0.776  0.116  0.193  0.31  0.122  0.937  1.328  0.393  0.278  0.319  0.041  163.0
1.052  0.976  10.415  0.853  -0.199  -0.962  -1.464  -1.565  -1.079  0.502  0.603  0.101  -0.937  -1.502  -1.6  2.181  2.321  2.389  2.652  2.328  2.275  -5.708  -6.618  -7.014  0.576  0.671  0.098  0.145  0.218  0.08  0.89  1.238  0.349  0.278  0.319  0.041  106.0
1.052  0.976  10.482  0.845  -0.209  -0.974  -1.477  -1.579  -1.091  0.503  0.605  0.102  -0.923  -1.483  -1.581  1.857  1.971  2.0  2.673  2.347  2.293  -3.914  -4.703  -4.896  0.57  0.67  0.098  0.119  0.15  0.032  0.741  0.91  0.169  0.278  0.319  0.041  98.0
1.052  0.976  10.567  0.835  -0.221  -0.988  -1.493  -1.595  -1.106  0.505  0.607  0.102  -0.937  -1.5  -1.6  1.968  2.092  2.127  2.661  2.334  2.279  -4.356  -5.186  -5.403  0.57  0.671  0.098  0.129  0.165  0.038  0.776  0.962  0.185  0.278  0.319  0.041  104.0
1.052  0.976  10.67  0.824  -0.236  -1.004  -1.511  -1.613  -1.122  0.507  0.609  0.102  -0.95  -1.526  -1.626  2.136  2.275  2.32  2.623  2.311  2.261  -5.099  -5.993  -6.256  0.588  0.684  0.098  0.143  0.191  0.05  0.845  1.071  0.226  0.278  0.319  0.041  113.0
1.053  0.976  10.773  0.811  -0.252  -1.023  -1.531  -1.634  -1.142  0.508  0.611  0.103  -1.03  -1.616  -1.716  2.253  2.401  2.454  2.603  2.298  2.251  -5.467  -6.389  -6.677  0.604  0.7  0.099  0.152  0.207  0.058  0.881  1.131  0.25  0.278  0.319  0.041  118.0
1.053  0.976  10.926  0.795  -0.273  -1.047  -1.558  -1.66  -1.166  0.511  0.613  0.102  -1.237  -1.85  -1.948  2.246  2.393  2.446  2.549  2.203  2.155  -5.467  -6.389  -6.677  0.611  0.709  0.1  0.151  0.207  0.058  0.88  1.13  0.249  0.279  0.32  0.041  120.0
1.053  0.977  11.027  0.782  -0.288  -1.064  -1.576  -1.679  -1.184  0.512  0.615  0.103  -1.247  -1.872  -1.978  2.244  2.386  2.44  2.509  2.148  2.092  -5.467  -6.389  -6.677  0.616  0.715  0.1  0.147  0.203  0.059  0.876  1.124  0.247  0.279  0.32  0.041  128.0
1.053  0.977  10.956  0.79  -0.278  -1.053  -1.564  -1.666  -1.172  0.511  0.613  0.102  -1.534  -2.168  -2.272  2.224  2.368  2.424  2.481  2.112  2.067  -5.467  -6.389  -6.677  0.634  0.737  0.103  0.148  0.207  0.061  0.876  1.124  0.254  0.279  0.32  0.041  128.0
1.053  0.977  11.26  0.757  -0.32  -1.101  -1.617  -1.72  -1.222  0.516  0.619  0.103  -1.708  -2.356  -2.462  2.321  2.473  2.538  2.505  2.124  2.08  -5.467  -6.389  -6.677  0.646  0.752  0.108  0.157  0.225  0.071  0.895  1.176  0.28  0.279  0.32  0.041  138.0
1.053  0.977  11.908  0.69  -0.405  -1.199  -1.724  -1.83  -1.322  0.525  0.631  0.106  -1.756  -2.395  -2.495  2.357  2.514  2.581  2.511  2.165  2.101  -5.59  -6.507  -6.846  0.648  0.757  0.109  0.161  0.232  0.074  0.902  1.191  0.288  0.279  0.32  0.041  141.0
1.053  0.977  12.655  0.617  -0.498  -1.307  -1.843  -1.95  -1.433  0.536  0.643  0.107  -1.774  -2.438  -2.554  2.339  2.495  2.562  2.515  2.168  2.106  -5.59  -6.507  -6.846  0.65  0.758  0.11  0.16  0.231  0.074  0.902  1.192  0.288  0.28  0.322  0.042  139.0
1.053  0.977  13.457  0.543  -0.593  -1.416  -1.963  -2.072  -1.544  0.547  0.656  0.109  -1.765  -2.416  -2.524  2.333  2.489  2.556  2.513  2.167  2.103  -5.59  -6.507  -6.846  0.649  0.758  0.11  0.16  0.231  0.074  0.902  1.191  0.288  0.28  0.322  0.042  140.0
1.053  0.977  14.317  0.469  -0.687  -1.525  -2.081  -2.193  -1.656  0.556  0.668  0.112  -1.765  -2.416  -2.524  2.333  2.489  2.556  2.513  2.167  2.103  -5.59  -6.507  -6.846  0.649  0.758  0.11  0.16  0.231  0.074  0.902  1.191  0.288  0.28  0.322  0.042  140.0
1.053  0.977  15.2  0.399  -0.778  -1.63  -2.198  -2.312  -1.764  0.568  0.682  0.114  -1.765  -2.416  -2.524  2.333  2.489  2.556  2.513  2.167  2.103  -5.59  -6.507  -6.846  0.649  0.758  0.11  0.16  0.231  0.074  0.902  1.191  0.288  0.28  0.322  0.042  140.0
1.053  0.977  16.157  0.328  -0.872  -1.737  -2.316  -2.432  -1.874  0.579  0.695  0.116  -1.765  -2.416  -2.524  2.333  2.489  2.556  2.513  2.167  2.103  -5.59  -6.507  -6.846  0.649  0.758  0.11  0.16  0.231  0.074  0.902  1.191  0.288  0.28  0.322  0.042  140.0
1.053  0.977  17.181  0.253  -0.965  -1.845  -2.431  -2.551  -1.983  0.586  0.706  0.12  -1.774  -2.438  -2.554  2.341  2.496  2.564  2.515  2.168  2.106  -5.59  -6.507  -6.846  0.65  0.758  0.11  0.16  0.231  0.074  0.902  1.192  0.288  0.28  0.322  0.042  139.0
1.053  0.977  18.233  0.183  -1.054  -1.948  -2.54  -2.665  -2.088  0.592  0.717  0.125  -1.774  -2.438  -2.554  2.341  2.496  2.564  2.515  2.168  2.106  -5.59  -6.507  -6.846  0.65  0.758  0.11  0.16  0.231  0.074  0.902  1.192  0.288  0.28  0.322  0.042  139.0
1.053  0.977  18.254  0.182  -1.055  -1.95  -2.542  -2.667  -2.09  0.592  0.717  0.125  -1.774  -2.438  -2.554  2.341  2.496  2.564  2.515  2.168  2.106  -5.59  -6.507  -6.846  0.65  0.758  0.11  0.16  0.231  0.074  0.902  1.192  0.288  0.28  0.322  0.042  139.0
1.053  0.977  18.804  0.145  -1.101  -2.003  -2.598  -2.725  -2.144  0.595  0.722  0.127  -1.774  -2.438  -2.554  2.341  2.496  2.564  2.515  2.168  2.106  -5.59  -6.507  -6.846  0.65  0.758  0.11  0.16  0.231  0.074  0.902  1.192  0.288  0.28  0.322  0.042  139.0
1.053  0.977  19.969  0.072  -1.19  -2.105  -2.707  -2.838  -2.247  0.602  0.733  0.131  -1.774  -2.438  -2.554  2.341  2.496  2.564  2.515  2.168  2.106  -5.59  -6.507  -6.846  0.65  0.758  0.11  0.16  0.231  0.074  0.902  1.192  0.288  0.28  0.322  0.042  139.0
1.053  0.977  20.671  0.031  -1.242  -2.167  -2.771  -2.905  -2.31  0.604  0.738  0.134  -1.765  -2.416  -2.524  2.333  2.489  2.556  2.513  2.167  2.103  -5.59  -6.507  -6.846  0.649  0.758  0.11  0.16  0.231  0.074  0.902  1.191  0.288  0.28  0.322  0.042  140.0
1.053  0.977  20.538  0.037  -1.234  -2.157  -2.76  -2.894  -2.3  0.603  0.737  0.134  -1.765  -2.416  -2.524  2.333  2.489  2.556  2.513  2.167  2.103  -5.59  -6.507  -6.846  0.649  0.758  0.11  0.16  0.231  0.074  0.902  1.191  0.288  0.28  0.322  0.042  140.0
1.053  0.977  19.699  0.088  -1.171  -2.083  -2.683  -2.814  -2.225  0.6  0.731  0.131  -1.765  -2.416  -2.524  2.333  2.489  2.556  2.513  2.167  2.103  -5.59  -6.507  -6.846  0.649  0.758  0.11  0.16  0.231  0.074  0.902  1.191  0.288  0.28  0.322  0.042  140.0
1.053  0.976  19.668  0.09  -1.169  -2.081  -2.681  -2.811  -2.223  0.6  0.73  0.13  -1.716  -2.377  -2.492  2.334  2.49  2.557  2.513  2.167  2.103  -5.59  -6.507  -6.846  0.649  0.758  0.11  0.16  0.231  0.074  0.902  1.191  0.288  0.28  0.322  0.042  140.0
1.053  0.975  20.92  0.017  -1.259  -2.187  -2.792  -2.928  -2.33  0.605  0.741  0.136  -1.774  -2.438  -2.554  2.342  2.498  2.565  2.515  2.168  2.106  -5.59  -6.507  -6.846  0.65  0.758  0.11  0.161  0.232  0.074  0.902  1.192  0.288  0.28  0.322  0.042  139.0
1.053  0.975  22.139  -0.05  -1.343  -2.285  -2.897  -3.037  -2.43  0.612  0.752  0.14  -1.601  -2.254  -2.365  2.36  2.517  2.584  2.513  2.167  2.103  -5.59  -6.507  -6.846  0.649  0.758  0.11  0.162  0.233  0.074  0.902  1.191  0.288  0.28  0.322  0.042  140.0
1.053  0.974  23.635  -0.127  -1.439  -2.397  -3.015  -3.162  -2.544  0.618  0.765  0.147  -1.424  -2.062  -2.171  2.362  2.518  2.586  2.51  2.159  2.096  -5.59  -6.507  -6.846  0.638  0.747  0.107  0.161  0.232  0.074  0.902  1.19  0.287  0.28  0.322  0.042  143.0
1.053  0.972  25.384  -0.211  -1.544  -2.521  -3.146  -3.299  -2.669  0.625  0.778  0.153  -1.37  -1.999  -2.106  2.375  2.532  2.599  2.51  2.156  2.093  -5.59  -6.507  -6.846  0.634  0.741  0.108  0.162  0.233  0.074  0.902  1.19  0.287  0.28  0.322  0.042  144.0
1.053  0.971  27.099  -0.286  -1.639  -2.632  -3.265  -3.424  -2.782  0.633  0.792  0.159  -1.482  -2.107  -2.218  2.34  2.494  2.56  2.508  2.137  2.078  -5.59  -6.507  -6.846  0.628  0.74  0.11  0.159  0.229  0.073  0.901  1.188  0.285  0.28  0.322  0.042  150.0
1.053  0.97  28.917  -0.361  -1.732  -2.743  -3.381  -3.548  -2.895  0.638  0.805  0.167  -1.641  -2.268  -2.386  2.303  2.455  2.52  2.506  2.122  2.065  -5.59  -6.507  -6.846  0.638  0.758  0.113  0.156  0.226  0.072  0.901  1.187  0.284  0.28  0.322  0.042  155.0
1.053  0.968  30.822  -0.427  -1.827  -2.855  -3.503  -3.675  -3.009  0.648  0.82  0.172  -1.592  -2.23  -2.344  2.297  2.448  2.513  2.506  2.118  2.063  -5.59  -6.507  -6.846  0.638  0.753  0.112  0.156  0.225  0.072  0.901  1.187  0.283  0.28  0.322  0.042  156.0
1.053  0.966  32.851  -0.491  -1.92  -2.965  -3.624  -3.8  -3.122  0.659  0.835  0.176  -1.641  -2.268  -2.386  2.275  2.425  2.49  2.505  2.115  2.06  -5.59  -6.507  -6.846  0.638  0.758  0.113  0.155  0.224  0.071  0.9  1.186  0.283  0.28  0.322  0.042  157.0
1.053  0.965  35.015  -0.554  -2.012  -3.075  -3.744  -3.925  -3.235  0.669  0.85  0.181  -1.659  -2.316  -2.429  2.267  2.418  2.483  2.506  2.122  2.065  -5.59  -6.507  -6.846  0.642  0.759  0.114  0.156  0.225  0.072  0.901  1.187  0.284  0.28  0.322  0.042  155.0
1.053  0.962  37.261  -0.613  -2.104  -3.184  -3.863  -4.049  -3.346  0.679  0.865  0.186  -1.659  -2.316  -2.429  2.267  2.418  2.483  2.506  2.122  2.065  -5.59  -6.507  -6.846  0.642  0.759  0.114  0.156  0.225  0.072  0.901  1.187  0.284  0.28  0.322  0.042  155.0
1.053  0.96  39.816  -0.661  -2.192  -3.294  -3.986  -4.178  -3.46  0.692  0.884  0.192  -1.65  -2.292  -2.407  2.274  2.426  2.491  2.506  2.125  2.068  -5.59  -6.507  -6.846  0.64  0.759  0.115  0.156  0.225  0.072  0.901  1.187  0.284  0.28  0.322  0.042  154.0
1.054  0.957  42.949  -0.681  -2.276  -3.409  -4.119  -4.32  -3.579  0.71  0.911  0.201  -1.659  -2.316  -2.429  2.267  2.418  2.483  2.506  2.122  2.065  -5.59  -6.507  -6.846  0.642  0.759  0.116  0.156  0.225  0.072  0.901  1.187  0.284  0.28  0.322  0.042  155.0
1.054  0.954  46.042  -0.712  -2.36  -3.519  -4.244  -4.452  -3.693  0.725  0.933  0.208  -1.659  -2.316  -2.429  2.267  2.418  2.483  2.506  2.122  2.065  -5.59  -6.507  -6.846  0.642  0.759  0.116  0.156  0.225  0.072  0.901  1.187  0.284  0.28  0.322  0.042  155.0
1.054  0.95  49.086  -0.751  -2.448  -3.629  -4.364  -4.578  -3.806  0.735  0.949  0.214  -1.659  -2.316  -2.429  2.267  2.418  2.483  2.506  2.122  2.065  -5.59  -6.507  -6.846  0.642  0.759  0.116  0.156  0.225  0.072  0.901  1.187  0.284  0.28  0.322  0.042  155.0
1.054  0.946  52.331  -0.788  -2.535  -3.739  -4.485  -4.705  -3.919  0.746  0.966  0.22  -1.746  -2.383  -2.505  2.267  2.418  2.483  2.506  2.122  2.065  -5.59  -6.507  -6.846  0.646  0.77  0.116  0.156  0.225  0.072  0.901  1.187  0.284  0.28  0.322  0.042  155.0
1.054  0.941  55.841  -0.814  -2.62  -3.849  -4.604  -4.83  -4.031  0.755  0.981  0.226  -1.746  -2.383  -2.505  2.267  2.418  2.483  2.506  2.122  2.065  -5.59  -6.507  -6.846  0.646  0.77  0.116  0.156  0.225  0.072  0.901  1.187  0.284  0.28  0.322  0.042  155.0
1.054  0.935  59.711  -0.829  -2.708  -3.964  -4.73  -4.963  -4.149  0.766  0.999  0.233  -1.746  -2.383  -2.505  2.267  2.418  2.483  2.506  2.122  2.065  -5.59  -6.507  -6.846  0.646  0.77  0.116  0.156  0.225  0.072  0.901  1.187  0.284  0.28  0.322  0.042  155.0
1.054  0.929  64.055  -0.84  -2.796  -4.083  -4.858  -5.099  -4.271  0.775  1.016  0.241  -1.746  -2.383  -2.505  2.267  2.418  2.483  2.506  2.122  2.065  -5.59  -6.507  -6.846  0.646  0.77  0.118  0.156  0.225  0.072  0.901  1.187  0.284  0.28  0.322  0.042  155.0
1.054  0.925  68.447  -0.831  -2.875  -4.195  -4.98  -5.227  -4.385  0.785  1.032  0.247  -1.746  -2.383  -2.505  2.267  2.418  2.483  2.506  2.122  2.065  -5.59  -6.507  -6.846  0.646  0.77  0.118  0.156  0.225  0.072  0.901  1.187  0.284  0.28  0.322  0.042  155.0
1.054  0.921  73.174  -0.817  -2.954  -4.309  -5.103  -5.357  -4.502  0.794  1.048  0.254  -1.746  -2.383  -2.505  2.267  2.418  2.483  2.506  2.122  2.065  -5.59  -6.507  -6.846  0.646  0.77  0.118  0.156  0.225  0.072  0.901  1.187  0.284  0.28  0.322  0.042  155.0
1.054  0.916  78.335  -0.772  -3.026  -4.423  -5.227  -5.49  -4.618  0.804  1.067  0.263  -1.746  -2.383  -2.505  2.267  2.418  2.483  2.506  2.122  2.065  -5.59  -6.507  -6.846  0.646  0.77  0.118  0.156  0.225  0.072  0.901  1.187  0.284  0.28  0.322  0.042  155.0
1.054  0.91  83.86  -0.719  -3.094  -4.538  -5.351  -5.621  -4.736  0.813  1.083  0.27  -1.746  -2.383  -2.505  2.267  2.418  2.483  2.506  2.122  2.065  -5.59  -6.507  -6.846  0.646  0.77  0.118  0.156  0.225  0.072  0.901  1.187  0.284  0.28  0.322  0.042  155.0
1.054  0.904  89.383  -0.644  -3.148  -4.644  -5.465  -5.743  -4.844  0.821  1.099  0.278  -1.746  -2.383  -2.505  2.267  2.418  2.483  2.506  2.122  2.065  -5.59  -6.507  -6.846  0.646  0.77  0.118  0.156  0.225  0.072  0.901  1.187  0.284  0.28  0.322  0.042  155.0
1.054  0.897  95.908  -0.537  -3.202  -4.762  -5.592  -5.879  -4.964  0.83  1.117  0.287  -1.746  -2.383  -2.505  2.267  2.418  2.483  2.506  2.122  2.065  -5.59  -6.507  -6.846  0.646  0.77  0.118  0.156  0.225  0.072  0.901  1.187  0.284  0.28  0.322  0.042  155.0
1.054  0.887  102.791  -0.398  -3.236  -4.877  -5.714  -6.01  -5.081  0.837  1.133  0.296  -1.746  -2.383  -2.505  2.267  2.418  2.483  2.506  2.122  2.065  -5.59  -6.507  -6.846  0.646  0.77  0.118  0.156  0.225  0.072  0.901  1.187  0.284  0.28  0.322  0.042  155.0
1.054  0.874  109.965  -0.24  -3.261  -4.989  -5.833  -6.139  -5.195  0.844  1.15  0.306  -1.746  -2.383  -2.505  2.267  2.418  2.483  2.506  2.122  2.065  -5.59  -6.507  -6.846  0.646  0.77  0.118  0.156  0.225  0.072  0.901  1.187  0.284  0.28  0.322  0.042  155.0
1.054  0.859  117.046  -0.041  -3.249  -5.09  -5.939  -6.255  -5.298  0.849  1.165  0.316  -1.76  -2.41  -2.529  2.26  2.411  2.476  2.506  2.118  2.063  -5.59  -6.507  -6.846  0.647  0.77  0.119  0.156  0.224  0.071  0.901  1.187  0.283  0.28  0.322  0.042  156.0
1.054  0.855  121.634  0.08  -3.243  -5.153  -6.005  -6.328  -5.361  0.852  1.175  0.323  -1.76  -2.41  -2.529  2.26  2.411  2.476  2.506  2.118  2.063  -5.59  -6.507  -6.846  0.647  0.77  0.119  0.156  0.224  0.071  0.901  1.187  0.283  0.28  0.322  0.042  156.0
1.054  0.852  113.699  -0.091  -3.237  -5.04  -5.887  -6.199  -5.247  0.847  1.159  0.312  -1.76  -2.41  -2.529  2.26  2.411  2.476  2.506  2.118  2.063  -5.59  -6.507  -6.846  0.647  0.77  0.119  0.156  0.224  0.071  0.901  1.187  0.283  0.28  0.322  0.042  156.0
1.054  0.851  115.28  -0.055  -3.237  -5.062  -5.91  -6.225  -5.269  0.848  1.163  0.315  -1.76  -2.41  -2.529  2.26  2.411  2.476  2.506  2.118  2.063  -5.59  -6.507  -6.846  0.647  0.77  0.119  0.156  0.224  0.071  0.901  1.187  0.283  0.28  0.322  0.042  156.0
1.054  0.85  116.374  -0.025  -3.236  -5.078  -5.927  -6.243  -5.286  0.849  1.165  0.316  -1.76  -2.41  -2.529  2.26  2.411  2.476  2.506  2.118  2.063  -5.59  -6.507  -6.846  0.647  0.77  0.119  0.156  0.224  0.071  0.901  1.187  0.283  0.28  0.322  0.042  156.0
1.054  0.849  118.674  0.031  -3.234  -5.11  -5.96  -6.28  -5.318  0.85  1.17  0.32  -1.76  -2.41  -2.529  2.26  2.411  2.476  2.506  2.118  2.063  -5.59  -6.507  -6.846  0.647  0.77  0.119  0.156  0.224  0.071  0.901  1.187  0.283  0.28  0.322  0.042  156.0
1.054  0.848  120.88  0.087  -3.232  -5.14  -5.992  -6.314  -5.348  0.852  1.174  0.322  -1.76  -2.41  -2.529  2.26  2.411  2.476  2.506  2.118  2.063  -5.59  -6.507  -6.846  0.647  0.77  0.119  0.156  0.224  0.071  0.901  1.187  0.283  0.28  0.322  0.042  156.0
1.054  0.847  123.326  0.149  -3.229  -5.172  -6.026  -6.351  -5.381  0.854  1.179  0.325  -1.76  -2.41  -2.529  2.26  2.411  2.476  2.506  2.118  2.063  -5.59  -6.507  -6.846  0.647  0.77  0.119  0.156  0.224  0.071  0.901  1.187  0.283  0.28  0.322  0.042  156.0
1.054  0.845  128.367  0.297  -3.204  -5.239  -6.095  -6.427  -5.449  0.856  1.188  0.332  -1.76  -2.41  -2.529  2.26  2.411  2.476  2.506  2.118  2.063  -5.59  -6.507  -6.846  0.647  0.77  0.119  0.156  0.224  0.071  0.901  1.187  0.283  0.28  0.322  0.042  156.0
1.054  0.843  138.661  0.588  -3.149  -5.366  -6.227  -6.572  -5.577  0.861  1.206  0.345  -1.76  -2.41  -2.529  2.26  2.411  2.476  2.506  2.118  2.063  -5.59  -6.507  -6.846  0.647  0.77  0.119  0.156  0.224  0.071  0.901  1.187  0.283  0.28  0.322  0.042  156.0
1.054  0.839  150.472  0.879  -3.083  -5.501  -6.366  -6.724  -5.713  0.865  1.223  0.358  -1.76  -2.41  -2.529  2.26  2.411  2.476  2.506  2.118  2.063  -5.59  -6.507  -6.846  0.647  0.77  0.119  0.156  0.224  0.071  0.901  1.187  0.283  0.28  0.322  0.042  156.0
1.054  0.834  160.863  1.135  -3.014  -5.608  -6.479  -6.847  -5.822  0.871  1.239  0.368  -1.76  -2.41  -2.529  2.26  2.411  2.476  2.506  2.118  2.063  -5.59  -6.507  -6.846  0.647  0.77  0.119  0.156  0.224  0.071  0.901  1.187  0.283  0.28  0.322  0.042  156.0
1.054  0.826  172.645  1.373  -2.938  -5.721  -6.597  -6.977  -5.936  0.876  1.256  0.38  -1.76  -2.41  -2.529  2.26  2.411  2.476  2.506  2.118  2.063  -5.59  -6.507  -6.846  0.647  0.77  0.119  0.156  0.224  0.071  0.901  1.187  0.283  0.28  0.322  0.042  156.0
1.054  0.817  179.91  1.513  -2.888  -5.786  -6.664  -7.051  -6.002  0.878  1.265  0.387  -1.76  -2.41  -2.529  2.26  2.411  2.476  2.506  2.118  2.063  -5.59  -6.507  -6.846  0.647  0.77  0.119  0.156  0.224  0.071  0.901  1.187  0.283  0.28  0.322  0.042  156.0
1.054  0.816  113.28  0.119  -3.138  -5.01  -5.861  -6.179  -5.218  0.851  1.169  0.318  -1.76  -2.41  -2.529  2.26  2.411  2.476  2.506  2.118  2.063  -5.59  -6.507  -6.846  0.647  0.77  0.119  0.156  0.224  0.071  0.901  1.187  0.283  0.28  0.322  0.042  156.0
1.054  0.812  66.781  -0.763  -2.817  -4.141  -4.926  -5.175  -4.331  0.785  1.034  0.249  -1.76  -2.41  -2.529  2.26  2.411  2.476  2.506  2.118  2.063  -5.59  -6.507  -6.846  0.647  0.77  0.119  0.156  0.224  0.071  0.901  1.187  0.283  0.28  0.322  0.042  156.0
1.054  0.808  69.8  -0.731  -2.859  -4.209  -5.002  -5.256  -4.401  0.793  1.047  0.254  -1.76  -2.41  -2.529  2.26  2.411  2.476  2.506  2.118  2.063  -5.59  -6.507  -6.846  0.647  0.77  0.119  0.156  0.224  0.071  0.901  1.187  0.283  0.28  0.322  0.042  156.0
1.054  0.804  87.671  -0.439  -3.042  -4.579  -5.406  -5.689  -4.781  0.827  1.11  0.283  -1.76  -2.41  -2.529  2.26  2.411  2.476  2.506  2.118  2.063  -5.59  -6.507  -6.846  0.647  0.77  0.119  0.156  0.224  0.071  0.901  1.187  0.283  0.28  0.322  0.042  156.0
1.054  0.798  116.884  0.267  -3.109  -5.054  -5.908  -6.234  -5.263  0.854  1.18  0.326  -1.76  -2.41  -2.529  2.26  2.411  2.476  2.506  2.118  2.063  -5.59  -6.507  -6.846  0.647  0.77  0.119  0.156  0.224  0.071  0.901  1.187  0.283  0.28  0.322  0.042  156.0
1.054  0.791  147.793  1.129  -2.93  -5.441  -6.311  -6.673  -5.654  0.87  1.232  0.362  -1.76  -2.41  -2.529  2.26  2.411  2.476  2.506  2.118  2.063  -5.59  -6.507  -6.846  0.647  0.77  0.119  0.156  0.224  0.071  0.901  1.187  0.283  0.28  0.322  0.042  156.0
1.054  0.784  171.654  1.594  -2.796  -5.685  -6.563  -6.948  -5.901  0.878  1.263  0.385  -1.76  -2.41  -2.529  2.26  2.411  2.476  2.506  2.118  2.063  -5.59  -6.507  -6.846  0.647  0.77  0.119  0.156  0.224  0.071  0.901  1.187  0.283  0.28  0.322  0.042  156.0
1.054  0.775  185.334  1.701  -2.761  -5.805  -6.687  -7.084  -6.022  0.882  1.279  0.397  -1.76  -2.41  -2.529  2.26  2.411  2.476  2.506  2.118  2.063  -5.59  -6.507  -6.846  0.647  0.77  0.119  0.156  0.224  0.071  0.901  1.187  0.283  0.28  0.322  0.042  156.0
1.054  0.765  191.494  1.762  -2.735  -5.856  -6.739  -7.141  -6.073  0.883  1.285  0.402  -1.76  -2.41  -2.529  2.26  2.411  2.476  2.506  2.118  2.063  -5.59  -6.507  -6.846  0.647  0.77  0.119  0.156  0.224  0.071  0.901  1.187  0.283  0.28  0.322  0.042  156.0
1.054  0.755  189.346  1.643  -2.829  -5.861  -6.741  -7.14  -6.077  0.88  1.279  0.399  -1.76  -2.41  -2.529  2.26  2.411  2.476  2.506  2.118  2.063  -5.59  -6.507  -6.846  0.647  0.77  0.119  0.156  0.224  0.071  0.901  1.187  0.283  0.28  0.322  0.042  156.0
1.054  0.754  97.781  -0.07  -3.038  -4.742  -5.585  -5.888  -4.948  0.843  1.146  0.303  -1.76  -2.41  -2.529  2.26  2.411  2.476  2.506  2.118  2.063  -5.59  -6.507  -6.846  0.647  0.77  0.119  0.156  0.224  0.071  0.901  1.187  0.283  0.28  0.322  0.042  156.0
1.054  0.749  75.763  -0.513  -2.88  -4.319  -5.132  -5.402  -4.517  0.813  1.083  0.27  -1.76  -2.41  -2.529  2.26  2.411  2.476  2.506  2.118  2.063  -5.59  -6.507  -6.846  0.647  0.77  0.119  0.156  0.224  0.071  0.901  1.187  0.283  0.28  0.322  0.042  156.0
1.054  0.746  94.985  -0.084  -3.006  -4.689  -5.531  -5.831  -4.895  0.842  1.142  0.3  -1.76  -2.41  -2.529  2.26  2.411  2.476  2.506  2.118  2.063  -5.59  -6.507  -6.846  0.647  0.77  0.119  0.156  0.224  0.071  0.901  1.187  0.283  0.28  0.322  0.042  156.0
1.054  0.742  126.635  0.875  -2.906  -5.16  -6.024  -6.37  -5.372  0.864  1.21  0.346  -1.76  -2.41  -2.529  2.26  2.411  2.476  2.506  2.118  2.063  -5.59  -6.507  -6.846  0.647  0.77  0.119  0.156  0.224  0.071  0.901  1.187  0.283  0.28  0.322  0.042  156.0
1.054  0.738  160.456  1.673  -2.687  -5.545  -6.423  -6.805  -5.761  0.878  1.26  0.382  -1.76  -2.41  -2.529  2.26  2.411  2.476  2.506  2.118  2.063  -5.59  -6.507  -6.846  0.647  0.77  0.119  0.156  0.224  0.071  0.901  1.187  0.283  0.28  0.322  0.042  156.0
1.054  0.732  187.006  1.888  -2.621  -5.786  -6.671  -7.074  -6.003  0.885  1.288  0.403  -1.76  -2.41  -2.529  2.26  2.411  2.476  2.506  2.118  2.063  -5.59  -6.507  -6.846  0.647  0.77  0.119  0.156  0.224  0.071  0.901  1.187  0.283  0.28  0.322  0.042  156.0
1.054  0.727  202.561  1.975  -2.598  -5.908  -6.794  -7.208  -6.126  0.886  1.3  0.414  -1.76  -2.41  -2.529  2.26  2.411  2.476  2.506  2.118  2.063  -5.59  -6.507  -6.846  0.647  0.77  0.119  0.156  0.224  0.071  0.901  1.187  0.283  0.28  0.322  0.042  156.0
1.054  0.72  209.872  2.025  -2.582  -5.959  -6.846  -7.265  -6.177  0.887  1.306  0.419  -1.76  -2.41  -2.529  2.26  2.411  2.476  2.506  2.118  2.063  -5.59  -6.507  -6.846  0.647  0.77  0.119  0.156  0.224  0.071  0.901  1.187  0.283  0.28  0.322  0.042  156.0
1.054  0.713  190.088  1.464  -2.991  -5.905  -6.783  -7.179  -6.121  0.878  1.274  0.396  -1.76  -2.41  -2.529  2.26  2.411  2.476  2.506  2.118  2.063  -5.59  -6.507  -6.846  0.647  0.77  0.119  0.156  0.224  0.071  0.901  1.187  0.283  0.28  0.322  0.042  156.0
1.054  0.711  105.793  0.327  -2.962  -4.855  -5.707  -6.027  -5.063  0.852  1.172  0.32  -1.76  -2.41  -2.529  2.26  2.411  2.476  2.506  2.118  2.063  -5.59  -6.507  -6.846  0.647  0.77  0.119  0.156  0.224  0.071  0.901  1.187  0.283  0.28  0.322  0.042  156.0
1.054  0.706  80.827  -0.377  -2.911  -4.419  -5.242  -5.521  -4.62  0.823  1.102  0.279  -1.76  -2.41  -2.529  2.26  2.411  2.476  2.506  2.118  2.063  -5.59  -6.507  -6.846  0.647  0.77  0.119  0.156  0.224  0.071  0.901  1.187  0.283  0.28  0.322  0.042  156.0
1.054  0.702  101.591  0.169  -2.982  -4.79  -5.638  -5.951  -4.997  0.848  1.161  0.313  -1.76  -2.41  -2.529  2.26  2.411  2.476  2.506  2.118  2.063  -5.59  -6.507  -6.846  0.647  0.77  0.119  0.156  0.224  0.071  0.901  1.187  0.283  0.28  0.322  0.042  156.0
1.054  0.697  135.755  1.261  -2.772  -5.259  -6.128  -6.49  -5.472  0.869  1.231  0.362  -1.76  -2.41  -2.529  2.26  2.411  2.476  2.506  2.118  2.063  -5.59  -6.507  -6.846  0.647  0.77  0.119  0.156  0.224  0.071  0.901  1.187  0.283  0.28  0.322  0.042  156.0
1.054  0.691  172.367  1.888  -2.577  -5.64  -6.522  -6.92  -5.857  0.882  1.28  0.398  -1.76  -2.41  -2.529  2.26  2.411  2.476  2.506  2.118  2.063  -5.59  -6.507  -6.846  0.647  0.77  0.119  0.156  0.224  0.071  0.901  1.187  0.283  0.28  0.322  0.042  156.0
1.054  0.685  200.473  2.044  -2.544  -5.876  -6.763  -7.18  -6.094  0.887  1.304  0.417  -1.76  -2.41  -2.529  2.26  2.411  2.476  2.506  2.118  2.063  -5.59  -6.507  -6.846  0.647  0.77  0.119  0.156  0.224  0.071  0.901  1.187  0.283  0.28  0.322  0.042  156.0
1.054  0.677  215.901  2.114  -2.541  -5.992  -6.881  -7.309  -6.211  0.889  1.317  0.428  -1.76  -2.41  -2.529  2.26  2.411  2.476  2.506  2.118  2.063  -5.59  -6.507  -6.846  0.647  0.77  0.119  0.156  0.224  0.071  0.901  1.187  0.283  0.28  0.322  0.042  156.0
1.054  0.669  221.746  2.138  -2.544  -6.035  -6.926  -7.359  -6.254  0.891  1.324  0.433  -1.76  -2.41  -2.529  2.26  2.411  2.476  2.506  2.118  2.063  -5.59  -6.507  -6.846  0.647  0.77  0.119  0.156  0.224  0.071  0.901  1.187  0.283  0.28  0.322  0.042  156.0
1.054  0.66  183.255  0.675  -3.441  -5.914  -6.78  -7.166  -6.126  0.866  1.252  0.386  -1.76  -2.41  -2.529  2.26  2.411  2.476  2.506  2.118  2.063  -5.59  -6.507  -6.846  0.647  0.77  0.119  0.156  0.224  0.071  0.901  1.187  0.283  0.28  0.322  0.042  156.0
1.054  0.657  107.215  -0.042  -3.149  -4.92  -5.763  -6.077  -5.126  0.843  1.157  0.314  -1.76  -2.41  -2.529  2.26  2.411  2.476  2.506  2.118  2.063  -5.59  -6.507  -6.846  0.647  0.77  0.119  0.156  0.224  0.071  0.901  1.187  0.283  0.28  0.322  0.042  156.0
1.054  0.654  76.675  -0.876  -3.041  -4.406  -5.195  -5.458  -4.597  0.789  1.052  0.263  -1.76  -2.41  -2.529  2.26  2.411  2.476  2.506  2.118  2.063  -5.59  -6.507  -6.846  0.647  0.77  0.119  0.156  0.224  0.071  0.901  1.187  0.283  0.28  0.322  0.042  156.0
1.054  0.649  79.351  -0.881  -3.089  -4.47  -5.262  -5.527  -4.662  0.792  1.057  0.265  -1.76  -2.41  -2.529  2.26  2.411  2.476  2.506  2.118  2.063  -5.59  -6.507  -6.846  0.647  0.77  0.119  0.156  0.224  0.071  0.901  1.187  0.283  0.28  0.322  0.042  156.0
1.054  0.644  99.714  -0.479  -3.239  -4.835  -5.662  -5.959  -5.037  0.827  1.124  0.297  -1.76  -2.41  -2.529  2.26  2.411  2.476  2.506  2.118  2.063  -5.59  -6.507  -6.846  0.647  0.77  0.119  0.156  0.224  0.071  0.901  1.187  0.283  0.28  0.322  0.042  156.0
1.054  0.636  133.584  0.521  -3.153  -5.301  -6.158  -6.506  -5.511  0.857  1.205  0.348  -1.76  -2.41  -2.529  2.26  2.411  2.476  2.506  2.118  2.063  -5.59  -6.507  -6.846  0.647  0.77  0.119  0.156  0.224  0.071  0.901  1.187  0.283  0.28  0.322  0.042  156.0
1.054  0.628  169.455  1.472  -2.884  -5.677  -6.553  -6.943  -5.892  0.876  1.266  0.39  -1.76  -2.41  -2.529  2.26  2.411  2.476  2.506  2.118  2.063  -5.59  -6.507  -6.846  0.647  0.77  0.119  0.156  0.224  0.071  0.901  1.187  0.283  0.28  0.322  0.042  156.0
1.054  0.618  195.099  1.761  -2.8  -5.901  -6.789  -7.205  -6.119  0.888  1.304  0.416  -1.76  -2.41  -2.529  2.26  2.411  2.476  2.506  2.118  2.063  -5.59  -6.507  -6.846  0.647  0.77  0.119  0.156  0.224  0.071  0.901  1.187  0.283  0.28  0.322  0.042  156.0
1.054  0.608  206.184  1.775  -2.834  -6.001  -6.893  -7.321  -6.22  0.892  1.32  0.428  -1.76  -2.41  -2.529  2.26  2.411  2.476  2.506  2.118  2.063  -5.59  -6.507  -6.846  0.647  0.77  0.119  0.156  0.224  0.071  0.901  1.187  0.283  0.28  0.322  0.042  156.0
1.054  0.596  206.469  1.671  -2.937  -6.021  -6.915  -7.345  -6.241  0.894  1.324  0.43  -1.76  -2.41  -2.529  2.26  2.411  2.476  2.506  2.118  2.063  -5.59  -6.507  -6.846  0.647  0.77  0.119  0.156  0.224  0.071  0.901  1.187  0.283  0.28  0.322  0.042  156.0
1.054  0.583  161.271  -1.372  -4.219  -5.857  -6.685  -7.046  -6.059  0.828  1.189  0.361  -1.76  -2.41  -2.529  2.26  2.411  2.476  2.506  2.118  2.063  -5.59  -6.507  -6.846  0.647  0.77  0.119  0.156  0.224  0.071  0.901  1.187  0.283  0.28  0.322  0.042  156.0
