#Mini MPD Rad MV_j MI_c MJ_2M MH_2M MK_2M MHw sigmaJ sigmaH sigmaKs minJ minH minKs maxJ maxH maxKs
0.0005  0.0005  0.105  56.3  46.6  36.588  32.592  51.596  35.205  0.2  0.2  0.2  -999.0  -999.0  -999.0  999.0  999.0  999.0
0.001  0.001  0.109  47.57  38.99  30.922  28.788  43.206  30.312  0.2  0.2  0.2  -999.0  -999.0  -999.0  999.0  999.0  999.0
0.002  0.002  0.112  37.05  30.06  24.532  24.38  33.996  24.498  0.2  0.2  0.2  -999.0  -999.0  -999.0  999.0  999.0  999.0
0.003  0.003  0.113  32.02  25.75  21.622  22.098  29.006  21.718  0.2  0.2  0.2  -999.0  -999.0  -999.0  999.0  999.0  999.0
0.004  0.004  0.114  30.65  24.16  20.668  20.924  26.426  20.721  0.2  0.2  0.2  -999.0  -999.0  -999.0  999.0  999.0  999.0
0.005  0.005  0.113  29.6  22.94  19.92  19.999  24.516  19.937  0.2  0.2  0.2  -999.0  -999.0  -999.0  999.0  999.0  999.0
0.006  0.006  0.113  29.16  22.39  19.409  19.421  23.076  19.412  0.2  0.2  0.2  -999.0  -999.0  -999.0  999.0  999.0  999.0
0.007  0.007  0.112  28.71  21.8  18.919  18.842  21.656  18.902  0.2  0.2  0.2  -999.0  -999.0  -999.0  999.0  999.0  999.0
0.008  0.008  0.111  28.4  21.41  18.496  18.405  20.716  18.476  0.2  0.2  0.2  -999.0  -999.0  -999.0  999.0  999.0  999.0
0.009  0.009  0.11  28.14  21.07  18.076  17.994  19.926  18.058  0.2  0.2  0.2  -999.0  -999.0  -999.0  999.0  999.0  999.0
0.01  0.01  0.11  27.91  20.77  17.683  17.623  19.196  17.67  0.2  0.2  0.2  -999.0  -999.0  -999.0  999.0  999.0  999.0
0.012  0.012  0.11  27.2  19.91  16.318  16.28  16.796  16.31  0.2  0.2  0.2  -999.0  -999.0  -999.0  999.0  999.0  999.0
0.015  0.015  0.107  27.11  19.81  16.142  16.153  16.556  16.144  0.2  0.2  0.2  -999.0  -999.0  -999.0  999.0  999.0  999.0
0.02  0.02  0.104  26.53  19.27  15.291  15.343  15.346  15.302  0.2  0.2  0.2  -999.0  -999.0  -999.0  999.0  999.0  999.0
0.03  0.03  0.101  24.97  17.95  13.875  13.879  13.666  13.876  0.2  0.2  0.2  -999.0  -999.0  -999.0  999.0  999.0  999.0
0.04  0.04  0.1  23.11  16.74  12.896  12.766  12.656  12.867  0.2  0.2  0.2  -999.0  -999.0  -999.0  999.0  999.0  999.0
0.05  0.05  0.101  21.31  15.53  12.197  11.958  11.766  12.143  0.2  0.2  0.2  -999.0  -999.0  -999.0  999.0  999.0  999.0
0.06  0.06  0.102  19.99  14.5  11.684  11.37  11.106  11.613  0.2  0.2  0.2  -999.0  -999.0  -999.0  999.0  999.0  999.0
0.07  0.07  0.106  18.84  13.68  11.269  10.911  10.606  11.187  0.2  0.2  0.2  -999.0  -999.0  -999.0  999.0  999.0  999.0
0.072  0.072  0.107  18.6  13.54  11.189  10.821  10.516  11.105  0.2  0.2  0.2  -999.0  -999.0  -999.0  999.0  999.0  999.0
0.075  0.075  0.108  18.25  13.33  11.08  10.701  10.396  10.993  0.2  0.2  0.2  -999.0  -999.0  -999.0  999.0  999.0  999.0
0.08  0.08  0.111  17.65  13.0  10.891  10.501  10.196  10.801  0.2  0.2  0.2  -999.0  -999.0  -999.0  999.0  999.0  999.0
0.09  0.09  0.133  16.668  12.478  10.465  9.78  9.48  10.301  0.3107  0.3198  0.3352  9.69  9.209  8.93  10.9606  10.3948  10.213
0.12  0.12  0.159  15.195  11.614  9.823  9.122  8.793  9.655  0.2352  0.2109  0.1801  9.152  8.65  8.422  10.0293  9.4284  9.1601
0.15  0.15  0.184  14.224  10.965  9.287  8.641  8.296  9.133  0.1991  0.1778  0.1513  9.056  8.521  8.292  9.574  8.9895  8.6965
0.18  0.18  0.21  13.541  10.469  8.878  8.26  7.916  8.731  0.2203  0.1959  0.1633  8.38  7.87  7.707  9.0522  8.4623  8.2026
0.21  0.21  0.234  12.997  10.067  8.542  7.94  7.601  8.4  0.2164  0.1968  0.164  8.102  7.575  7.403  8.7593  8.169  7.8962
0.24  0.24  0.257  12.539  9.727  8.253  7.662  7.33  8.113  0.1257  0.1162  0.1016  7.774  7.263  7.099  8.338  7.776  7.5469
0.27  0.27  0.278  12.138  9.431  7.997  7.413  7.09  7.859  0.1965  0.179  0.1535  7.769  7.218  7.03  8.1424  7.5581  7.3216
0.3  0.3  0.3  11.779  9.163  7.766  7.187  6.872  7.629  0.2612  0.2291  0.1927  7.335  6.831  6.671  8.073  7.484  7.224
0.33  0.33  0.324  11.452  8.917  7.554  6.978  6.672  7.418  0.1661  0.1506  0.1294  7.238  6.715  6.55  7.7448  7.152  6.9185
0.36  0.36  0.347  11.149  8.685  7.357  6.782  6.485  7.221  0.1568  0.1343  0.1123  6.977  6.481  6.327  7.4278  6.8529  6.6374
0.39  0.39  0.374  10.865  8.465  7.172  6.597  6.309  7.036  0.1114  0.0935  0.0754  6.814  6.322  6.173  7.1702  6.5947  6.3865
0.42  0.42  0.402  10.597  8.256  6.996  6.42  6.142  6.86  0.1375  0.109  0.085  6.597  6.114  5.971  7.0451  6.4545  6.2397
0.45  0.45  0.432  10.341  8.057  6.828  6.251  5.982  6.692  0.2081  0.1677  0.134  6.408  5.934  5.797  7.0462  6.43  6.1952
0.48  0.48  0.463  10.096  7.867  6.666  6.087  5.827  6.529  0.1234  0.0949  0.0731  6.215  5.731  5.603  6.7175  6.094  5.874
0.55  0.55  0.532  9.407  7.4  6.273  5.671  5.435  6.131  0.2291  0.1606  0.1184  5.705  5.246  5.133  6.374  5.726  5.5083
0.6  0.6  0.575  8.765  6.966  5.932  5.313  5.108  5.785  0.226  0.132  0.0941  5.399  4.961  4.862  6.046  5.3786  5.1786
0.65  0.65  0.614  8.143  6.546  5.594  4.969  4.805  5.446  0.2093  0.0988  0.0708  5.084  4.705  4.625  5.7222  5.0431  4.876
0.7  0.7  0.648  7.526  6.147  5.281  4.686  4.557  5.14  0.2075  0.0834  0.061  4.807  4.475  4.407  5.415  4.7499  4.617
0.7018  0.702  0.649  7.505  6.132  5.269  4.676  4.549  5.129  0.2068  0.0826  0.0604  4.807  4.475  4.407  5.414  4.7481  4.616
0.7382  0.738  0.666  7.065  5.851  5.065  4.53  4.419  4.94  0.241  0.1094  0.087  4.589  4.282  4.232  5.2248  4.5985  4.4906
0.75  0.75  0.672  6.933  5.764  5.004  4.49  4.382  4.884  0.1901  0.0853  0.0676  4.547  4.246  4.201  5.1314  4.5334  4.4314
0.8  0.8  0.711  6.478  5.434  4.745  4.292  4.193  4.64  0.1789  0.0922  0.0744  4.279  4.003  3.968  4.8645  4.3292  4.2383
0.85  0.85  0.752  6.071  5.128  4.502  4.102  4.012  4.41  0.1715  0.0988  0.0814  4.06  3.811  3.781  4.6149  4.1359  4.0544
0.9  0.899  0.796  5.707  4.843  4.273  3.919  3.835  4.192  0.168  0.1045  0.0882  3.829  3.594  3.57  4.3824  3.9544  3.8804
0.95  0.95  0.844  5.375  4.582  4.059  3.742  3.665  3.987  0.166  0.1068  0.0922  3.613  3.406  3.384  4.156  3.7723  3.7053
1.0  1.0  0.897  5.069  4.335  3.852  3.564  3.495  3.787  0.1575  0.1004  0.0881  3.417  3.246  3.227  3.9456  3.5976  3.5381
1.05  1.05  0.954  4.784  4.103  3.654  3.393  3.329  3.595  0.1488  0.0941  0.0845  3.217  3.087  3.068  3.7402  3.4228  3.3708
1.0875  1.087  1.001  4.582  3.936  3.51  3.265  3.206  3.455  0.1067  0.0713  0.0671  3.126  2.956  2.935  3.4486  3.199  3.1718
1.1  1.099  1.017  4.517  3.882  3.462  3.223  3.165  3.408  0.131  0.0846  0.0788  3.053  2.922  2.905  3.5402  3.2492  3.2046
1.15  1.149  1.082  4.265  3.67  3.276  3.057  3.003  3.227  0.1081  0.0804  0.0787  2.935  2.801  2.78  3.333  3.0932  3.0658
1.2  1.199  1.151  4.025  3.467  3.096  2.897  2.846  3.052  0.1119  0.0909  0.0904  2.796  2.667  2.648  3.2036  3.0016  2.9852
1.25  1.25  1.22  3.798  3.275  2.927  2.744  2.697  2.886  0.0914  0.1033  0.1051  2.666  2.535  2.514  3.014  2.9362  2.9212
1.2801  1.28  1.262  3.667  3.164  2.828  2.657  2.611  2.79  0.0739  0.093  0.0945  2.573  2.472  2.452  2.8358  2.8356  2.8234
1.3  1.3  1.289  3.583  3.092  2.765  2.6  2.555  2.728  0.0876  0.1194  0.1225  2.54  2.425  2.405  2.879  2.8716  2.8586
1.35  1.35  1.354  3.377  2.919  2.614  2.467  2.424  2.581  0.0938  0.1326  0.1366  2.412  2.327  2.306  2.784  2.806  2.794
1.4  1.4  1.414  3.182  2.76  2.477  2.348  2.305  2.448  0.1053  0.144  0.1487  2.282  2.221  2.201  2.7086  2.7374  2.7284
1.45  1.45  1.463  2.996  2.613  2.354  2.245  2.204  2.33  0.1256  0.1639  0.1695  2.166  2.089  2.069  2.6592  2.6982  2.6926
1.5  1.5  1.5  2.815  2.478  2.246  2.158  2.118  2.227  0.1391  0.1741  0.1802  2.033  2.006  1.984  2.5837  2.6269  2.6239
1.5124  1.512  1.508  2.772  2.446  2.221  2.139  2.1  2.203  0.1505  0.186  0.1925  2.008  1.977  1.955  2.5873  2.6274  2.6244
1.55  1.55  1.531  2.644  2.353  2.147  2.081  2.042  2.133  0.1618  0.1923  0.1991  1.893  1.881  1.863  2.5229  2.5687  2.5689
1.5619  1.562  1.54  2.604  2.324  2.124  2.063  2.025  2.111  0.1698  0.1999  0.2068  1.877  1.865  1.845  2.5282  2.5746  2.5732
1.6  1.6  1.567  2.481  2.234  2.051  2.004  1.966  2.041  0.1851  0.2093  0.216  1.744  1.759  1.745  2.4536  2.502  2.506
1.6187  1.618  1.581  2.423  2.19  2.015  1.974  1.937  2.006  0.1906  0.2073  0.213  1.697  1.695  1.677  2.3761  2.429  2.4352
1.65  1.649  1.61  2.328  2.118  1.955  1.923  1.886  1.948  0.2166  0.2357  0.2421  1.573  1.591  1.578  2.3966  2.4504  2.4561
1.6709  1.67  1.629  2.267  2.071  1.915  1.888  1.851  1.909  0.217  0.2326  0.2382  1.505  1.541  1.526  2.2766  2.3323  2.3405
1.7  1.699  1.656  2.183  2.006  1.858  1.839  1.802  1.854  0.2612  0.2752  0.2811  1.292  1.339  1.343  2.3484  2.4042  2.4128
1.7186  1.718  1.675  2.13  1.964  1.822  1.807  1.771  1.819  0.6014  0.6279  0.6333  -0.686  -0.921  -0.953  2.2562  2.3115  2.3198
1.75  1.749  1.708  2.044  1.895  1.761  1.752  1.716  1.759  1.3917  1.5602  1.5866  -2.459  -2.918  -2.995  2.203  2.263  2.2744
1.7854  1.784  1.75  1.948  1.817  1.693  1.69  1.654  1.692  1.4572  1.6411  1.6691  -2.66  -3.159  -3.239  2.1135  2.1723  2.1853
1.8  1.799  1.766  1.909  1.786  1.665  1.664  1.628  1.665  1.4473  1.6303  1.6584  -2.66  -3.159  -3.239  2.111  2.171  2.183
1.8328  1.832  1.806  1.824  1.715  1.601  1.605  1.57  1.602  2.2817  2.5141  2.5644  -6.541  -7.433  -7.988  1.9924  2.047  2.0615
1.85  1.849  1.826  1.779  1.677  1.567  1.574  1.539  1.569  2.8679  3.1865  3.3054  -6.887  -7.935  -8.59  1.8978  1.9473  1.954
1.8841  1.883  1.872  1.692  1.603  1.499  1.51  1.476  1.501  3.0637  3.4158  3.5558  -7.147  -8.235  -8.804  1.7588  1.7935  1.7965
1.9  1.899  1.896  1.651  1.568  1.467  1.48  1.445  1.47  2.9893  3.3474  3.4984  -7.147  -8.235  -8.858  1.702  1.7487  1.7562
1.9102  1.909  1.91  1.626  1.546  1.446  1.461  1.426  1.449  3.0162  3.3831  3.5405  -7.205  -8.274  -8.858  1.681  1.7212  1.7126
1.95  1.95  1.971  1.524  1.457  1.364  1.382  1.348  1.368  2.9565  3.3127  3.4757  -7.607  -8.54  -9.032  1.572  1.607  1.617
1.9707  1.971  2.004  1.473  1.41  1.32  1.34  1.307  1.324  2.7944  3.1308  3.287  -7.607  -8.54  -9.032  1.1193  1.1501  1.1619
2.0  2.0  2.055  1.399  1.343  1.256  1.279  1.246  1.261  2.8818  3.2394  3.3886  -7.189  -8.36  -8.942  1.549  1.582  1.588
2.0256  2.026  2.102  1.335  1.284  1.201  1.225  1.192  1.206  2.8048  3.1347  3.2533  -7.274  -8.304  -8.807  1.2729  1.3059  1.3077
2.05  2.05  2.151  1.274  1.228  1.147  1.172  1.14  1.152  2.7766  3.103  3.2218  -7.274  -8.276  -8.64  1.392  1.443  1.452
2.0922  2.091  2.238  1.168  1.129  1.052  1.079  1.047  1.058  2.8345  3.1767  3.3027  -7.212  -8.202  -8.668  1.3283  1.3732  1.3781
2.1  2.099  2.253  1.148  1.11  1.034  1.061  1.029  1.04  2.7532  3.0846  3.2068  -7.201  -8.226  -8.764  1.3115  1.3627  1.3753
2.1225  2.121  2.305  1.092  1.056  0.982  1.01  0.978  0.988  2.6271  2.9474  3.0767  -7.231  -8.226  -8.764  0.892  0.9372  0.9401
2.15  2.149  2.377  1.021  0.987  0.914  0.942  0.911  0.92  2.7152  3.0469  3.1814  -7.279  -8.338  -8.872  1.174  1.234  1.231
2.1618  2.16  2.407  0.99  0.957  0.884  0.913  0.882  0.89  2.7387  3.0624  3.1921  -7.434  -8.411  -8.872  1.0769  1.1239  1.1307
2.2  2.199  2.525  0.887  0.856  0.783  0.812  0.781  0.789  2.6177  2.9358  3.0825  -7.434  -8.42  -8.959  0.871  0.9  0.912
2.2215  2.22  2.594  0.829  0.798  0.725  0.754  0.722  0.731  2.5836  2.8981  3.0393  -7.446  -8.42  -8.959  0.76  0.8015  0.8045
2.25  2.249  2.695  0.75  0.718  0.643  0.672  0.641  0.649  2.6507  2.9873  3.1375  -7.465  -8.234  -8.897  0.9127  0.9492  0.9618
2.2587  2.257  2.726  0.726  0.693  0.619  0.647  0.616  0.625  2.6521  2.9885  3.1386  -7.478  -8.508  -9.039  0.8601  0.8881  0.91
2.2953  2.294  2.878  0.622  0.586  0.508  0.535  0.504  0.514  2.5322  2.852  3.0071  -7.535  -8.508  -9.081  0.456  0.4954  0.4972
2.3  2.299  2.9  0.608  0.571  0.493  0.519  0.488  0.499  2.5624  2.8902  3.0518  -7.535  -8.508  -9.081  0.5021  0.5447  0.5431
2.332  2.331  3.068  0.512  0.468  0.383  0.409  0.376  0.389  2.5026  2.8204  2.9849  -7.611  -8.634  -9.201  0.3884  0.4172  0.4202
2.3701  2.369  3.301  0.395  0.339  0.246  0.267  0.233  0.251  2.4643  2.7684  2.9236  -7.724  -8.634  -9.201  0.1772  0.2146  0.2159
2.4  2.399  3.523  0.302  0.232  0.128  0.143  0.108  0.131  2.3443  2.6335  2.7933  -7.727  -8.543  -9.093  -0.0574  -0.0458  -0.0544
2.4232  2.422  3.721  0.229  0.144  0.031  0.041  0.004  0.033  2.4561  2.7037  2.8506  -7.765  -8.79  -9.317  0.1562  0.1502  0.1382
2.4457  2.445  3.948  0.159  0.055  -0.07  -0.067  -0.105  -0.069  2.414  2.6758  2.8394  -7.765  -8.79  -9.317  -0.1985  -0.1865  -0.2122
2.4695  2.469  4.219  0.087  -0.042  -0.184  -0.19  -0.229  -0.185  2.3345  2.6399  2.8135  -7.823  -8.708  -9.278  -0.267  -0.249  -0.259
2.4876  2.487  4.468  0.031  -0.122  -0.277  -0.292  -0.332  -0.28  2.1934  2.4718  2.6334  -7.859  -8.708  -9.278  -0.6306  -0.6138  -0.6255
2.5048  2.504  4.719  -0.025  -0.201  -0.37  -0.393  -0.434  -0.375  2.2173  2.4017  2.5284  -7.864  -8.846  -9.339  -0.4609  -0.6388  -0.7045
2.5181  2.518  4.894  -0.074  -0.261  -0.436  -0.464  -0.505  -0.442  2.438  2.6584  2.7997  -7.864  -8.846  -9.339  -0.3126  -0.3254  -0.3428
2.5258  2.525  4.87  -0.126  -0.288  -0.45  -0.469  -0.51  -0.454  2.41  2.6366  2.7818  -7.897  -8.897  -9.339  -0.372  -0.392  -0.415
2.5296  2.529  4.777  -0.164  -0.296  -0.442  -0.449  -0.489  -0.444  2.4171  2.6434  2.7888  -7.897  -8.897  -9.339  -0.3542  -0.3526  -0.3788
2.531  2.531  4.666  -0.191  -0.295  -0.424  -0.422  -0.46  -0.424  2.4244  2.6525  2.7984  -7.897  -8.897  -9.339  -0.3539  -0.3505  -0.3779
2.5319  2.532  4.542  -0.217  -0.293  -0.405  -0.393  -0.429  -0.402  2.4552  2.6877  2.8363  -7.897  -8.897  -9.339  -0.34  -0.3395  -0.3505
2.5323  2.532  4.443  -0.238  -0.293  -0.39  -0.37  -0.404  -0.386  2.4707  2.7058  2.8558  -7.897  -8.897  -9.339  -0.3249  -0.336  -0.35
2.5326  2.532  4.358  -0.261  -0.296  -0.379  -0.353  -0.385  -0.373  2.4959  2.7367  2.8884  -7.897  -8.897  -9.339  -0.283  -0.2778  -0.2986
2.5328  2.533  4.287  -0.283  -0.302  -0.372  -0.341  -0.371  -0.365  2.5022  2.7449  2.897  -7.897  -8.897  -9.339  -0.272  -0.2668  -0.2796
2.533  2.533  4.227  -0.292  -0.302  -0.363  -0.329  -0.356  -0.356  2.5052  2.7473  2.8973  -7.897  -8.897  -9.339  -0.2713  -0.262  -0.27
2.5331  2.533  4.216  -0.264  -0.279  -0.345  -0.312  -0.341  -0.338  2.5133  2.7537  2.8991  -7.897  -8.897  -9.339  -0.2685  -0.2569  -0.2658
2.5331  2.533  4.224  -0.226  -0.253  -0.328  -0.299  -0.33  -0.322  2.5112  2.7509  2.8954  -7.897  -8.897  -9.339  -0.2692  -0.2584  -0.267
2.5332  2.533  4.297  -0.203  -0.246  -0.336  -0.311  -0.344  -0.331  2.5071  2.7463  2.8905  -7.897  -8.897  -9.339  -0.2709  -0.2617  -0.2698
2.5333  2.533  4.479  -0.209  -0.278  -0.384  -0.369  -0.405  -0.381  2.5032  2.7419  2.8858  -7.897  -8.897  -9.339  -0.2715  -0.262  -0.27
2.5334  2.533  4.739  -0.242  -0.34  -0.466  -0.462  -0.5  -0.465  2.5013  2.74  2.8837  -7.897  -8.897  -9.339  -0.2711  -0.262  -0.27
2.5335  2.533  5.053  -0.283  -0.416  -0.563  -0.57  -0.61  -0.565  2.4963  2.7342  2.8775  -7.897  -8.897  -9.339  -0.2719  -0.262  -0.27
2.5336  2.533  5.387  -0.314  -0.485  -0.654  -0.676  -0.717  -0.659  2.4913  2.7285  2.8715  -7.897  -8.897  -9.339  -0.272  -0.2665  -0.279
2.5338  2.533  5.714  -0.331  -0.545  -0.736  -0.774  -0.817  -0.744  2.4871  2.7237  2.8664  -7.897  -8.897  -9.339  -0.2753  -0.27  -0.2911
2.5339  2.534  6.033  -0.336  -0.594  -0.809  -0.865  -0.909  -0.821  2.4919  2.7301  2.8732  -7.897  -8.897  -9.339  -0.2544  -0.2552  -0.2642
2.5341  2.534  6.369  -0.331  -0.636  -0.875  -0.95  -0.997  -0.891  2.4862  2.7232  2.8659  -7.897  -8.897  -9.339  -0.2698  -0.2596  -0.268
2.5342  2.534  6.704  -0.317  -0.669  -0.934  -1.031  -1.079  -0.955  2.4761  2.7116  2.8534  -7.897  -8.897  -9.339  -0.272  -0.2665  -0.279
2.5344  2.534  7.045  -0.297  -0.696  -0.989  -1.107  -1.157  -1.015  2.4641  2.6978  2.8384  -7.897  -8.897  -9.339  -0.283  -0.2777  -0.2986
2.5346  2.534  7.387  -0.272  -0.717  -1.038  -1.179  -1.231  -1.069  2.4542  2.687  2.8277  -7.897  -8.897  -9.339  -0.288  -0.2935  -0.3224
2.5347  2.534  7.726  -0.242  -0.732  -1.081  -1.245  -1.299  -1.117  2.4328  2.6636  2.8042  -7.897  -8.897  -9.339  -0.3209  -0.3348  -0.3494
2.5349  2.535  8.064  -0.208  -0.744  -1.119  -1.305  -1.364  -1.16  2.4287  2.6592  2.7992  -7.897  -8.897  -9.339  -0.3247  -0.3359  -0.35
2.5351  2.535  8.38  -0.166  -0.748  -1.152  -1.36  -1.422  -1.199  2.424  2.6536  2.7927  -7.897  -8.897  -9.339  -0.3358  -0.3387  -0.35
2.5352  2.535  8.683  -0.115  -0.741  -1.174  -1.407  -1.472  -1.226  2.4235  2.6529  2.7916  -7.897  -8.897  -9.339  -0.337  -0.339  -0.35
2.5355  2.535  8.955  -0.04  -0.717  -1.183  -1.443  -1.512  -1.242  2.4379  2.6687  2.8082  -7.897  -8.897  -9.339  -0.3247  -0.3359  -0.35
2.5357  2.535  9.107  0.033  -0.68  -1.17  -1.452  -1.524  -1.234  2.4393  2.671  2.8109  -7.897  -8.897  -9.339  -0.3274  -0.3366  -0.35
2.5359  2.536  9.17  0.125  -0.623  -1.139  -1.442  -1.517  -1.208  2.4373  2.6705  2.8118  -7.897  -8.897  -9.339  -0.3268  -0.3365  -0.35
2.5361  2.536  9.168  0.224  -0.556  -1.096  -1.419  -1.496  -1.169  2.4348  2.6684  2.8101  -7.897  -8.897  -9.339  -0.337  -0.339  -0.35
2.5363  2.536  9.14  0.317  -0.49  -1.05  -1.391  -1.47  -1.128  2.4314  2.6657  2.8094  -7.897  -8.897  -9.339  -0.34  -0.3395  -0.3505
2.5365  2.536  9.107  0.433  -0.406  -0.993  -1.355  -1.436  -1.076  2.4317  2.6558  2.801  -7.897  -8.897  -9.339  -0.3493  -0.34  -0.3609
2.5368  2.537  9.187  0.547  -0.333  -0.952  -1.341  -1.425  -1.041  2.4411  2.6662  2.8125  -7.897  -8.897  -9.339  -0.337  -0.339  -0.35
2.5369  2.537  9.257  0.571  -0.322  -0.951  -1.347  -1.432  -1.042  2.4425  2.6673  2.8138  -7.897  -8.897  -9.339  -0.337  -0.339  -0.35
2.5372  2.537  9.807  0.562  -0.366  -1.024  -1.443  -1.531  -1.121  2.4543  2.6789  2.8256  -7.897  -8.897  -9.339  -0.324  -0.3357  -0.35
2.5375  2.537  10.57  0.496  -0.462  -1.145  -1.582  -1.673  -1.246  2.4677  2.6907  2.8358  -7.897  -8.897  -9.339  -0.3111  -0.3305  -0.3429
2.5378  2.537  11.266  0.426  -0.553  -1.252  -1.702  -1.796  -1.356  2.4783  2.6997  2.8426  -7.897  -8.897  -9.339  -0.2945  -0.3225  -0.3325
2.5381  2.538  12.11  0.337  -0.663  -1.379  -1.842  -1.938  -1.486  2.4856  2.7127  2.8518  -7.897  -8.897  -9.339  -0.2955  -0.3227  -0.3335
2.5384  2.538  12.961  0.251  -0.768  -1.5  -1.974  -2.073  -1.61  2.4867  2.714  2.8532  -7.897  -8.897  -9.339  -0.2953  -0.3227  -0.3333
2.5387  2.538  13.844  0.165  -0.871  -1.617  -2.102  -2.203  -1.73  2.4852  2.7121  2.8513  -7.897  -8.897  -9.339  -0.3003  -0.3247  -0.3389
2.5389  2.539  14.583  0.094  -0.955  -1.712  -2.205  -2.308  -1.827  2.4862  2.7132  2.8524  -7.897  -8.897  -9.339  -0.3  -0.3245  -0.3385
2.5392  2.539  15.387  0.024  -1.04  -1.808  -2.309  -2.413  -1.925  2.4863  2.7131  2.8522  -7.897  -8.897  -9.339  -0.2997  -0.3244  -0.3382
2.5392  2.539  15.598  0.006  -1.062  -1.832  -2.335  -2.44  -1.949  2.4871  2.714  2.8531  -7.897  -8.897  -9.339  -0.2991  -0.324  -0.3374
2.5393  2.539  15.811  -0.012  -1.085  -1.858  -2.362  -2.468  -1.976  2.4867  2.7136  2.8527  -7.897  -8.897  -9.339  -0.2988  -0.3239  -0.3371
2.5396  2.539  16.949  -0.106  -1.197  -1.984  -2.499  -2.606  -2.104  2.4869  2.714  2.8533  -7.897  -8.897  -9.339  -0.2991  -0.324  -0.3374
2.5397  2.539  17.173  -0.125  -1.22  -2.009  -2.526  -2.634  -2.13  2.4872  2.7145  2.8539  -7.897  -8.897  -9.339  -0.2994  -0.3242  -0.3378
2.5399  2.54  18.145  -0.202  -1.311  -2.112  -2.635  -2.744  -2.234  2.4883  2.7157  2.8551  -7.897  -8.897  -9.339  -0.2991  -0.324  -0.3374
2.5402  2.54  19.171  -0.277  -1.402  -2.213  -2.744  -2.855  -2.337  2.4894  2.7171  2.8567  -7.897  -8.897  -9.339  -0.2985  -0.3238  -0.3368
2.5404  2.54  20.256  -0.353  -1.494  -2.315  -2.854  -2.966  -2.441  2.4899  2.7174  2.8571  -7.897  -8.897  -9.339  -0.2973  -0.3232  -0.3354
2.5407  2.54  21.427  -0.429  -1.585  -2.417  -2.963  -3.077  -2.545  2.4935  2.7219  2.8619  -7.897  -8.897  -9.339  -0.292  -0.3215  -0.33
2.5409  2.541  22.649  -0.504  -1.676  -2.519  -3.073  -3.189  -2.649  2.4968  2.7259  2.8664  -7.897  -8.897  -9.339  -0.2915  -0.3093  -0.3282
2.5412  2.541  23.931  -0.577  -1.766  -2.62  -3.182  -3.299  -2.752  2.4999  2.7295  2.871  -7.897  -8.897  -9.339  -0.289  -0.294  -0.3239
2.5414  2.541  25.285  -0.649  -1.855  -2.72  -3.29  -3.409  -2.854  2.5128  2.745  2.8906  -7.897  -8.897  -9.339  -0.287  -0.2784  -0.2988
2.5416  2.541  26.74  -0.722  -1.944  -2.821  -3.398  -3.52  -2.957  2.5212  2.7557  2.9041  -7.897  -8.897  -9.339  -0.2728  -0.2629  -0.2718
2.5418  2.542  28.22  -0.793  -2.03  -2.919  -3.499  -3.625  -3.056  2.5271  2.7632  2.9131  -7.897  -8.897  -9.339  -0.2713  -0.2578  -0.2665
2.5421  2.542  30.023  -0.873  -2.126  -3.029  -3.614  -3.745  -3.167  2.4418  2.7488  2.9196  -7.897  -8.897  -9.257  -0.288  -0.2569  -0.2589
2.5423  2.542  31.993  -0.954  -2.224  -3.14  -3.73  -3.866  -3.279  2.4412  2.7483  2.9192  -7.897  -8.897  -9.257  -0.288  -0.262  -0.264
2.5425  2.542  33.834  -1.025  -2.309  -3.237  -3.832  -3.972  -3.378  2.4415  2.7489  2.9202  -7.897  -8.897  -9.257  -0.288  -0.2617  -0.2637
2.5428  2.543  35.839  -1.097  -2.397  -3.339  -3.938  -4.084  -3.481  2.4448  2.7544  2.9276  -7.897  -8.897  -9.257  -0.283  -0.2549  -0.2567
2.5429  2.543  36.843  -1.131  -2.438  -3.387  -3.989  -4.137  -3.529  2.4469  2.7596  2.936  -7.897  -8.897  -9.257  -0.2785  -0.2532  -0.254
2.5432  2.543  34.503  -1.051  -2.341  -3.274  -3.87  -4.012  -3.415  2.4425  2.765  2.9455  -7.897  -8.897  -9.257  -0.272  -0.236  -0.238
2.5435  2.543  32.244  -0.967  -2.238  -3.155  -3.746  -3.882  -3.295  2.4391  2.7611  2.9414  -7.897  -8.897  -9.257  -0.2768  -0.2408  -0.2456
2.5438  2.544  30.259  -0.887  -2.14  -3.043  -3.628  -3.759  -3.181  2.436  2.7577  2.9379  -7.897  -8.897  -9.257  -0.2768  -0.2408  -0.2456
2.5442  2.544  28.324  -0.804  -2.039  -2.928  -3.507  -3.633  -3.065  2.432  2.7531  2.9331  -7.897  -8.897  -9.257  -0.2821  -0.2512  -0.2528
2.5447  2.544  26.379  -0.713  -1.929  -2.801  -3.375  -3.496  -2.936  2.4291  2.75  2.9299  -7.897  -8.897  -9.257  -0.283  -0.2532  -0.254
2.5451  2.545  24.584  -0.624  -1.816  -2.674  -3.237  -3.355  -2.806  2.4309  2.7527  2.9328  -7.897  -8.897  -9.257  -0.2812  -0.241  -0.2436
2.5454  2.545  23.145  -0.548  -1.721  -2.566  -3.12  -3.236  -2.696  2.4317  2.7538  2.9339  -7.897  -8.897  -9.257  -0.2776  -0.241  -0.2388
2.5458  2.546  21.815  -0.471  -1.626  -2.458  -3.004  -3.118  -2.586  2.4292  2.7508  2.9308  -7.897  -8.897  -9.257  -0.2785  -0.241  -0.24
2.5461  2.546  20.571  -0.394  -1.532  -2.352  -2.888  -3.001  -2.478  2.4265  2.7477  2.9274  -7.897  -8.897  -9.257  -0.2806  -0.241  -0.2428
2.5464  2.546  19.398  -0.316  -1.437  -2.245  -2.773  -2.883  -2.369  2.4235  2.7441  2.9234  -7.897  -8.897  -9.257  -0.283  -0.2416  -0.2464
2.5468  2.547  18.304  -0.239  -1.342  -2.137  -2.658  -2.766  -2.259  2.4214  2.7417  2.9207  -7.897  -8.897  -9.257  -0.2806  -0.241  -0.2428
2.5472  2.547  17.28  -0.161  -1.249  -2.033  -2.545  -2.651  -2.153  2.4068  2.7227  2.8966  -7.897  -8.897  -9.257  -0.2848  -0.2542  -0.2546
2.5476  2.547  16.321  -0.084  -1.156  -1.928  -2.432  -2.537  -2.046  2.3977  2.7093  2.8783  -7.897  -8.897  -9.257  -0.2925  -0.2688  -0.2712
2.5481  2.548  15.426  -0.009  -1.064  -1.826  -2.321  -2.425  -1.941  2.3831  2.691  2.8617  -7.897  -8.897  -9.293  -0.331  -0.3225  -0.3265
2.5487  2.548  14.587  0.067  -0.974  -1.724  -2.212  -2.314  -1.838  2.3647  2.6636  2.8256  -7.897  -8.897  -9.293  -0.3606  -0.3406  -0.3506
2.5495  2.549  13.72  0.15  -0.876  -1.613  -2.092  -2.191  -1.724  2.3267  2.6197  2.7786  -7.897  -8.897  -9.293  -0.3848  -0.3774  -0.3973
2.5507  2.55  12.81  0.239  -0.768  -1.491  -1.958  -2.055  -1.599  2.299  2.5859  2.7409  -7.897  -8.897  -9.293  -0.4045  -0.4079  -0.4278
2.5525  2.552  11.947  0.326  -0.661  -1.367  -1.823  -1.918  -1.473  2.2539  2.5327  2.6933  -7.897  -8.897  -9.293  -0.444  -0.455  -0.466
2.556  2.556  11.191  0.392  -0.572  -1.26  -1.7  -1.792  -1.362  2.227  2.4978  2.656  -7.897  -8.897  -9.293  -0.5944  -0.5969  -0.6171
2.5569  2.557  11.093  0.4  -0.56  -1.244  -1.682  -1.774  -1.345  2.2161  2.4843  2.6416  -7.897  -8.897  -9.293  -0.5956  -0.6056  -0.6232
2.5765  2.576  11.472  0.331  -0.63  -1.316  -1.754  -1.846  -1.417  2.324  2.6186  2.779  -7.973  -8.89  -9.297  -0.0201  0.0104  0.0113
2.6  2.6  11.936  0.245  -0.716  -1.402  -1.84  -1.932  -1.503  2.4714  2.7852  2.9624  -7.973  -8.89  -9.297  -0.0233  0.036  0.0167
2.6196  2.62  12.361  0.169  -0.792  -1.479  -1.917  -2.01  -1.58  2.4504  2.7128  2.8682  -7.991  -8.891  -9.195  -0.3808  -0.3611  -0.3702
2.6528  2.653  13.224  0.036  -0.929  -1.619  -2.059  -2.152  -1.721  2.2266  2.4284  2.565  -7.991  -8.93  -9.254  -0.8131  -0.8046  -0.9047
2.6827  2.683  14.124  -0.082  -1.054  -1.751  -2.196  -2.29  -1.854  2.4631  2.7546  2.913  -7.902  -8.93  -9.316  -0.2555  -0.2288  -0.2315
2.6881  2.688  14.314  -0.103  -1.077  -1.775  -2.221  -2.315  -1.878  2.4866  2.7793  2.9377  -7.902  -8.93  -9.316  -0.2519  -0.2238  -0.2311
2.7049  2.705  15.047  -0.168  -1.156  -1.865  -2.32  -2.416  -1.97  2.5243  2.887  3.0708  -7.808  -8.879  -9.316  -0.2402  -0.191  -0.1925
2.7206  2.721  16.19  -0.247  -1.26  -1.99  -2.46  -2.558  -2.099  2.3276  2.4908  2.6205  -8.23  -9.221  -9.568  -0.8405  -0.9515  -1.0071
2.7251  2.725  17.024  -0.297  -1.329  -2.073  -2.554  -2.654  -2.185  2.3143  2.4664  2.5975  -8.23  -9.221  -9.568  -0.8686  -1.0483  -1.1381
2.7265  2.727  18.224  -0.369  -1.425  -2.188  -2.682  -2.785  -2.303  2.3015  2.4489  2.578  -8.23  -9.221  -9.568  -0.9599  -1.1776  -1.2738
2.727  2.727  19.456  -0.444  -1.523  -2.302  -2.808  -2.913  -2.42  2.2973  2.4431  2.5715  -8.23  -9.221  -9.568  -0.9838  -1.2018  -1.3244
2.7272  2.727  20.718  -0.52  -1.62  -2.413  -2.93  -3.038  -2.534  2.2928  2.437  2.5646  -8.23  -9.221  -9.568  -1.0137  -1.2148  -1.3441
2.7273  2.728  21.725  -0.577  -1.692  -2.497  -3.021  -3.131  -2.62  2.2926  2.4366  2.564  -8.23  -9.221  -9.568  -1.0116  -1.2143  -1.3418
2.7273  2.728  21.865  -0.584  -1.702  -2.508  -3.033  -3.143  -2.631  2.2926  2.4366  2.564  -8.23  -9.221  -9.568  -1.0116  -1.2143  -1.3418
2.7273  2.728  22.869  -0.64  -1.772  -2.588  -3.12  -3.232  -2.713  2.2917  2.4352  2.5625  -8.23  -9.221  -9.568  -1.0095  -1.2138  -1.3395
2.7274  2.728  24.113  -0.707  -1.856  -2.684  -3.224  -3.338  -2.811  2.2913  2.4347  2.5618  -8.23  -9.221  -9.568  -1.0053  -1.2127  -1.3349
2.7275  2.728  25.238  -0.767  -1.929  -2.766  -3.314  -3.429  -2.895  2.2933  2.4373  2.5646  -8.23  -9.221  -9.568  -0.9686  -1.1926  -1.3208
2.7278  2.728  24.618  -0.734  -1.889  -2.721  -3.264  -3.378  -2.848  2.2907  2.4335  2.5604  -8.23  -9.221  -9.568  -0.999  -1.211  -1.328
2.7294  2.73  23.332  -0.667  -1.805  -2.625  -3.16  -3.273  -2.75  2.2789  2.4175  2.5419  -8.23  -9.221  -9.568  -0.999  -1.211  -1.328
2.7309  2.731  24.777  -0.742  -1.899  -2.732  -3.277  -3.392  -2.86  2.2826  2.4243  2.5494  -8.23  -9.221  -9.568  -0.8815  -1.111  -1.2391
2.7319  2.732  26.641  -0.832  -2.013  -2.863  -3.419  -3.536  -2.994  2.2873  2.4296  2.5549  -8.23  -9.221  -9.568  -0.8424  -1.0582  -1.1651
2.7328  2.733  28.566  -0.918  -2.121  -2.986  -3.551  -3.672  -3.119  2.2858  2.4281  2.5532  -8.23  -9.221  -9.568  -0.8416  -1.0558  -1.1634
2.7336  2.734  30.553  -1.003  -2.223  -3.103  -3.674  -3.8  -3.237  2.2885  2.432  2.5576  -8.23  -9.221  -9.568  -0.7959  -1.0447  -1.1558
2.7342  2.734  32.859  -1.072  -2.321  -3.223  -3.804  -3.937  -3.36  2.2831  2.4251  2.5502  -8.23  -9.221  -9.568  -0.8614  -1.1017  -1.2072
2.7348  2.735  35.372  -1.143  -2.418  -3.342  -3.933  -4.072  -3.482  2.2792  2.42  2.5447  -8.23  -9.221  -9.568  -0.9331  -1.1315  -1.2586
2.7353  2.735  37.727  -1.223  -2.517  -3.457  -4.052  -4.198  -3.598  2.2805  2.4217  2.5466  -8.23  -9.221  -9.568  -0.937  -1.133  -1.2645
2.7358  2.736  40.463  -1.292  -2.611  -3.571  -4.177  -4.33  -3.714  2.2708  2.4083  2.532  -8.23  -9.221  -9.568  -1.055  -1.283  -1.4035
2.7362  2.736  43.138  -1.369  -2.705  -3.681  -4.293  -4.451  -3.826  2.2681  2.4046  2.5278  -8.23  -9.221  -9.568  -1.1228  -1.3388  -1.467
2.7365  2.736  45.915  -1.446  -2.799  -3.791  -4.407  -4.573  -3.937  2.2686  2.4051  2.528  -8.23  -9.221  -9.568  -1.1254  -1.3504  -1.469
2.7369  2.736  48.95  -1.522  -2.893  -3.9  -4.523  -4.695  -4.048  2.2614  2.3942  2.5122  -8.23  -9.221  -9.568  -1.1364  -1.3914  -1.5429
2.7372  2.736  52.15  -1.591  -2.989  -4.013  -4.645  -4.821  -4.163  2.2591  2.3892  2.5039  -8.23  -9.221  -9.568  -1.1202  -1.4082  -1.5552
2.7375  2.736  55.623  -1.658  -3.085  -4.126  -4.767  -4.949  -4.278  2.2724  2.3894  2.5005  -8.23  -9.221  -9.568  -1.041  -1.3683  -1.5864
2.7377  2.736  59.327  -1.725  -3.182  -4.239  -4.89  -5.076  -4.394  2.2707  2.3872  2.4979  -8.23  -9.221  -9.568  -1.041  -1.3652  -1.5762
2.738  2.737  63.307  -1.788  -3.278  -4.353  -5.014  -5.205  -4.511  2.2704  2.3866  2.4972  -8.23  -9.221  -9.568  -0.965  -1.3069  -1.5489
2.7382  2.737  67.664  -1.851  -3.375  -4.468  -5.139  -5.336  -4.628  2.2694  2.3851  2.4954  -8.23  -9.221  -9.568  -0.9605  -1.3026  -1.5451
2.7384  2.736  72.353  -1.913  -3.472  -4.585  -5.267  -5.469  -4.748  2.2703  2.3867  2.4971  -8.23  -9.221  -9.568  -0.95  -1.276  -1.489
2.7386  2.736  77.527  -1.967  -3.571  -4.705  -5.397  -5.605  -4.871  2.2694  2.3855  2.4958  -8.23  -9.221  -9.568  -0.9462  -1.2733  -1.4876
2.7388  2.736  83.302  -2.023  -3.672  -4.828  -5.53  -5.745  -4.996  2.2636  2.3782  2.4878  -8.23  -9.221  -9.568  -0.9582  -1.297  -1.5332
2.7391  2.736  89.692  -2.073  -3.776  -4.956  -5.67  -5.891  -5.127  2.2626  2.3769  2.4864  -8.23  -9.221  -9.568  -0.9577  -1.2956  -1.5303
2.7393  2.735  96.773  -2.117  -3.882  -5.088  -5.813  -6.042  -5.262  2.2641  2.3792  2.4889  -8.23  -9.221  -9.568  -0.931  -1.2625  -1.482
2.7395  2.734  103.551  -2.147  -3.972  -5.203  -5.938  -6.173  -5.38  2.2618  2.3764  2.4858  -8.23  -9.221  -9.568  -0.9234  -1.2571  -1.4792
2.7396  2.734  107.116  -2.155  -4.017  -5.262  -6.001  -6.24  -5.44  2.2617  2.3762  2.4856  -8.23  -9.221  -9.568  -0.9196  -1.2544  -1.4778
2.7397  2.734  110.269  -2.162  -4.055  -5.313  -6.056  -6.297  -5.492  2.267  2.3835  2.4936  -8.23  -9.221  -9.568  -0.7722  -1.1305  -1.3625
2.7397  2.733  114.197  -2.171  -4.102  -5.373  -6.121  -6.366  -5.553  2.266  2.3823  2.4922  -8.23  -9.221  -9.568  -0.7713  -1.129  -1.3602
2.7398  2.733  119.469  -2.182  -4.16  -5.45  -6.204  -6.454  -5.632  2.2655  2.3813  2.491  -8.23  -9.221  -9.568  -0.7694  -1.126  -1.3556
2.7398  2.733  126.315  -2.174  -4.229  -5.548  -6.309  -6.564  -5.732  2.2634  2.3788  2.4884  -8.23  -9.221  -9.568  -0.8244  -1.168  -1.3956
2.7399  2.732  134.851  -2.16  -4.308  -5.66  -6.43  -6.692  -5.846  2.263  2.3782  2.4876  -8.23  -9.221  -9.568  -0.8205  -1.1655  -1.3938
2.74  2.732  144.562  -2.128  -4.385  -5.778  -6.557  -6.826  -5.967  2.2621  2.3771  2.4864  -8.23  -9.221  -9.568  -0.8165  -1.163  -1.392
2.7401  2.731  154.225  -2.082  -4.453  -5.889  -6.676  -6.953  -6.08  2.2621  2.3771  2.4864  -8.23  -9.221  -9.568  -0.8165  -1.163  -1.392
2.7401  2.73  159.755  -2.054  -4.49  -5.949  -6.741  -7.022  -6.141  2.2635  2.3791  2.4886  -8.23  -9.221  -9.568  -0.7685  -1.1245  -1.3533
2.7401  2.73  157.708  -2.063  -4.476  -5.927  -6.718  -6.997  -6.119  2.2635  2.3791  2.4886  -8.23  -9.221  -9.568  -0.7685  -1.1245  -1.3533
2.7401  2.73  159.498  -2.055  -4.488  -5.946  -6.738  -7.018  -6.138  2.2653  2.3816  2.4913  -8.23  -9.221  -9.568  -0.7316  -1.1044  -1.3104
2.7401  2.73  162.164  -2.041  -4.504  -5.975  -6.768  -7.051  -6.167  2.2653  2.3816  2.4913  -8.23  -9.221  -9.568  -0.7316  -1.1044  -1.3104
2.7401  2.729  165.141  -2.018  -4.519  -6.005  -6.801  -7.085  -6.198  2.2653  2.3816  2.4913  -8.23  -9.221  -9.568  -0.7316  -1.1044  -1.3104
2.7402  2.729  168.25  -1.993  -4.534  -6.038  -6.834  -7.121  -6.231  2.2653  2.3816  2.4913  -8.23  -9.221  -9.568  -0.7316  -1.1044  -1.3104
2.7402  2.729  171.496  -1.966  -4.551  -6.072  -6.871  -7.16  -6.266  2.2653  2.3816  2.4913  -8.23  -9.221  -9.568  -0.7316  -1.1044  -1.3104
2.7402  2.729  175.289  -1.936  -4.569  -6.109  -6.911  -7.202  -6.304  2.2645  2.3805  2.4902  -8.23  -9.221  -9.568  -0.7283  -1.104  -1.3082
2.7402  2.729  184.993  -1.861  -4.613  -6.2  -7.008  -7.306  -6.397  2.2645  2.3805  2.4902  -8.23  -9.221  -9.568  -0.7283  -1.104  -1.3082
2.7402  2.728  160.013  -2.051  -4.49  -5.951  -6.743  -7.024  -6.143  2.2645  2.3805  2.4902  -8.23  -9.221  -9.568  -0.7283  -1.104  -1.3082
2.7402  2.728  161.122  -2.045  -4.497  -5.962  -6.755  -7.037  -6.154  2.2645  2.3805  2.4902  -8.23  -9.221  -9.568  -0.7283  -1.104  -1.3082
2.7402  2.728  170.63  -1.959  -4.54  -6.059  -6.858  -7.147  -6.253  2.2645  2.3805  2.4902  -8.23  -9.221  -9.568  -0.7283  -1.104  -1.3082
2.7402  2.728  171.892  -1.945  -4.546  -6.073  -6.873  -7.163  -6.267  2.2645  2.3805  2.4902  -8.23  -9.221  -9.568  -0.7283  -1.104  -1.3082
2.7402  2.728  167.94  -1.985  -4.529  -6.033  -6.83  -7.117  -6.227  2.2645  2.3805  2.4902  -8.23  -9.221  -9.568  -0.7283  -1.104  -1.3082
2.7402  2.728  161.122  -2.045  -4.498  -5.963  -6.756  -7.038  -6.155  2.2645  2.3805  2.4902  -8.23  -9.221  -9.568  -0.7283  -1.104  -1.3082
2.7402  2.728  160.013  -2.052  -4.49  -5.951  -6.743  -7.024  -6.143  2.2645  2.3805  2.4902  -8.23  -9.221  -9.568  -0.7283  -1.104  -1.3082
2.7402  2.728  162.763  -2.034  -4.506  -5.98  -6.774  -7.057  -6.173  2.2645  2.3805  2.4902  -8.23  -9.221  -9.568  -0.7283  -1.104  -1.3082
2.7402  2.728  165.293  -2.012  -4.518  -6.006  -6.802  -7.086  -6.199  2.2645  2.3805  2.4902  -8.23  -9.221  -9.568  -0.7283  -1.104  -1.3082
2.7402  2.728  163.552  -2.028  -4.511  -5.989  -6.784  -7.067  -6.182  2.2645  2.3805  2.4902  -8.23  -9.221  -9.568  -0.7283  -1.104  -1.3082
2.7402  2.728  161.382  -2.045  -4.5  -5.967  -6.76  -7.042  -6.159  2.2645  2.3805  2.4902  -8.23  -9.221  -9.568  -0.7283  -1.104  -1.3082
2.7402  2.728  161.122  -2.047  -4.499  -5.964  -6.757  -7.039  -6.156  2.2645  2.3805  2.4902  -8.23  -9.221  -9.568  -0.7283  -1.104  -1.3082
2.7402  2.728  160.53  -2.051  -4.495  -5.957  -6.749  -7.031  -6.149  2.2645  2.3805  2.4902  -8.23  -9.221  -9.568  -0.7283  -1.104  -1.3082
2.7402  2.728  160.604  -2.049  -4.495  -5.958  -6.751  -7.032  -6.15  2.2645  2.3805  2.4902  -8.23  -9.221  -9.568  -0.7283  -1.104  -1.3082
2.7402  2.728  161.196  -2.045  -4.498  -5.964  -6.758  -7.039  -6.157  2.2645  2.3805  2.4902  -8.23  -9.221  -9.568  -0.7283  -1.104  -1.3082
2.7402  2.728  161.717  -2.04  -4.5  -5.968  -6.762  -7.044  -6.161  2.2645  2.3805  2.4902  -8.23  -9.221  -9.568  -0.7283  -1.104  -1.3082
2.7402  2.728  162.127  -2.033  -4.501  -5.973  -6.767  -7.049  -6.166  2.2645  2.3805  2.4902  -8.23  -9.221  -9.568  -0.7283  -1.104  -1.3082
2.7402  2.728  168.832  -1.976  -4.533  -6.043  -6.841  -7.128  -6.237  2.2645  2.3805  2.4902  -8.23  -9.221  -9.568  -0.7283  -1.104  -1.3082
2.7402  2.728  173.762  -1.938  -4.557  -6.093  -6.894  -7.184  -6.288  2.2645  2.3805  2.4902  -8.23  -9.221  -9.568  -0.7283  -1.104  -1.3082
2.7402  2.728  176.952  -1.915  -4.572  -6.122  -6.925  -7.218  -6.317  2.2645  2.3805  2.4902  -8.23  -9.221  -9.568  -0.7283  -1.104  -1.3082
2.7403  2.728  184.567  -1.855  -4.607  -6.195  -7.003  -7.301  -6.392  2.2645  2.3805  2.4902  -8.23  -9.221  -9.568  -0.7283  -1.104  -1.3082
2.7403  2.727  196.451  -1.744  -4.643  -6.303  -7.116  -7.422  -6.501  2.263  2.3784  2.4879  -8.23  -9.221  -9.568  -0.7675  -1.123  -1.351
2.7403  2.727  205.095  -1.662  -4.664  -6.376  -7.192  -7.504  -6.575  2.263  2.3784  2.4879  -8.23  -9.221  -9.568  -0.7675  -1.123  -1.351
2.7403  2.726  212.988  -1.585  -4.683  -6.442  -7.262  -7.579  -6.642  2.263  2.3784  2.4879  -8.23  -9.221  -9.568  -0.7675  -1.123  -1.351
2.7403  2.726  213.774  -1.575  -4.684  -6.448  -7.269  -7.586  -6.648  2.263  2.3784  2.4879  -8.23  -9.221  -9.568  -0.7675  -1.123  -1.351
2.7403  2.726  205.473  -1.643  -4.66  -6.379  -7.196  -7.509  -6.578  2.263  2.3784  2.4879  -8.23  -9.221  -9.568  -0.7675  -1.123  -1.351
2.7403  2.726  200.058  -1.687  -4.643  -6.331  -7.147  -7.456  -6.53  2.263  2.3784  2.4879  -8.23  -9.221  -9.568  -0.7675  -1.123  -1.351
2.7403  2.726  208.908  -1.615  -4.67  -6.408  -7.227  -7.541  -6.607  2.263  2.3784  2.4879  -8.23  -9.221  -9.568  -0.7675  -1.123  -1.351
2.7403  2.726  211.961  -1.591  -4.678  -6.432  -7.252  -7.568  -6.632  2.263  2.3784  2.4879  -8.23  -9.221  -9.568  -0.7675  -1.123  -1.351
2.7403  2.726  214.218  -1.571  -4.684  -6.45  -7.271  -7.589  -6.65  2.263  2.3784  2.4879  -8.23  -9.221  -9.568  -0.7675  -1.123  -1.351
2.7403  2.726  208.716  -1.623  -4.671  -6.405  -7.223  -7.538  -6.604  2.263  2.3784  2.4879  -8.23  -9.221  -9.568  -0.7675  -1.123  -1.351
2.7403  2.726  180.865  -1.883  -4.591  -6.162  -6.967  -7.263  -6.358  2.263  2.3784  2.4879  -8.23  -9.221  -9.568  -0.7675  -1.123  -1.351
2.7403  2.726  217.498  -1.515  -4.676  -6.474  -7.297  -7.617  -6.675  2.263  2.3784  2.4879  -8.23  -9.221  -9.568  -0.7675  -1.123  -1.351
2.7403  2.726  224.468  -1.408  -4.665  -6.526  -7.351  -7.677  -6.727  2.263  2.3784  2.4879  -8.23  -9.221  -9.568  -0.7675  -1.123  -1.351
2.7403  2.726  175.896  -1.917  -4.566  -6.113  -6.915  -7.208  -6.308  2.263  2.3784  2.4879  -8.23  -9.221  -9.568  -0.7675  -1.123  -1.351
2.7403  2.726  166.784  -1.993  -4.523  -6.021  -6.818  -7.104  -6.215  2.263  2.3784  2.4879  -8.23  -9.221  -9.568  -0.7675  -1.123  -1.351
2.7403  2.726  163.251  -2.021  -4.505  -5.984  -6.778  -7.062  -6.177  2.263  2.3784  2.4879  -8.23  -9.221  -9.568  -0.7675  -1.123  -1.351
2.7403  2.726  165.179  -2.006  -4.516  -6.005  -6.801  -7.086  -6.198  2.263  2.3784  2.4879  -8.23  -9.221  -9.568  -0.7675  -1.123  -1.351
2.7403  2.726  167.13  -1.991  -4.526  -6.026  -6.823  -7.109  -6.22  2.263  2.3784  2.4879  -8.23  -9.221  -9.568  -0.7675  -1.123  -1.351
2.7403  2.725  176.017  -1.923  -4.57  -6.116  -6.918  -7.21  -6.311  2.2604  2.3751  2.4843  -8.23  -9.221  -9.568  -0.8126  -1.1605  -1.3902
2.7403  2.725  180.117  -1.897  -4.59  -6.155  -6.959  -7.254  -6.35  2.2604  2.3751  2.4843  -8.23  -9.221  -9.568  -0.8126  -1.1605  -1.3902
2.7403  2.725  178.096  -1.909  -4.58  -6.136  -6.939  -7.233  -6.331  2.2604  2.3751  2.4843  -8.23  -9.221  -9.568  -0.8126  -1.1605  -1.3902
2.7403  2.725  191.582  -1.792  -4.63  -6.259  -7.07  -7.373  -6.456  2.2604  2.3751  2.4843  -8.23  -9.221  -9.568  -0.8126  -1.1605  -1.3902
2.7404  2.724  217.348  -1.54  -4.687  -6.475  -7.297  -7.616  -6.675  2.2604  2.3751  2.4843  -8.23  -9.221  -9.568  -0.8126  -1.1605  -1.3902
2.7404  2.722  235.752  -1.319  -4.683  -6.614  -7.441  -7.773  -6.816  2.2604  2.3751  2.4843  -8.23  -9.221  -9.568  -0.8126  -1.1605  -1.3902
2.7404  2.722  235.752  -1.319  -4.683  -6.614  -7.441  -7.773  -6.816  2.2604  2.3751  2.4843  -8.23  -9.221  -9.568  -0.8126  -1.1605  -1.3902
2.7404  2.722  202.514  -1.719  -4.672  -6.359  -7.173  -7.483  -6.557  2.2604  2.3751  2.4843  -8.23  -9.221  -9.568  -0.8126  -1.1605  -1.3902
2.7404  2.722  152.917  -2.11  -4.453  -5.878  -6.663  -6.938  -6.068  2.2604  2.3751  2.4843  -8.23  -9.221  -9.568  -0.8126  -1.1605  -1.3902
2.7404  2.722  129.824  -2.205  -4.278  -5.603  -6.365  -6.622  -5.787  2.2604  2.3751  2.4843  -8.23  -9.221  -9.568  -0.8126  -1.1605  -1.3902
2.7404  2.722  138.247  -2.181  -4.348  -5.708  -6.479  -6.743  -5.895  2.2604  2.3751  2.4843  -8.23  -9.221  -9.568  -0.8126  -1.1605  -1.3902
2.7404  2.722  162.725  -2.051  -4.513  -5.983  -6.776  -7.059  -6.175  2.2596  2.3742  2.4832  -8.23  -9.221  -9.568  -0.8086  -1.158  -1.3884
2.7404  2.721  192.777  -1.8  -4.642  -6.272  -7.083  -7.386  -6.469  2.257  2.3707  2.4795  -8.23  -9.221  -9.568  -0.8623  -1.1999  -1.4278
2.7404  2.721  217.098  -1.571  -4.701  -6.477  -7.299  -7.617  -6.677  2.257  2.3707  2.4795  -8.23  -9.221  -9.568  -0.8623  -1.1999  -1.4278
2.7404  2.72  230.81  -1.413  -4.701  -6.582  -7.407  -7.734  -6.783  2.257  2.3707  2.4795  -8.23  -9.221  -9.568  -0.8623  -1.1999  -1.4278
2.7404  2.72  235.752  -1.35  -4.699  -6.619  -7.446  -7.777  -6.821  2.257  2.3707  2.4795  -8.23  -9.221  -9.568  -0.8623  -1.1999  -1.4278
2.7404  2.719  238.372  -1.284  -4.681  -6.633  -7.461  -7.795  -6.835  2.257  2.3707  2.4795  -8.23  -9.221  -9.568  -0.8623  -1.1999  -1.4278
2.7404  2.719  253.312  -1.146  -4.686  -6.738  -7.571  -7.913  -6.941  2.257  2.3707  2.4795  -8.23  -9.221  -9.568  -0.8623  -1.1999  -1.4278
2.7404  2.719  205.331  -1.662  -4.666  -6.379  -7.196  -7.508  -6.578  2.257  2.3707  2.4795  -8.23  -9.221  -9.568  -0.8623  -1.1999  -1.4278
2.7404  2.719  156.623  -2.068  -4.468  -5.914  -6.703  -6.982  -6.105  2.257  2.3707  2.4795  -8.23  -9.221  -9.568  -0.8623  -1.1999  -1.4278
2.7405  2.719  133.062  -2.18  -4.298  -5.64  -6.406  -6.667  -5.825  2.257  2.3707  2.4795  -8.23  -9.221  -9.568  -0.8623  -1.1999  -1.4278
2.7405  2.718  141.858  -2.153  -4.37  -5.747  -6.524  -6.791  -5.935  2.257  2.3707  2.4795  -8.23  -9.221  -9.568  -0.8623  -1.1999  -1.4278
2.7405  2.718  166.9  -2.003  -4.529  -6.024  -6.821  -7.107  -6.218  2.257  2.3707  2.4795  -8.23  -9.221  -9.568  -0.8623  -1.1999  -1.4278
2.7405  2.717  197.859  -1.744  -4.652  -6.316  -7.129  -7.435  -6.514  2.257  2.3707  2.4795  -8.23  -9.221  -9.568  -0.8623  -1.1999  -1.4278
2.7405  2.717  223.077  -1.505  -4.703  -6.523  -7.346  -7.669  -6.724  2.257  2.3707  2.4795  -8.23  -9.221  -9.568  -0.8623  -1.1999  -1.4278
2.7405  2.716  237.714  -1.351  -4.708  -6.633  -7.459  -7.791  -6.834  2.257  2.3707  2.4795  -8.23  -9.221  -9.568  -0.8623  -1.1999  -1.4278
2.7405  2.715  243.644  -1.291  -4.711  -6.677  -7.506  -7.841  -6.879  2.2583  2.3727  2.4817  -8.23  -9.221  -9.568  -0.817  -1.158  -1.3884
2.7405  2.714  249.089  -1.143  -4.665  -6.705  -7.537  -7.878  -6.908  2.2583  2.3727  2.4817  -8.23  -9.221  -9.568  -0.817  -1.158  -1.3884
2.7405  2.714  264.945  -1.043  -4.684  -6.819  -7.654  -8.002  -7.023  2.2583  2.3727  2.4817  -8.23  -9.221  -9.568  -0.817  -1.158  -1.3884
2.7405  2.714  214.761  -1.612  -4.706  -6.462  -7.281  -7.598  -6.661  2.2583  2.3727  2.4817  -8.23  -9.221  -9.568  -0.817  -1.158  -1.3884
2.7405  2.714  164.08  -2.052  -4.525  -5.999  -6.793  -7.076  -6.192  2.2583  2.3727  2.4817  -8.23  -9.221  -9.568  -0.817  -1.158  -1.3884
2.7405  2.713  139.462  -2.187  -4.361  -5.723  -6.495  -6.76  -5.91  2.2583  2.3727  2.4817  -8.23  -9.221  -9.568  -0.817  -1.158  -1.3884
2.7405  2.713  148.681  -2.139  -4.427  -5.832  -6.612  -6.884  -6.021  2.2585  2.3731  2.4822  -8.23  -9.221  -9.568  -0.8203  -1.1605  -1.3902
2.7405  2.712  174.725  -1.962  -4.574  -6.107  -6.906  -7.197  -6.301  2.2585  2.3731  2.4822  -8.23  -9.221  -9.568  -0.8203  -1.1605  -1.3902
2.7405  2.712  206.422  -1.68  -4.682  -6.393  -7.209  -7.521  -6.592  2.2585  2.3731  2.4822  -8.23  -9.221  -9.568  -0.8203  -1.1605  -1.3902
2.7406  2.711  232.464  -1.407  -4.708  -6.597  -7.421  -7.75  -6.798  2.2585  2.3731  2.4822  -8.23  -9.221  -9.568  -0.8203  -1.1605  -1.3902
2.7406  2.71  247.66  -1.241  -4.707  -6.703  -7.533  -7.871  -6.905  2.2585  2.3731  2.4822  -8.23  -9.221  -9.568  -0.8203  -1.1605  -1.3902
2.7406  2.708  254.071  -1.155  -4.695  -6.746  -7.579  -7.921  -6.949  2.2583  2.3728  2.4818  -8.23  -9.221  -9.568  -0.817  -1.158  -1.3884
2.7406  2.707  259.57  -0.981  -4.629  -6.773  -7.609  -7.957  -6.977  2.2583  2.3728  2.4818  -8.23  -9.221  -9.568  -0.817  -1.158  -1.3884
2.7406  2.707  279.033  -0.833  -4.637  -6.905  -7.743  -8.1  -7.11  2.2583  2.3728  2.4818  -8.23  -9.221  -9.568  -0.817  -1.158  -1.3884
2.7406  2.707  226.441  -1.465  -4.703  -6.549  -7.373  -7.698  -6.75  2.2583  2.3728  2.4818  -8.23  -9.221  -9.568  -0.817  -1.158  -1.3884
2.7406  2.707  173.203  -1.965  -4.564  -6.091  -6.89  -7.18  -6.285  2.2583  2.3728  2.4818  -8.23  -9.221  -9.568  -0.817  -1.158  -1.3884
2.7406  2.706  146.911  -2.141  -4.413  -5.811  -6.591  -6.861  -6.0  2.2583  2.3728  2.4818  -8.23  -9.221  -9.568  -0.817  -1.158  -1.3884
2.7406  2.706  156.695  -2.085  -4.475  -5.918  -6.706  -6.985  -6.109  2.2583  2.3728  2.4818  -8.23  -9.221  -9.568  -0.817  -1.158  -1.3884
2.7406  2.705  183.635  -1.876  -4.609  -6.188  -6.995  -7.292  -6.384  2.2583  2.3728  2.4818  -8.23  -9.221  -9.568  -0.817  -1.158  -1.3884
2.7406  2.704  216.249  -1.57  -4.695  -6.468  -7.289  -7.608  -6.668  2.2583  2.3728  2.4818  -8.23  -9.221  -9.568  -0.817  -1.158  -1.3884
2.7406  2.703  242.58  -1.266  -4.694  -6.666  -7.495  -7.83  -6.868  2.2583  2.3728  2.4818  -8.23  -9.221  -9.568  -0.817  -1.158  -1.3884
2.7407  2.702  257.605  -1.073  -4.668  -6.767  -7.601  -7.946  -6.971  2.2583  2.3728  2.4818  -8.23  -9.221  -9.568  -0.817  -1.158  -1.3884
2.7407  2.7  263.97  -0.982  -4.65  -6.807  -7.644  -7.993  -7.011  2.2583  2.3728  2.4818  -8.23  -9.221  -9.568  -0.817  -1.158  -1.3884
2.7407  2.698  269.064  -0.838  -4.596  -6.832  -7.67  -8.024  -7.037  2.2583  2.3728  2.4818  -8.23  -9.221  -9.568  -0.817  -1.158  -1.3884
2.7407  2.698  292.52  -0.624  -4.577  -6.981  -7.823  -8.189  -7.187  2.2583  2.3728  2.4818  -8.23  -9.221  -9.568  -0.817  -1.158  -1.3884
2.7407  2.698  237.55  -1.305  -4.686  -6.628  -7.455  -7.788  -6.83  2.2583  2.3728  2.4818  -8.23  -9.221  -9.568  -0.817  -1.158  -1.3884
2.7407  2.698  182.119  -1.872  -4.596  -6.172  -6.978  -7.275  -6.368  2.2583  2.3728  2.4818  -8.23  -9.221  -9.568  -0.817  -1.158  -1.3884
2.7407  2.697  154.403  -2.085  -4.455  -5.89  -6.677  -6.954  -6.081  2.2583  2.3728  2.4818  -8.23  -9.221  -9.568  -0.817  -1.158  -1.3884
2.7407  2.697  164.496  -2.017  -4.514  -5.997  -6.793  -7.077  -6.19  2.2583  2.3728  2.4818  -8.23  -9.221  -9.568  -0.817  -1.158  -1.3884
2.7407  2.696  192.156  -1.772  -4.627  -6.263  -7.075  -7.379  -6.461  2.2583  2.3728  2.4818  -8.23  -9.221  -9.568  -0.817  -1.158  -1.3884
2.7407  2.695  225.401  -1.427  -4.679  -6.536  -7.361  -7.687  -6.737  2.2583  2.3728  2.4818  -8.23  -9.221  -9.568  -0.817  -1.158  -1.3884
2.7407  2.693  252.322  -1.105  -4.661  -6.727  -7.56  -7.903  -6.93  2.2576  2.3719  2.4808  -8.23  -9.221  -9.568  -0.8137  -1.1555  -1.3866
2.7407  2.691  267.211  -0.898  -4.621  -6.825  -7.663  -8.014  -7.03  2.2576  2.3719  2.4808  -8.23  -9.221  -9.568  -0.8137  -1.1555  -1.3866
2.7408  2.689  273.814  -0.807  -4.601  -6.865  -7.704  -8.06  -7.07  2.2576  2.3719  2.4808  -8.23  -9.221  -9.568  -0.8137  -1.1555  -1.3866
2.7408  2.687  278.007  -0.696  -4.562  -6.886  -7.727  -8.086  -7.091  2.2576  2.3719  2.4808  -8.23  -9.221  -9.568  -0.8137  -1.1555  -1.3866
2.7408  2.687  306.306  -0.416  -4.507  -7.054  -7.9  -8.275  -7.261  2.2576  2.3719  2.4808  -8.23  -9.221  -9.568  -0.8137  -1.1555  -1.3866
2.7408  2.687  248.917  -1.128  -4.657  -6.703  -7.535  -7.876  -6.906  2.2576  2.3719  2.4808  -8.23  -9.221  -9.568  -0.8137  -1.1555  -1.3866
2.7408  2.687  191.054  -1.762  -4.615  -6.252  -7.064  -7.367  -6.45  2.2576  2.3719  2.4808  -8.23  -9.221  -9.568  -0.8137  -1.1555  -1.3866
2.7408  2.686  161.754  -2.024  -4.494  -5.967  -6.761  -7.044  -6.16  2.2576  2.3719  2.4808  -8.23  -9.221  -9.568  -0.8137  -1.1555  -1.3866
2.7408  2.685  172.129  -1.93  -4.542  -6.074  -6.875  -7.165  -6.269  2.2576  2.3719  2.4808  -8.23  -9.221  -9.568  -0.8137  -1.1555  -1.3866
2.7408  2.684  200.519  -1.663  -4.637  -6.335  -7.151  -7.461  -6.534  2.2576  2.3719  2.4808  -8.23  -9.221  -9.568  -0.8137  -1.1555  -1.3866
2.7408  2.683  234.453  -1.289  -4.663  -6.6  -7.427  -7.76  -6.802  2.2576  2.3719  2.4808  -8.23  -9.221  -9.568  -0.8137  -1.1555  -1.3866
2.7408  2.681  261.309  -0.94  -4.616  -6.782  -7.619  -7.968  -6.986  2.2576  2.3719  2.4808  -8.23  -9.221  -9.568  -0.8137  -1.1555  -1.3866
2.7408  2.679  276.156  -0.738  -4.577  -6.877  -7.717  -8.075  -7.082  2.2576  2.3719  2.4808  -8.23  -9.221  -9.568  -0.8137  -1.1555  -1.3866
2.7409  2.677  282.524  -0.654  -4.557  -6.914  -7.755  -8.118  -7.119  2.2576  2.3719  2.4808  -8.23  -9.221  -9.568  -0.8137  -1.1555  -1.3866
2.7409  2.674  285.993  -0.576  -4.526  -6.932  -7.775  -8.14  -7.138  2.2576  2.3719  2.4808  -8.23  -9.221  -9.568  -0.8137  -1.1555  -1.3866
2.7409  2.674  318.9  -0.228  -4.443  -7.116  -7.967  -8.35  -7.324  2.2576  2.3719  2.4808  -8.23  -9.221  -9.568  -0.8137  -1.1555  -1.3866
2.7409  2.673  259.033  -0.95  -4.612  -6.767  -7.604  -7.952  -6.971  2.2576  2.3719  2.4808  -8.23  -9.221  -9.568  -0.8137  -1.1555  -1.3866
2.7409  2.673  199.506  -1.66  -4.628  -6.323  -7.138  -7.448  -6.521  2.2576  2.3719  2.4808  -8.23  -9.221  -9.568  -0.8137  -1.1555  -1.3866
2.7409  2.672  168.56  -1.952  -4.521  -6.036  -6.834  -7.122  -6.23  2.2589  2.3738  2.483  -8.23  -9.221  -9.568  -0.817  -1.12  -1.3464
2.7409  2.671  179.372  -1.857  -4.568  -6.14  -6.946  -7.242  -6.336  2.2589  2.3738  2.483  -8.23  -9.221  -9.568  -0.817  -1.12  -1.3464
2.7409  2.67  208.38  -1.569  -4.647  -6.396  -7.216  -7.532  -6.596  2.2589  2.3738  2.483  -8.23  -9.221  -9.568  -0.817  -1.12  -1.3464
2.7409  2.668  242.468  -1.169  -4.648  -6.654  -7.485  -7.823  -6.857  2.2589  2.3738  2.483  -8.23  -9.221  -9.568  -0.817  -1.12  -1.3464
2.7409  2.666  269.374  -0.798  -4.578  -6.831  -7.67  -8.025  -7.036  2.2589  2.3738  2.483  -8.23  -9.221  -9.568  -0.817  -1.12  -1.3464
2.7409  2.664  284.351  -0.604  -4.536  -6.922  -7.764  -8.128  -7.128  2.2589  2.3738  2.483  -8.23  -9.221  -9.568  -0.817  -1.12  -1.3464
2.741  2.661  290.439  -0.528  -4.515  -6.957  -7.8  -8.168  -7.163  2.2589  2.3738  2.483  -8.23  -9.221  -9.568  -0.817  -1.12  -1.3464
2.741  2.658  293.735  -0.462  -4.489  -6.972  -7.818  -8.188  -7.179  2.2589  2.3738  2.483  -8.23  -9.221  -9.568  -0.817  -1.12  -1.3464
2.741  2.658  330.64  -0.09  -4.391  -7.17  -8.025  -8.416  -7.379  2.2589  2.3738  2.483  -8.23  -9.221  -9.568  -0.817  -1.12  -1.3464
2.741  2.658  268.754  -0.791  -4.571  -6.826  -7.665  -8.02  -7.031  2.2589  2.3738  2.483  -8.23  -9.221  -9.568  -0.817  -1.12  -1.3464
2.741  2.657  207.231  -1.569  -4.639  -6.385  -7.204  -7.52  -6.584  2.2589  2.3738  2.483  -8.23  -9.221  -9.568  -0.817  -1.12  -1.3464
2.741  2.656  174.725  -1.887  -4.545  -6.095  -6.898  -7.191  -6.29  2.2589  2.3738  2.483  -8.23  -9.221  -9.568  -0.817  -1.12  -1.3464
2.741  2.655  185.847  -1.785  -4.588  -6.199  -7.01  -7.31  -6.396  2.2589  2.3738  2.483  -8.23  -9.221  -9.568  -0.817  -1.12  -1.3464
2.741  2.654  215.405  -1.47  -4.645  -6.451  -7.274  -7.595  -6.652  2.2589  2.3738  2.483  -8.23  -9.221  -9.568  -0.817  -1.12  -1.3464
2.741  2.652  249.951  -1.034  -4.614  -6.702  -7.536  -7.88  -6.906  2.2589  2.3738  2.483  -8.23  -9.221  -9.568  -0.817  -1.12  -1.3464
2.741  2.65  276.92  -0.661  -4.54  -6.875  -7.716  -8.076  -7.08  2.2582  2.373  2.4821  -8.23  -9.221  -9.568  -0.8137  -1.1185  -1.3441
2.741  2.647  291.713  -0.48  -4.493  -6.962  -7.807  -8.176  -7.169  2.2582  2.373  2.4821  -8.23  -9.221  -9.568  -0.8137  -1.1185  -1.3441
2.741  2.644  297.615  -0.403  -4.47  -6.995  -7.841  -8.214  -7.202  2.2582  2.373  2.4821  -8.23  -9.221  -9.568  -0.8137  -1.1185  -1.3441
2.7411  2.64  300.715  -0.35  -4.45  -7.01  -7.857  -8.231  -7.217  2.2582  2.373  2.4821  -8.23  -9.221  -9.568  -0.8137  -1.1185  -1.3441
2.7411  2.64  341.472  0.042  -4.335  -7.218  -8.077  -8.475  -7.428  2.2582  2.373  2.4821  -8.23  -9.221  -9.568  -0.8137  -1.1185  -1.3441
2.7411  2.64  277.751  -0.633  -4.528  -6.878  -7.719  -8.08  -7.083  2.2582  2.373  2.4821  -8.23  -9.221  -9.568  -0.8137  -1.1185  -1.3441
2.7411  2.639  214.316  -1.465  -4.636  -6.44  -7.263  -7.584  -6.641  2.2582  2.373  2.4821  -8.23  -9.221  -9.568  -0.8137  -1.1185  -1.3441
2.7411  2.639  180.532  -1.822  -4.564  -6.148  -6.956  -7.253  -6.345  2.2582  2.373  2.4821  -8.23  -9.221  -9.568  -0.8137  -1.1185  -1.3441
2.7411  2.637  191.891  -1.702  -4.596  -6.253  -7.066  -7.372  -6.451  2.2582  2.373  2.4821  -8.23  -9.221  -9.568  -0.8137  -1.1185  -1.3441
2.7411  2.635  222.052  -1.363  -4.632  -6.5  -7.326  -7.652  -6.701  2.2582  2.373  2.4821  -8.23  -9.221  -9.568  -0.8137  -1.1185  -1.3441
2.7411  2.633  256.836  -0.902  -4.577  -6.745  -7.582  -7.931  -6.949  2.2582  2.373  2.4821  -8.23  -9.221  -9.568  -0.8137  -1.1185  -1.3441
2.7411  2.63  283.763  -0.542  -4.5  -6.914  -7.757  -8.122  -7.12  2.2582  2.373  2.4821  -8.23  -9.221  -9.568  -0.8137  -1.1185  -1.3441
2.7411  2.627  298.576  -0.36  -4.449  -6.997  -7.844  -8.218  -7.204  2.2582  2.373  2.4821  -8.23  -9.221  -9.568  -0.8137  -1.1185  -1.3441
2.7411  2.623  304.477  -0.284  -4.426  -7.029  -7.877  -8.255  -7.236  2.2582  2.373  2.4821  -8.23  -9.221  -9.568  -0.8137  -1.1185  -1.3441
2.7412  2.618  307.012  -0.238  -4.409  -7.042  -7.891  -8.27  -7.25  2.2582  2.373  2.4821  -8.23  -9.221  -9.568  -0.8137  -1.1185  -1.3441
2.7412  2.618  351.767  0.167  -4.282  -7.261  -8.125  -8.528  -7.473  2.2582  2.373  2.4821  -8.23  -9.221  -9.568  -0.8137  -1.1185  -1.3441
2.7412  2.618  285.993  -0.501  -4.484  -6.924  -7.768  -8.135  -7.13  2.2582  2.373  2.4821  -8.23  -9.221  -9.568  -0.8137  -1.1185  -1.3441
2.7412  2.617  220.828  -1.36  -4.624  -6.49  -7.316  -7.642  -6.691  2.2582  2.373  2.4821  -8.23  -9.221  -9.568  -0.8137  -1.1185  -1.3441
2.7412  2.616  185.847  -1.756  -4.576  -6.196  -7.007  -7.309  -6.393  2.2582  2.373  2.4821  -8.23  -9.221  -9.568  -0.8137  -1.1185  -1.3441
2.7412  2.615  197.631  -1.628  -4.602  -6.301  -7.117  -7.427  -6.5  2.2582  2.373  2.4821  -8.23  -9.221  -9.568  -0.8137  -1.1185  -1.3441
2.7412  2.613  228.063  -1.264  -4.619  -6.545  -7.372  -7.703  -6.747  2.2582  2.373  2.4821  -8.23  -9.221  -9.568  -0.8137  -1.1185  -1.3441
2.7412  2.61  263.06  -0.779  -4.543  -6.784  -7.623  -7.976  -6.989  2.2582  2.373  2.4821  -8.23  -9.221  -9.568  -0.8137  -1.1185  -1.3441
2.7412  2.607  290.172  -0.427  -4.458  -6.948  -7.793  -8.163  -7.155  2.2582  2.373  2.4821  -8.23  -9.221  -9.568  -0.8137  -1.1185  -1.3441
2.7412  2.603  305.32  -0.242  -4.405  -7.029  -7.879  -8.257  -7.237  2.2582  2.373  2.4821  -8.23  -9.221  -9.568  -0.8137  -1.1185  -1.3441
2.7412  2.599  310.853  -0.166  -4.382  -7.059  -7.911  -8.293  -7.267  2.2595  2.3749  2.4841  -8.23  -9.221  -9.568  -0.817  -1.1026  -1.3016
2.7413  2.594  313.44  -0.127  -4.367  -7.071  -7.924  -8.307  -7.28  2.2621  2.3783  2.4878  -8.23  -9.221  -9.568  -0.7833  -1.0726  -1.2626
2.7413  2.593  361.539  0.276  -4.231  -7.298  -8.166  -8.577  -7.511  2.2621  2.3783  2.4878  -8.23  -9.221  -9.568  -0.7833  -1.0726  -1.2626
2.7413  2.593  293.802  -0.362  -4.434  -6.966  -7.813  -8.185  -7.173  2.2621  2.3783  2.4878  -8.23  -9.221  -9.568  -0.7833  -1.0726  -1.2626
2.7413  2.592  227.381  -1.249  -4.608  -6.537  -7.364  -7.696  -6.739  2.2621  2.3783  2.4878  -8.23  -9.221  -9.568  -0.7833  -1.0726  -1.2626
2.7413  2.591  191.054  -1.678  -4.58  -6.242  -7.055  -7.361  -6.44  2.2621  2.3783  2.4878  -8.23  -9.221  -9.568  -0.7833  -1.0726  -1.2626
2.7413  2.589  203.074  -1.547  -4.605  -6.345  -7.164  -7.478  -6.544  2.2621  2.3783  2.4878  -8.23  -9.221  -9.568  -0.7833  -1.0726  -1.2626
2.7413  2.587  234.075  -1.158  -4.602  -6.585  -7.415  -7.751  -6.787  2.2621  2.3783  2.4878  -8.23  -9.221  -9.568  -0.7833  -1.0726  -1.2626
2.7413  2.584  269.56  -0.65  -4.504  -6.82  -7.661  -8.019  -7.025  2.2638  2.3806  2.4904  -8.23  -9.221  -9.568  -0.7675  -1.029  -1.2195
2.7413  2.581  296.521  -0.307  -4.413  -6.98  -7.827  -8.202  -7.187  2.2632  2.3799  2.4896  -8.23  -9.221  -9.568  -0.7666  -1.0268  -1.217
2.7413  2.576  311.498  -0.125  -4.36  -7.058  -7.91  -8.293  -7.266  2.2632  2.3799  2.4896  -8.23  -9.221  -9.568  -0.7666  -1.0268  -1.217
2.7413  2.571  317.143  -0.068  -4.34  -7.087  -7.941  -8.327  -7.296  2.2632  2.3799  2.4896  -8.23  -9.221  -9.568  -0.7666  -1.0268  -1.217
2.7414  2.566  319.121  -0.043  -4.33  -7.098  -7.952  -8.34  -7.307  2.2632  2.3799  2.4896  -8.23  -9.221  -9.568  -0.7666  -1.0268  -1.217
2.7414  2.566  370.813  0.336  -4.197  -7.33  -8.203  -8.62  -7.544  2.2632  2.3799  2.4896  -8.23  -9.221  -9.568  -0.7666  -1.0268  -1.217
2.7414  2.565  301.686  -0.223  -4.383  -7.005  -7.854  -8.232  -7.213  2.2632  2.3799  2.4896  -8.23  -9.221  -9.568  -0.7666  -1.0268  -1.217
2.7414  2.564  233.483  -1.136  -4.589  -6.578  -7.409  -7.745  -6.781  2.2632  2.3799  2.4896  -8.23  -9.221  -9.568  -0.7666  -1.0268  -1.217
2.7414  2.563  196.09  -1.596  -4.579  -6.283  -7.099  -7.409  -6.482  2.2636  2.3805  2.4903  -8.23  -9.221  -9.568  -0.7675  -1.029  -1.2195
2.7414  2.561  208.428  -1.457  -4.599  -6.385  -7.208  -7.527  -6.586  2.2636  2.3805  2.4903  -8.23  -9.221  -9.568  -0.7675  -1.029  -1.2195
2.7414  2.558  240.135  -1.037  -4.572  -6.623  -7.456  -7.797  -6.826  2.2641  2.3814  2.4913  -8.23  -9.221  -9.568  -0.7685  -1.0312  -1.2221
2.7414  2.555  275.902  -0.527  -4.462  -6.855  -7.698  -8.061  -7.061  2.2641  2.3814  2.4913  -8.23  -9.221  -9.568  -0.7685  -1.0312  -1.2221
2.7414  2.551  303.358  -0.183  -4.366  -7.012  -7.862  -8.241  -7.22  2.2641  2.3814  2.4913  -8.23  -9.221  -9.568  -0.7685  -1.0312  -1.2221
2.7414  2.546  317.801  -0.03  -4.318  -7.089  -7.943  -8.331  -7.298  2.2641  2.3814  2.4913  -8.23  -9.221  -9.568  -0.7685  -1.0312  -1.2221
2.7414  2.54  324.082  0.029  -4.297  -7.118  -7.974  -8.365  -7.328  2.2641  2.3814  2.4913  -8.23  -9.221  -9.568  -0.7685  -1.0312  -1.2221
2.7414  2.533  326.479  0.056  -4.286  -7.129  -7.986  -8.379  -7.339  2.2641  2.3814  2.4913  -8.23  -9.221  -9.568  -0.7685  -1.0312  -1.2221
2.7414  2.533  380.939  0.394  -4.164  -7.368  -8.244  -8.668  -7.583  2.2641  2.3814  2.4913  -8.23  -9.221  -9.568  -0.7685  -1.0312  -1.2221
2.7414  2.532  310.067  -0.086  -4.332  -7.047  -7.899  -8.282  -7.255  2.2641  2.3814  2.4913  -8.23  -9.221  -9.568  -0.7685  -1.0312  -1.2221
2.7415  2.531  240.633  -0.994  -4.553  -6.624  -7.457  -7.8  -6.827  2.2641  2.3814  2.4913  -8.23  -9.221  -9.568  -0.7685  -1.0312  -1.2221
2.7415  2.53  201.676  -1.503  -4.579  -6.328  -7.147  -7.463  -6.527  2.2641  2.3814  2.4913  -8.23  -9.221  -9.568  -0.7685  -1.0312  -1.2221
2.7415  2.528  214.464  -1.34  -4.58  -6.43  -7.255  -7.579  -6.631  2.2641  2.3814  2.4913  -8.23  -9.221  -9.568  -0.7685  -1.0312  -1.2221
2.7415  2.524  246.692  -0.894  -4.529  -6.664  -7.5  -7.846  -6.868  2.2635  2.3807  2.4905  -8.23  -9.221  -9.568  -0.7675  -1.029  -1.2195
2.7415  2.521  282.524  -0.4  -4.416  -6.892  -7.737  -8.106  -7.099  2.2635  2.3807  2.4905  -8.23  -9.221  -9.568  -0.7675  -1.029  -1.2195
2.7415  2.516  310.138  -0.068  -4.321  -7.045  -7.898  -8.282  -7.254  2.2635  2.3807  2.4905  -8.23  -9.221  -9.568  -0.7675  -1.029  -1.2195
2.7415  2.51  325.129  0.067  -4.275  -7.12  -7.977  -8.369  -7.33  2.2652  2.383  2.493  -8.23  -9.221  -9.568  -0.7283  -0.9863  -1.1787
2.7415  2.503  331.173  0.126  -4.253  -7.149  -8.007  -8.403  -7.359  2.2652  2.383  2.493  -8.23  -9.221  -9.568  -0.7283  -0.9863  -1.1787
2.7415  2.496  333.085  0.148  -4.245  -7.16  -8.019  -8.416  -7.37  2.2664  2.3847  2.495  -8.23  -9.221  -9.568  -0.7316  -0.9886  -1.1364
2.7415  2.495  390.71  0.551  -4.078  -7.375  -8.267  -8.715  -7.594  2.2664  2.3847  2.495  -8.23  -9.221  -9.568  -0.7316  -0.9886  -1.1364
2.7415  2.495  318.533  0.036  -4.279  -7.084  -7.94  -8.331  -7.294  2.2664  2.3847  2.495  -8.23  -9.221  -9.568  -0.7316  -0.9886  -1.1364
2.7415  2.494  247.603  -0.837  -4.505  -6.668  -7.505  -7.853  -6.872  2.2664  2.3847  2.495  -8.23  -9.221  -9.568  -0.7316  -0.9886  -1.1364
2.7415  2.492  207.709  -1.387  -4.564  -6.372  -7.195  -7.516  -6.573  2.2664  2.3847  2.495  -8.23  -9.221  -9.568  -0.7316  -0.9886  -1.1364
2.7416  2.489  220.778  -1.214  -4.557  -6.475  -7.302  -7.632  -6.677  2.2664  2.3847  2.495  -8.23  -9.221  -9.568  -0.7316  -0.9886  -1.1364
2.7416  2.486  253.428  -0.75  -4.486  -6.705  -7.543  -7.895  -6.91  2.2664  2.3847  2.495  -8.23  -9.221  -9.568  -0.7316  -0.9886  -1.1364
2.7416  2.481  289.371  -0.272  -4.37  -6.928  -7.775  -8.15  -7.135  2.2664  2.3847  2.495  -8.23  -9.221  -9.568  -0.7316  -0.9886  -1.1364
2.7416  2.476  316.851  0.026  -4.282  -7.075  -7.931  -8.322  -7.285  2.2664  2.3847  2.495  -8.23  -9.221  -9.568  -0.7316  -0.9886  -1.1364
2.7416  2.47  331.478  0.163  -4.235  -7.146  -8.007  -8.407  -7.357  2.2664  2.3847  2.495  -8.23  -9.221  -9.568  -0.7316  -0.9886  -1.1364
2.7416  2.462  337.33  0.218  -4.216  -7.173  -8.037  -8.439  -7.385  2.2664  2.3847  2.495  -8.23  -9.221  -9.568  -0.7316  -0.9886  -1.1364
2.7416  2.454  339.043  0.193  -4.234  -7.19  -8.05  -8.45  -7.401  2.2664  2.3847  2.495  -8.23  -9.221  -9.568  -0.7316  -0.9886  -1.1364
2.7416  2.453  398.984  0.354  -4.19  -7.47  -8.338  -8.753  -7.683  2.2664  2.3847  2.495  -8.23  -9.221  -9.568  -0.7316  -0.9886  -1.1364
2.7416  2.453  326.404  0.081  -4.27  -7.131  -7.986  -8.376  -7.34  2.2664  2.3847  2.495  -8.23  -9.221  -9.568  -0.7316  -0.9886  -1.1364
2.7416  2.451  254.95  -0.702  -4.469  -6.713  -7.552  -7.905  -6.918  2.2664  2.3847  2.495  -8.23  -9.221  -9.568  -0.7316  -0.9886  -1.1364
2.7416  2.449  213.922  -1.256  -4.539  -6.418  -7.243  -7.57  -6.619  2.2659  2.3841  2.4942  -8.23  -9.221  -9.568  -0.7283  -0.9863  -1.1335
2.7416  2.446  227.068  -1.095  -4.536  -6.518  -7.348  -7.684  -6.72  2.2659  2.3841  2.4942  -8.23  -9.221  -9.568  -0.7283  -0.9863  -1.1335
2.7417  2.442  259.212  -0.646  -4.461  -6.744  -7.584  -7.94  -6.949  2.2659  2.3841  2.4942  -8.23  -9.221  -9.568  -0.7283  -0.9863  -1.1335
2.7417  2.438  295.022  -0.229  -4.365  -6.963  -7.81  -8.185  -7.17  2.2659  2.3841  2.4942  -8.23  -9.221  -9.568  -0.7283  -0.9863  -1.1335
2.7417  2.431  320.963  0.001  -4.309  -7.109  -7.962  -8.348  -7.318  2.2659  2.3841  2.4942  -8.23  -9.221  -9.568  -0.7283  -0.9863  -1.1335
2.7417  2.424  334.7  0.086  -4.291  -7.181  -8.035  -8.427  -7.39  2.2659  2.3841  2.4942  -8.23  -9.221  -9.568  -0.7283  -0.9863  -1.1335
2.7417  2.416  339.121  0.17  -4.257  -7.187  -8.051  -8.456  -7.399  2.2659  2.3841  2.4942  -8.23  -9.221  -9.568  -0.7283  -0.9863  -1.1335
2.7417  2.406  338.887  0.127  -4.288  -7.192  -8.055  -8.46  -7.403  2.2659  2.3841  2.4942  -8.23  -9.221  -9.568  -0.7283  -0.9863  -1.1335
2.7417  2.406  399.259  -3.076  -5.451  -7.207  -8.143  -8.592  -7.439  2.2659  2.3841  2.4942  -8.23  -9.221  -9.568  -0.7283  -0.9863  -1.1335
2.7417  2.405  329.196  -2.966  -5.211  -6.905  -7.822  -8.245  -7.131  2.2659  2.3841  2.4942  -8.23  -9.221  -9.568  -0.7283  -0.9863  -1.1335
2.7417  2.403  259.81  -2.845  -4.925  -6.533  -7.42  -7.809  -6.751  2.2659  2.3841  2.4942  -8.23  -9.221  -9.568  -0.7283  -0.9863  -1.1335
2.7417  2.4  219.106  -2.756  -4.728  -6.277  -7.133  -7.498  -6.487  2.2659  2.3841  2.4942  -8.23  -9.221  -9.568  -0.7283  -0.9863  -1.1335
2.7417  2.396  232.892  -2.778  -4.791  -6.363  -7.232  -7.606  -6.576  2.2659  2.3841  2.4942  -8.23  -9.221  -9.568  -0.7283  -0.9863  -1.1335
2.7417  2.39  266.597  -2.825  -4.934  -6.559  -7.453  -7.849  -6.779  2.2659  2.3841  2.4942  -8.23  -9.221  -9.568  -0.7283  -0.9863  -1.1335
2.7418  2.383  304.969  -2.853  -5.072  -6.755  -7.67  -8.088  -6.981  2.2683  2.3873  2.4977  -8.23  -9.221  -9.568  -0.6884  -0.951  -1.089
2.7418  2.374  335.78  -2.854  -5.163  -6.891  -7.82  -8.255  -7.121  2.2683  2.3873  2.4977  -8.23  -9.221  -9.568  -0.6884  -0.951  -1.089
2.7418  2.363  354.613  -2.847  -5.2  -6.951  -7.893  -8.335  -7.184  2.2683  2.3873  2.4977  -8.23  -9.221  -9.568  -0.6884  -0.951  -1.089
2.7418  2.351  364.464  -2.819  -5.206  -6.975  -7.925  -8.372  -7.21  2.2683  2.3873  2.4977  -8.23  -9.221  -9.568  -0.6884  -0.951  -1.089
2.7418  2.337  373.383  -2.766  -5.195  -6.987  -7.942  -8.395  -7.224  2.2689  2.3884  2.4989  -8.23  -9.221  -9.568  -0.6884  -0.951  -1.089
2.7418  2.336  448.389  -2.685  -5.308  -7.155  -8.101  -8.681  -7.389  2.2689  2.3884  2.4989  -8.23  -9.221  -9.568  -0.6884  -0.951  -1.089
2.7418  2.335  359.712  -2.818  -5.202  -6.919  -7.837  -8.331  -7.146  2.2689  2.3884  2.4989  -8.23  -9.221  -9.568  -0.6884  -0.951  -1.089
2.7418  2.333  274.255  -2.819  -4.967  -6.566  -7.443  -7.875  -6.781  2.2689  2.3884  2.4989  -8.23  -9.221  -9.568  -0.6884  -0.951  -1.089
2.7418  2.329  226.18  -2.786  -4.783  -6.305  -7.144  -7.541  -6.51  2.2689  2.3884  2.4989  -8.23  -9.221  -9.568  -0.6884  -0.951  -1.089
2.7418  2.324  242.245  -2.786  -4.842  -6.394  -7.248  -7.657  -6.603  2.2689  2.3884  2.4989  -8.23  -9.221  -9.568  -0.6884  -0.951  -1.089
2.7418  2.317  281.744  -2.793  -4.973  -6.588  -7.474  -7.913  -6.806  2.2689  2.3884  2.4989  -8.23  -9.221  -9.568  -0.6884  -0.951  -1.089
2.7419  2.307  326.404  -2.784  -5.096  -6.778  -7.685  -8.156  -7.001  2.2689  2.3884  2.4989  -8.23  -9.221  -9.568  -0.6884  -0.951  -1.089
2.7419  2.296  361.789  -2.75  -5.166  -6.895  -7.815  -8.312  -7.122  2.2657  2.3843  2.4945  -8.23  -9.221  -9.568  -0.7283  -0.9863  -1.1115
2.7419  2.283  383.05  -2.704  -5.188  -6.949  -7.875  -8.39  -7.178  2.2657  2.3843  2.4945  -8.23  -9.221  -9.568  -0.7283  -0.9863  -1.1115
2.7419  2.268  394.78  -2.665  -5.192  -6.975  -7.901  -8.426  -7.204  2.2656  2.3843  2.4946  -8.23  -9.221  -9.568  -0.7283  -0.9863  -1.1115
2.7419  2.251  408.089  -2.595  -5.179  -6.989  -7.914  -8.451  -7.217  2.2656  2.3843  2.4946  -8.23  -9.221  -9.568  -0.7283  -0.9863  -1.1115
2.7419  2.25  493.236  -1.869  -4.842  -6.902  -7.918  -8.698  -7.156  2.2656  2.3843  2.4946  -8.23  -9.221  -9.568  -0.7283  -0.9863  -1.1115
2.7419  2.248  393.781  -2.523  -5.102  -6.894  -7.823  -8.408  -7.124  2.2656  2.3843  2.4946  -8.23  -9.221  -9.568  -0.7283  -0.9863  -1.1115
2.7419  2.244  298.645  -2.666  -4.96  -6.6  -7.489  -7.975  -6.819  2.2656  2.3843  2.4946  -8.23  -9.221  -9.568  -0.7283  -0.9863  -1.1115
2.7419  2.239  244.656  -2.657  -4.785  -6.341  -7.196  -7.638  -6.55  2.2656  2.3843  2.4946  -8.23  -9.221  -9.568  -0.7283  -0.9863  -1.1115
2.7419  2.231  262.395  -2.653  -4.841  -6.428  -7.297  -7.754  -6.641  2.2656  2.3843  2.4946  -8.23  -9.221  -9.568  -0.7283  -0.9863  -1.1115
2.7419  2.22  305.742  -2.639  -4.963  -6.617  -7.511  -8.005  -6.837  2.2656  2.3843  2.4946  -8.23  -9.221  -9.568  -0.7283  -0.9863  -1.1115
2.7419  2.207  353.716  -2.578  -5.047  -6.771  -7.687  -8.224  -6.997  2.2656  2.3843  2.4946  -8.23  -9.221  -9.568  -0.7283  -0.9863  -1.1115
2.742  2.19  391.611  -2.474  -5.07  -6.869  -7.796  -8.382  -7.098  2.2656  2.3843  2.4946  -8.23  -9.221  -9.568  -0.7283  -0.9863  -1.1115
2.742  2.171  414.243  -2.363  -5.044  -6.892  -7.829  -8.45  -7.124  2.2656  2.3843  2.4946  -8.23  -9.221  -9.568  -0.7283  -0.9863  -1.1115
2.742  2.148  426.535  -2.286  -5.02  -6.897  -7.839  -8.479  -7.13  2.2658  2.3847  2.4951  -8.23  -9.221  -9.568  -0.7316  -0.9886  -1.1124
2.742  2.122  440.712  -2.196  -4.987  -6.89  -7.829  -8.481  -7.122  2.2658  2.3847  2.4951  -8.23  -9.221  -9.568  -0.7316  -0.9886  -1.1124
2.742  2.122  535.495  -0.625  -4.057  -6.463  -7.61  -8.651  -6.755  2.2658  2.3847  2.4951  -8.23  -9.221  -9.568  -0.7316  -0.9886  -1.1124
2.742  2.12  428.504  -2.104  -4.903  -6.806  -7.759  -8.453  -7.042  2.2658  2.3847  2.4951  -8.23  -9.221  -9.568  -0.7316  -0.9886  -1.1124
2.742  2.117  326.629  -2.446  -4.904  -6.602  -7.506  -8.055  -6.825  2.2658  2.3847  2.4951  -8.23  -9.221  -9.568  -0.7316  -0.9886  -1.1124
2.742  2.112  267.766  -2.494  -4.769  -6.377  -7.251  -7.742  -6.591  2.2658  2.3847  2.4951  -8.23  -9.221  -9.568  -0.7316  -0.9886  -1.1124
2.742  2.105  287.445  -2.473  -4.816  -6.458  -7.344  -7.855  -6.676  2.2658  2.3847  2.4951  -8.23  -9.221  -9.568  -0.7316  -0.9886  -1.1124
2.742  2.095  334.7  -2.42  -4.909  -6.617  -7.522  -8.076  -6.84  2.2658  2.3847  2.4951  -8.23  -9.221  -9.568  -0.7316  -0.9886  -1.1124
2.742  2.083  387.128  -2.282  -4.945  -6.752  -7.668  -8.289  -6.978  2.2658  2.3847  2.4951  -8.23  -9.221  -9.568  -0.7316  -0.9886  -1.1124
2.742  2.069  428.504  -2.057  -4.875  -6.776  -7.715  -8.403  -7.008  2.2654  2.3842  2.4944  -8.23  -9.221  -9.568  -0.7283  -0.9863  -1.1115
2.7421  2.051  453.686  -1.819  -4.757  -6.74  -7.702  -8.449  -6.979  2.2654  2.3842  2.4944  -8.23  -9.221  -9.568  -0.7283  -0.9863  -1.1115
2.7421  2.031  466.934  -1.675  -4.686  -6.721  -7.696  -8.48  -6.963  2.2664  2.3857  2.4962  -8.23  -9.221  -9.568  -0.7316  -0.9886  -1.1124
2.7421  2.008  476.053  -1.562  -4.628  -6.703  -7.685  -8.497  -6.947  2.2664  2.3857  2.4962  -8.23  -9.221  -9.568  -0.7316  -0.9886  -1.1124
2.7421  2.008  590.412  -2.647  -5.539  -7.364  -8.147  -8.768  -7.554  2.2664  2.3857  2.4962  -8.23  -9.221  -9.568  -0.7316  -0.9886  -1.1124
2.7421  2.007  470.278  -1.421  -4.513  -6.608  -7.607  -8.458  -6.857  2.2664  2.3857  2.4962  -8.23  -9.221  -9.568  -0.7316  -0.9886  -1.1124
2.7421  2.006  356.907  -2.258  -4.862  -6.616  -7.515  -8.116  -6.837  2.2664  2.3857  2.4962  -8.23  -9.221  -9.568  -0.7316  -0.9886  -1.1124
2.7421  2.003  290.573  -2.332  -4.736  -6.391  -7.282  -7.819  -6.61  2.2664  2.3857  2.4962  -8.23  -9.221  -9.568  -0.7316  -0.9886  -1.1124
2.7421  1.999  311.498  -2.327  -4.791  -6.465  -7.357  -7.907  -6.684  2.2664  2.3857  2.4962  -8.23  -9.221  -9.568  -0.7316  -0.9886  -1.1124
2.7421  1.994  361.539  -2.227  -4.853  -6.618  -7.519  -8.127  -6.84  2.2664  2.3857  2.4962  -8.23  -9.221  -9.568  -0.7316  -0.9886  -1.1124
2.7421  1.987  417.403  -2.541  -5.187  -6.903  -7.737  -8.281  -7.107  2.266  2.3852  2.4956  -8.23  -9.221  -9.568  -0.7283  -0.9863  -1.1115
2.7421  1.979  459.997  -2.543  -5.278  -7.035  -7.851  -8.422  -7.234  2.266  2.3852  2.4956  -8.23  -9.221  -9.568  -0.7283  -0.9863  -1.1115
2.7422  1.97  484.68  -2.529  -5.316  -7.095  -7.9  -8.486  -7.291  2.266  2.3852  2.4956  -8.23  -9.221  -9.568  -0.7283  -0.9863  -1.1115
2.7422  1.959  497.227  -2.5  -5.318  -7.112  -7.912  -8.507  -7.306  2.266  2.3852  2.4956  -8.23  -9.221  -9.568  -0.7283  -0.9863  -1.1115
2.7422  1.946  504.377  -2.47  -5.31  -7.116  -7.914  -8.517  -7.31  2.266  2.3852  2.4956  -8.23  -9.221  -9.568  -0.7283  -0.9863  -1.1115
2.7422  1.946  632.492  -1.386  -4.672  -6.856  -7.836  -8.761  -7.1  2.266  2.3852  2.4956  -8.23  -9.221  -9.568  -0.7283  -0.9863  -1.1115
2.7422  1.945  502.753  -2.322  -5.205  -7.031  -7.844  -8.494  -7.229  2.266  2.3852  2.4956  -8.23  -9.221  -9.568  -0.7283  -0.9863  -1.1115
2.7422  1.943  380.588  -2.448  -5.059  -6.749  -7.583  -8.136  -6.953  2.266  2.3852  2.4956  -8.23  -9.221  -9.568  -0.7283  -0.9863  -1.1115
2.7422  1.94  308.855  -2.247  -4.742  -6.417  -7.301  -7.868  -6.634  2.266  2.3852  2.4956  -8.23  -9.221  -9.568  -0.7283  -0.9863  -1.1115
2.7422  1.935  331.707  -2.202  -4.775  -6.494  -7.382  -7.977  -6.712  2.2656  2.3845  2.4947  -8.23  -9.221  -9.568  -0.725  -0.984  -1.1105
2.7422  1.928  385.794  -2.427  -5.056  -6.752  -7.585  -8.141  -6.955  2.2656  2.3845  2.4947  -8.23  -9.221  -9.568  -0.725  -0.984  -1.1105
2.7422  1.92  445.815  -2.363  -5.139  -6.911  -7.73  -8.341  -7.11  2.2656  2.3845  2.4947  -8.23  -9.221  -9.568  -0.725  -0.984  -1.1105
2.7422  1.91  492.102  -2.246  -5.138  -6.971  -7.786  -8.439  -7.169  2.2656  2.3845  2.4947  -8.23  -9.221  -9.568  -0.725  -0.984  -1.1105
2.7422  1.899  519.583  -2.107  -5.082  -6.976  -7.803  -8.506  -7.178  2.2656  2.3845  2.4947  -8.23  -9.221  -9.568  -0.725  -0.984  -1.1105
2.7423  1.885  534.755  -1.778  -4.861  -6.856  -7.738  -8.522  -7.073  2.2678  2.3874  2.4978  -8.23  -9.221  -9.568  -0.688  -0.9498  -1.0875
2.7423  1.87  536.605  -1.744  -4.84  -6.848  -7.736  -8.53  -7.066  2.2678  2.3874  2.4978  -8.23  -9.221  -9.568  -0.688  -0.9498  -1.0875
2.7423  1.869  690.168  0.484  -3.365  -6.066  -7.317  -8.583  -6.388  2.2678  2.3874  2.4978  -8.23  -9.221  -9.568  -0.688  -0.9498  -1.0875
2.7423  1.867  546.33  -1.275  -4.513  -6.642  -7.597  -8.5  -6.879  2.2678  2.3874  2.4978  -8.23  -9.221  -9.568  -0.688  -0.9498  -1.0875
2.7423  1.862  412.53  -2.225  -4.985  -6.74  -7.564  -8.182  -6.941  2.2678  2.3874  2.4978  -8.23  -9.221  -9.568  -0.688  -0.9498  -1.0875
2.7423  1.856  333.699  -2.084  -4.711  -6.434  -7.307  -7.92  -6.648  2.2678  2.3874  2.4978  -8.23  -9.221  -9.568  -0.688  -0.9498  -1.0875
2.7423  1.846  359.547  -2.313  -4.931  -6.606  -7.428  -7.986  -6.806  2.2678  2.3874  2.4978  -8.23  -9.221  -9.568  -0.688  -0.9498  -1.0875
2.7423  1.833  419.426  -2.151  -4.952  -6.734  -7.559  -8.198  -6.935  2.2678  2.3874  2.4978  -8.23  -9.221  -9.568  -0.688  -0.9498  -1.0875
2.7423  1.817  485.685  -1.838  -4.851  -6.768  -7.61  -8.351  -6.974  2.2688  2.3889  2.4995  -8.23  -9.221  -9.568  -0.6884  -0.951  -1.089
2.7423  1.797  537.224  -1.146  -4.405  -6.554  -7.52  -8.436  -6.794  2.2669  2.3864  2.4969  -8.23  -9.221  -9.568  -0.7283  -0.9863  -1.1115
2.7423  1.774  567.355  -0.615  -4.052  -6.367  -7.42  -8.45  -6.631  2.264  2.3827  2.4928  -8.23  -9.221  -9.568  -0.7675  -1.0195  -1.14
2.7423  1.746  583.519  -0.219  -3.78  -6.212  -7.326  -8.43  -6.494  2.264  2.3827  2.4928  -8.23  -9.221  -9.568  -0.7675  -1.0195  -1.14
2.7424  1.716  582.177  -0.074  -3.68  -6.156  -7.291  -8.421  -6.444  2.264  2.3827  2.4928  -8.23  -9.221  -9.568  -0.7675  -1.0195  -1.14
2.7424  1.715  761.474  2.597  -1.867  -5.148  -6.692  -8.283  -5.56  2.264  2.3827  2.4928  -8.23  -9.221  -9.568  -0.7675  -1.0195  -1.14
2.7424  1.711  601.527  1.225  -2.765  -5.592  -6.91  -8.262  -5.934  2.264  2.3827  2.4928  -8.23  -9.221  -9.568  -0.7675  -1.0195  -1.14
2.7424  1.703  453.059  -1.507  -4.572  -6.533  -7.407  -8.199  -6.747  2.264  2.3827  2.4928  -8.23  -9.221  -9.568  -0.7675  -1.0195  -1.14
2.7424  1.689  365.473  -2.135  -4.833  -6.534  -7.346  -7.936  -6.732  2.264  2.3827  2.4928  -8.23  -9.221  -9.568  -0.7675  -1.0195  -1.14
2.7424  1.67  395.144  -2.003  -4.813  -6.585  -7.401  -8.046  -6.784  2.264  2.3827  2.4928  -8.23  -9.221  -9.568  -0.7675  -1.0195  -1.14
2.7424  1.645  463.612  -1.275  -4.418  -6.449  -7.354  -8.201  -6.672  2.264  2.3827  2.4928  -8.23  -9.221  -9.568  -0.7675  -1.0195  -1.14
2.7424  1.614  539.331  0.116  -3.495  -5.966  -7.101  -8.24  -6.254  2.264  2.3827  2.4928  -8.23  -9.221  -9.568  -0.7675  -1.0195  -1.14
2.7424  1.576  600.005  1.592  -2.485  -5.396  -6.756  -8.153  -5.751  2.264  2.3827  2.4928  -8.23  -9.221  -9.568  -0.7675  -1.0195  -1.14
2.7424  1.532  638.051  2.513  -1.843  -5.021  -6.514  -8.05  -5.417  2.264  2.3827  2.4928  -8.23  -9.221  -9.568  -0.7675  -1.0195  -1.14
2.7424  1.482  660.473  2.722  -1.7  -4.939  -6.465  -8.034  -5.346  2.264  2.3827  2.4928  -8.23  -9.221  -9.568  -0.7675  -1.0195  -1.14
2.7424  1.427  641.586  2.214  -2.065  -5.167  -6.624  -8.121  -5.552  2.2636  2.3822  2.4923  -8.23  -9.221  -9.568  -0.7666  -1.0183  -1.138
2.7424  1.426  884.006  3.967  -0.895  -4.552  -6.288  -8.08  -5.026  2.2636  2.3822  2.4923  -8.23  -9.221  -9.568  -0.7666  -1.0183  -1.138
2.7424  1.42  713.272  3.193  -1.37  -4.738  -6.329  -7.972  -5.165  2.2636  2.3822  2.4923  -8.23  -9.221  -9.568  -0.7666  -1.0183  -1.138
2.7424  1.408  560.603  2.228  -1.963  -4.976  -6.389  -7.846  -5.347  2.2636  2.3822  2.4923  -8.23  -9.221  -9.568  -0.7666  -1.0183  -1.138
2.7424  1.39  482.009  0.578  -3.054  -5.538  -6.681  -7.836  -5.828  2.2636  2.3822  2.4923  -8.23  -9.221  -9.568  -0.7666  -1.0183  -1.138
2.7424  1.364  576.707  0.922  -2.838  -5.441  -6.645  -7.871  -5.749  2.2636  2.3822  2.4923  -8.23  -9.221  -9.568  -0.7666  -1.0183  -1.138
2.7425  1.33  766.223  1.912  -2.188  -5.112  -6.48  -7.892  -5.469  2.2636  2.3822  2.4923  -8.23  -9.221  -9.568  -0.7666  -1.0183  -1.138
2.7425  1.288  1023.423  0.306  -3.37  -5.893  -7.055  -8.235  -6.189  2.2636  2.3822  2.4923  -8.23  -9.221  -9.568  -0.7666  -1.0183  -1.138
2.7425  1.238  1303.032  0.174  -3.493  -6.008  -7.166  -8.34  -6.303  2.2636  2.3822  2.4923  -8.23  -9.221  -9.568  -0.7666  -1.0183  -1.138
2.7425  1.181  1550.44  -0.54  -4.011  -6.341  -7.403  -8.467  -6.608  2.2636  2.3822  2.4923  -8.23  -9.221  -9.568  -0.7666  -1.0183  -1.138
2.7425  1.118  1720.502  -0.938  -4.295  -6.516  -7.521  -8.512  -6.767  2.2636  2.3822  2.4923  -8.23  -9.221  -9.568  -0.7666  -1.0183  -1.138
2.7425  1.049  573.397  -1.172  -4.46  -6.616  -7.586  -8.533  -6.857  2.2645  2.3837  2.4939  -8.23  -9.221  -9.568  -0.7675  -1.0195  -1.14
2.7425  1.048  2532.533  -1.385  -4.7  -6.879  -7.862  -8.829  -7.124  2.2645  2.3837  2.4939  -8.23  -9.221  -9.568  -0.7675  -1.0195  -1.14
2.7425  1.043  2037.77  -1.296  -4.556  -6.682  -7.637  -8.568  -6.919  2.2645  2.3837  2.4939  -8.23  -9.221  -9.568  -0.7675  -1.0195  -1.14
2.7425  1.033  1664.39  2.511  -1.766  -4.857  -6.31  -7.813  -5.241  2.2645  2.3837  2.4939  -8.23  -9.221  -9.568  -0.7675  -1.0195  -1.14
2.7425  1.017  1569.839  0.619  -3.031  -5.527  -6.676  -7.843  -5.819  2.2645  2.3837  2.4939  -8.23  -9.221  -9.568  -0.7675  -1.0195  -1.14
2.7425  0.995  2272.768  0.558  -3.097  -5.597  -6.749  -7.919  -5.89  2.2645  2.3837  2.4939  -8.23  -9.221  -9.568  -0.7675  -1.0195  -1.14
2.7425  0.965  3627.063  -0.309  -3.756  -6.06  -7.109  -8.161  -6.323  2.2645  2.3837  2.4939  -8.23  -9.221  -9.568  -0.7675  -1.0195  -1.14
2.7425  0.929  5321.757  -2.273  -5.172  -6.956  -7.725  -8.39  -7.142  2.2645  2.3837  2.4939  -8.23  -9.221  -9.568  -0.7675  -1.0195  -1.14
2.7425  0.887  6245.325  -2.587  -5.416  -7.134  -7.864  -8.47  -7.31  2.2645  2.3837  2.4939  -8.23  -9.221  -9.568  -0.7675  -1.0195  -1.14
2.7426  0.839  5229.439  -2.621  -5.45  -7.167  -7.897  -8.503  -7.343  2.2645  2.3837  2.4939  -8.23  -9.221  -9.568  -0.7675  -1.0195  -1.14
2.7426  0.785  2811.61  1.92  -2.256  -5.249  -6.653  -8.105  -5.617  2.2645  2.3837  2.4939  -8.23  -9.221  -9.568  -0.7675  -1.0195  -1.14
2.7426  0.728  314.235  -3.271  -5.394  -6.93  -7.762  -8.342  -7.133  2.2645  2.3837  2.4939  -8.23  -9.221  -9.568  -0.7675  -1.0195  -1.14
