#Mini MPD Rad MV_j MI_c MJ_2M MH_2M MK_2M MHw sigmaJ sigmaH sigmaKs minJ minH minKs maxJ maxH maxKs
0.002  0.002  0.105  60.05  49.68  37.257  34.027  53.596  36.219  0.2  0.2  0.2  -999.0  -999.0  -999.0  999.0  999.0  999.0
0.003  0.003  0.105  55.32  45.63  34.125  32.029  49.186  33.528  0.2  0.2  0.2  -999.0  -999.0  -999.0  999.0  999.0  999.0
0.004  0.004  0.105  50.68  41.76  31.374  30.144  45.126  31.058  0.2  0.2  0.2  -999.0  -999.0  -999.0  999.0  999.0  999.0
0.005  0.005  0.105  46.5  38.3  29.128  28.509  41.686  28.981  0.2  0.2  0.2  -999.0  -999.0  -999.0  999.0  999.0  999.0
0.006  0.006  0.104  42.71  35.18  27.154  27.049  38.646  27.131  0.2  0.2  0.2  -999.0  -999.0  -999.0  999.0  999.0  999.0
0.007  0.007  0.103  39.29  32.37  25.426  25.745  35.936  25.492  0.2  0.2  0.2  -999.0  -999.0  -999.0  999.0  999.0  999.0
0.008  0.008  0.103  36.31  29.93  23.951  24.625  33.626  24.083  0.2  0.2  0.2  -999.0  -999.0  -999.0  999.0  999.0  999.0
0.009  0.009  0.102  33.73  27.82  22.701  23.651  31.616  22.878  0.2  0.2  0.2  -999.0  -999.0  -999.0  999.0  999.0  999.0
0.01  0.01  0.101  33.05  27.06  22.269  23.117  30.466  22.43  0.2  0.2  0.2  -999.0  -999.0  -999.0  999.0  999.0  999.0
0.012  0.012  0.1  31.58  25.46  21.375  22.018  28.136  21.501  0.2  0.2  0.2  -999.0  -999.0  -999.0  999.0  999.0  999.0
0.015  0.015  0.098  30.2  24.0  20.524  21.017  25.986  20.623  0.2  0.2  0.2  -999.0  -999.0  -999.0  999.0  999.0  999.0
0.02  0.02  0.095  29.24  22.66  19.661  19.836  23.286  19.698  0.2  0.2  0.2  -999.0  -999.0  -999.0  999.0  999.0  999.0
0.03  0.03  0.09  28.17  21.17  18.208  18.269  20.016  18.221  0.2  0.2  0.2  -999.0  -999.0  -999.0  999.0  999.0  999.0
0.04  0.04  0.085  27.58  20.4  16.95  17.091  17.966  16.98  0.2  0.2  0.2  -999.0  -999.0  -999.0  999.0  999.0  999.0
0.05  0.05  0.082  27.09  19.82  15.878  16.045  16.356  15.913  0.2  0.2  0.2  -999.0  -999.0  -999.0  999.0  999.0  999.0
0.06  0.06  0.079  26.44  19.2  14.965  15.133  15.126  15.001  0.2  0.2  0.2  -999.0  -999.0  -999.0  999.0  999.0  999.0
0.07  0.07  0.081  24.33  17.6  13.487  13.506  13.416  13.491  0.2  0.2  0.2  -999.0  -999.0  -999.0  999.0  999.0  999.0
0.072  0.072  0.083  23.11  16.75  12.943  12.855  12.776  12.924  0.2  0.2  0.2  -999.0  -999.0  -999.0  999.0  999.0  999.0
0.075  0.075  0.089  21.03  15.34  12.187  11.928  11.756  12.129  0.2  0.2  0.2  -999.0  -999.0  -999.0  999.0  999.0  999.0
0.08  0.08  0.099  19.11  13.89  11.438  11.081  10.796  11.356  0.2  0.2  0.2  -999.0  -999.0  -999.0  999.0  999.0  999.0
0.09  0.09  0.12  16.668  12.478  10.465  9.78  9.48  10.301  0.1588  0.0692  0.0782  10.664  10.323  10.183  11.176  10.572  10.4849
0.12  0.12  0.152  15.195  11.614  9.823  9.122  8.793  9.655  0.2332  0.2015  0.1571  9.325  8.852  8.71  10.072  9.47  9.199
0.15  0.15  0.181  14.224  10.965  9.287  8.641  8.296  9.133  0.036  0.0235  0.0155  9.388  8.811  8.555  9.4564  8.8556  8.5844
0.18  0.18  0.208  13.541  10.469  8.878  8.26  7.916  8.731  0.2095  0.2005  0.175  8.453  7.929  7.758  8.851  8.31  8.0905
0.21  0.21  0.233  12.997  10.067  8.542  7.94  7.601  8.4  0.137  0.1355  0.116  8.351  7.796  7.602  8.6113  8.0534  7.8224
0.24  0.24  0.257  12.539  9.727  8.253  7.662  7.33  8.113  0.059  0.0506  0.0412  8.125  7.572  7.365  8.2498  7.6828  7.4564
0.27  0.27  0.28  12.138  9.431  7.997  7.413  7.09  7.859  0.0  0.0  0.0  8.104  7.518  7.279  8.104  7.518  7.279
0.3  0.3  0.304  11.779  9.163  7.766  7.187  6.872  7.629  0.2432  0.217  0.1888  7.234  6.728  6.569  7.9895  7.3835  7.1355
0.33  0.33  0.33  11.452  8.917  7.554  6.978  6.672  7.418  0.1871  0.1665  0.1425  7.075  6.573  6.416  7.83  7.238  6.982
0.36  0.36  0.357  11.149  8.685  7.357  6.782  6.485  7.221  0.229  0.2058  0.175  7.013  6.469  6.3  7.5742  6.9729  6.7264
0.39  0.39  0.383  10.865  8.465  7.172  6.597  6.309  7.036  0.2175  0.188  0.1568  6.745  6.253  6.104  7.3615  6.7598  6.5215
0.42  0.42  0.411  10.597  8.256  6.996  6.42  6.142  6.86  0.1767  0.1573  0.1332  6.624  6.086  5.933  7.1881  6.5818  6.3468
0.45  0.45  0.441  10.341  8.057  6.828  6.251  5.982  6.692  0.2276  0.1867  0.1513  6.344  5.873  5.738  7.0113  6.3953  6.1603
0.48  0.48  0.472  10.096  7.867  6.666  6.087  5.827  6.529  0.089  0.0701  0.0536  6.165  5.653  5.525  6.4819  5.8792  5.6876
0.55  0.55  0.548  9.137  7.233  6.151  5.55  5.32  6.009  0.2579  0.1844  0.1401  5.606  5.142  5.034  6.3195  5.6695  5.4525
0.6  0.6  0.596  8.477  6.778  5.783  5.162  4.972  5.636  0.2487  0.1482  0.1103  5.215  4.825  4.737  5.9752  5.3042  5.1058
0.65  0.65  0.633  7.792  6.325  5.42  4.807  4.664  5.275  0.2386  0.1193  0.0911  4.854  4.507  4.437  5.6259  4.9434  4.7809
0.6912  0.691  0.662  7.236  5.967  5.147  4.583  4.466  5.014  0.1518  0.0807  0.0677  4.547  4.233  4.18  4.9639  4.4664  4.3904
0.7  0.7  0.668  7.125  5.893  5.092  4.542  4.428  4.963  0.2313  0.116  0.096  4.515  4.202  4.15  5.286  4.6248  4.5
0.7005  0.7  0.668  7.12  5.889  5.089  4.54  4.426  4.96  0.2313  0.1161  0.0961  4.515  4.202  4.15  5.2858  4.6246  4.4998
0.7264  0.726  0.688  6.804  5.673  4.927  4.426  4.32  4.81  0.2127  0.1205  0.1044  4.323  4.028  3.985  5.0308  4.4486  4.3547
0.75  0.75  0.707  6.54  5.485  4.783  4.319  4.22  4.675  0.2402  0.1488  0.1308  4.116  3.838  3.805  4.9723  4.394  4.297
0.7555  0.755  0.712  6.484  5.444  4.752  4.294  4.196  4.646  0.2467  0.1542  0.136  4.086  3.812  3.78  4.9723  4.394  4.297
0.7871  0.787  0.744  6.172  5.208  4.564  4.148  4.056  4.468  0.2257  0.1596  0.1443  3.828  3.577  3.552  4.643  4.1634  4.0862
0.799  0.799  0.756  6.059  5.122  4.495  4.093  4.003  4.403  0.2689  0.1917  0.1735  3.716  3.475  3.451  4.6783  4.1697  4.0828
0.8136  0.813  0.773  5.924  5.018  4.411  4.025  3.937  4.322  0.2321  0.1752  0.1611  3.594  3.365  3.343  4.4626  4.0234  3.954
0.8375  0.837  0.802  5.712  4.847  4.271  3.911  3.826  4.189  0.2797  0.2168  0.2017  3.367  3.161  3.14  4.3805  3.9561  3.8867
0.8481  0.847  0.816  5.62  4.774  4.211  3.861  3.778  4.131  0.3147  0.2457  0.2294  3.237  3.043  3.022  4.393  3.95  3.875
0.8659  0.865  0.84  5.467  4.651  4.109  3.774  3.694  4.033  0.3032  0.2464  0.2338  3.017  2.844  2.825  4.1852  3.798  3.7338
0.8883  0.887  0.873  5.282  4.501  3.981  3.664  3.589  3.909  0.3368  0.2796  0.2681  2.762  2.61  2.591  4.0662  3.6952  3.6328
0.8971  0.896  0.888  5.209  4.441  3.93  3.619  3.546  3.859  0.4039  0.3375  0.3244  2.503  2.363  2.343  4.0944  3.6996  3.6315
0.9052  0.904  0.901  5.144  4.387  3.883  3.577  3.505  3.814  0.4323  0.366  0.3534  2.28  2.133  2.112  4.0575  3.689  3.6248
0.9193  0.918  0.927  5.03  4.29  3.798  3.502  3.432  3.731  0.6267  0.6025  0.5987  1.012  0.645  0.582  3.9046  3.5578  3.502
0.9329  0.932  0.953  4.921  4.198  3.716  3.43  3.361  3.651  2.5555  2.6818  2.7048  -5.362  -6.03  -6.138  3.6114  3.3171  3.2742
0.9462  0.945  0.981  4.815  4.108  3.637  3.358  3.291  3.574  2.6694  2.8112  2.836  -5.586  -6.362  -6.503  3.3396  3.08  3.046
0.9552  0.954  1.001  4.743  4.045  3.581  3.307  3.241  3.519  2.5794  2.7247  2.7503  -5.593  -6.369  -6.51  3.1184  2.8702  2.8388
0.9672  0.966  1.029  4.647  3.962  3.505  3.238  3.173  3.445  2.3615  2.5041  2.5295  -5.593  -6.369  -6.51  2.6986  2.5258  2.5006
0.9786  0.978  1.058  4.556  3.881  3.432  3.171  3.107  3.373  2.3235  2.4687  2.4957  -5.593  -6.369  -6.51  2.568  2.4144  2.3944
0.9952  0.995  1.103  4.422  3.763  3.324  3.07  3.008  3.267  2.3672  2.521  2.5519  -5.594  -6.37  -6.511  2.6934  2.4805  2.4482
0.9989  0.998  1.113  4.393  3.737  3.3  3.047  2.986  3.243  2.3545  2.5069  2.5378  -5.594  -6.37  -6.511  2.642  2.427  2.4056
1.0167  1.016  1.169  4.252  3.608  3.179  2.933  2.873  3.124  2.2181  2.3702  2.4053  -5.603  -6.498  -6.782  2.201  2.031  1.999
1.0336  1.032  1.226  4.124  3.489  3.065  2.823  2.764  3.011  2.1406  2.2887  2.3258  -5.608  -6.486  -6.779  1.9984  1.7264  1.6867
1.0443  1.043  1.268  4.038  3.408  2.987  2.747  2.689  2.933  2.2374  2.3912  2.4322  -5.635  -6.591  -6.884  2.4182  2.1898  2.1572
1.0462  1.045  1.276  4.023  3.393  2.972  2.734  2.675  2.919  2.2452  2.3993  2.44  -5.635  -6.591  -6.884  2.3962  2.174  2.1414
1.0582  1.057  1.329  3.921  3.296  2.878  2.642  2.584  2.825  2.3  2.4739  2.5298  -5.809  -6.764  -7.122  2.3968  2.1652  2.1314
1.062  1.061  1.347  3.887  3.264  2.847  2.612  2.554  2.794  2.2606  2.4386  2.4993  -5.809  -6.764  -7.122  2.2096  1.9316  1.9029
1.0735  1.072  1.408  3.784  3.164  2.748  2.514  2.457  2.695  2.3221  2.5049  2.5692  -5.843  -6.801  -7.164  2.252  2.0054  1.9717
1.0833  1.082  1.468  3.694  3.074  2.658  2.424  2.366  2.605  2.3567  2.5422  2.6103  -5.873  -6.832  -7.196  2.2346  1.9988  1.9664
1.0933  1.092  1.538  3.6  2.978  2.56  2.325  2.267  2.507  2.4155  2.6051  2.6797  -6.051  -6.998  -7.423  2.4224  2.1528  2.1206
1.1004  1.099  1.594  3.532  2.907  2.487  2.25  2.191  2.434  2.4272  2.6178  2.6972  -6.071  -7.019  -7.447  2.3917  2.1318  2.0946
1.1031  1.101  1.618  3.506  2.879  2.458  2.221  2.162  2.405  2.4218  2.6116  2.6929  -6.071  -7.019  -7.447  2.4565  2.194  2.1565
1.1105  1.109  1.693  3.433  2.798  2.371  2.129  2.069  2.317  2.4369  2.6269  2.7094  -6.111  -7.063  -7.495  2.3845  2.125  2.0855
1.1197  1.118  1.805  3.348  2.695  2.255  2.003  1.941  2.198  2.436  2.6246  2.7119  -6.155  -7.106  -7.539  2.2056  1.8828  1.8428
1.1277  1.126  1.942  3.299  2.611  2.145  1.873  1.806  2.084  2.4778  2.6661  2.7596  -6.189  -7.138  -7.57  2.1937  1.8794  1.8338
1.1326  1.131  2.046  3.314  2.584  2.088  1.792  1.721  2.021  2.4358  2.6193  2.7097  -6.189  -7.138  -7.57  2.1362  1.7628  1.71
1.1354  1.133  2.12  3.358  2.589  2.064  1.746  1.671  1.992  2.4576  2.6421  2.7412  -6.276  -7.229  -7.715  2.1262  1.7591  1.7046
1.1374  1.135  2.175  3.415  2.611  2.06  1.718  1.64  1.982  2.4354  2.618  2.7186  -6.276  -7.229  -7.715  2.0505  1.6825  1.6268
1.1392  1.137  2.246  3.477  2.633  2.05  1.683  1.602  1.966  2.5271  2.7145  2.8145  -6.276  -7.229  -7.715  2.2566  1.9442  1.8969
1.1413  1.139  2.363  3.516  2.626  2.007  1.611  1.525  1.916  2.4906  2.6762  2.7766  -6.276  -7.229  -7.715  2.2418  1.9122  1.8662
1.1424  1.14  2.44  3.506  2.599  1.964  1.557  1.47  1.87  2.4996  2.6857  2.7862  -6.276  -7.229  -7.715  2.2536  1.933  1.8824
1.1434  1.141  2.528  3.487  2.562  1.913  1.494  1.406  1.816  2.4939  2.6796  2.7824  -6.276  -7.229  -7.715  2.2369  1.9056  1.8608
1.1445  1.143  2.63  3.445  2.506  1.847  1.419  1.329  1.748  2.5267  2.7149  2.823  -6.296  -7.244  -7.735  2.2458  1.9167  1.876
1.1448  1.143  2.656  3.432  2.49  1.829  1.4  1.309  1.73  2.5246  2.7123  2.8202  -6.296  -7.244  -7.735  2.2439  1.9104  1.8628
1.1463  1.144  2.823  3.342  2.387  1.715  1.278  1.187  1.614  2.5108  2.6972  2.8037  -6.296  -7.244  -7.735  2.247  1.9172  1.876
1.1477  1.146  3.0  3.242  2.277  1.598  1.154  1.062  1.495  2.5035  2.6898  2.7973  -6.296  -7.244  -7.735  2.2311  1.8649  1.804
1.1493  1.147  3.223  3.116  2.143  1.456  1.006  0.912  1.352  2.5054  2.691  2.7976  -6.296  -7.244  -7.735  2.2317  1.8663  1.804
1.1506  1.148  3.437  3.002  2.021  1.328  0.873  0.779  1.223  2.5277  2.7148  2.822  -6.296  -7.244  -7.735  2.2339  1.892  1.8376
1.1515  1.149  3.62  2.907  1.921  1.223  0.764  0.67  1.117  2.5371  2.7243  2.8325  -6.296  -7.244  -7.735  2.2545  1.9198  1.876
1.1527  1.151  3.868  2.786  1.793  1.089  0.626  0.531  0.982  2.5308  2.7179  2.83  -6.311  -7.262  -7.757  2.2324  1.892  1.8366
1.1538  1.152  4.132  2.666  1.666  0.955  0.488  0.393  0.847  2.5424  2.7304  2.8412  -6.311  -7.262  -7.757  2.2299  1.8745  1.8115
1.1547  1.153  4.428  2.542  1.533  0.816  0.344  0.248  0.706  2.5552  2.7443  2.8552  -6.311  -7.262  -7.757  2.2389  1.9068  1.8566
1.1556  1.153  4.73  2.425  1.409  0.685  0.208  0.111  0.574  2.5588  2.7477  2.8587  -6.311  -7.262  -7.757  2.235  1.897  1.85
1.1564  1.154  5.046  2.313  1.288  0.557  0.074  -0.023  0.445  2.5587  2.7475  2.8589  -6.311  -7.262  -7.757  2.2336  1.892  1.8404
1.157  1.155  5.388  2.202  1.167  0.429  -0.059  -0.158  0.315  2.586  2.7766  2.8892  -6.311  -7.262  -7.757  2.2349  1.892  1.8461
1.1577  1.155  5.763  2.088  1.043  0.298  -0.197  -0.296  0.183  2.5576  2.7458  2.8528  -6.311  -7.262  -7.757  2.2497  1.9107  1.8578
1.1583  1.156  6.15  1.977  0.923  0.168  -0.332  -0.432  0.051  2.5446  2.7312  2.8375  -6.311  -7.262  -7.757  2.2464  1.9074  1.8534
1.1588  1.156  6.573  1.868  0.803  0.04  -0.467  -0.568  -0.078  2.5591  2.7472  2.8556  -6.311  -7.262  -7.757  2.2344  1.8628  1.804
1.1592  1.157  7.012  1.763  0.687  -0.084  -0.598  -0.701  -0.204  2.5762  2.7655  2.8743  -6.311  -7.262  -7.757  2.2361  1.8947  1.8491
1.1596  1.157  7.46  1.662  0.575  -0.205  -0.726  -0.83  -0.327  2.5916  2.7818  2.8911  -6.311  -7.262  -7.757  2.2374  1.8974  1.8503
1.16  1.157  7.963  1.558  0.459  -0.331  -0.858  -0.963  -0.454  2.5907  2.78  2.8878  -6.311  -7.262  -7.757  2.2467  1.9132  1.8584
1.1604  1.158  8.489  1.457  0.346  -0.453  -0.987  -1.094  -0.578  2.5942  2.7835  2.8915  -6.311  -7.262  -7.757  2.244  1.9098  1.8572
1.1607  1.158  9.054  1.357  0.234  -0.575  -1.117  -1.226  -0.702  2.5989  2.7885  2.8967  -6.311  -7.262  -7.757  2.2524  1.9292  1.8722
1.161  1.158  9.646  1.26  0.124  -0.694  -1.244  -1.354  -0.823  2.5988  2.7884  2.8962  -6.311  -7.262  -7.757  2.244  1.916  1.859
1.1613  1.158  10.248  1.168  0.019  -0.809  -1.365  -1.477  -0.94  2.6007  2.7898  2.8975  -6.311  -7.262  -7.757  2.244  1.9148  1.8588
1.1616  1.158  10.599  1.116  -0.041  -0.875  -1.434  -1.547  -1.006  2.5883  2.7766  2.8838  -6.311  -7.262  -7.757  2.2452  1.9226  1.8656
1.1618  1.159  10.274  1.159  0.011  -0.817  -1.372  -1.484  -0.947  2.5447  2.7288  2.8357  -6.311  -7.262  -7.757  2.201  1.8287  1.7655
1.162  1.159  9.675  1.245  0.112  -0.704  -1.252  -1.362  -0.833  2.5356  2.7189  2.8255  -6.311  -7.262  -7.757  2.198  1.813  1.7406
1.1621  1.159  9.496  1.272  0.143  -0.67  -1.215  -1.325  -0.798  2.5359  2.7192  2.8258  -6.311  -7.262  -7.757  2.1995  1.8145  1.7417
1.1622  1.159  9.907  1.208  0.07  -0.749  -1.3  -1.411  -0.878  2.5311  2.7141  2.8205  -6.311  -7.262  -7.757  2.1958  1.8114  1.7428
1.1625  1.159  10.565  1.111  -0.042  -0.872  -1.43  -1.542  -1.003  2.5454  2.7293  2.8405  -6.324  -7.283  -7.779  2.1796  1.776  1.7112
1.1627  1.159  11.273  1.015  -0.153  -0.994  -1.56  -1.674  -1.127  2.5446  2.7281  2.8393  -6.324  -7.283  -7.779  2.166  1.7675  1.7055
1.163  1.159  12.041  0.919  -0.267  -1.119  -1.692  -1.808  -1.254  2.5411  2.724  2.835  -6.324  -7.283  -7.779  2.1482  1.7614  1.7034
1.1632  1.159  12.846  0.826  -0.376  -1.239  -1.821  -1.938  -1.376  2.5417  2.7247  2.8355  -6.324  -7.283  -7.779  2.1478  1.7611  1.7034
1.1634  1.159  13.688  0.735  -0.484  -1.359  -1.948  -2.067  -1.498  2.5462  2.7295  2.8405  -6.324  -7.283  -7.779  2.1402  1.7554  1.6994
1.1635  1.159  14.603  0.645  -0.592  -1.479  -2.077  -2.198  -1.62  2.555  2.7383  2.851  -6.324  -7.283  -7.779  2.1807  1.7765  1.7114
1.1637  1.159  15.58  0.556  -0.7  -1.598  -2.205  -2.327  -1.742  2.555  2.7382  2.851  -6.324  -7.283  -7.779  2.1808  1.777  1.7116
1.1639  1.159  16.59  0.47  -0.805  -1.715  -2.33  -2.455  -1.861  2.5531  2.7363  2.8491  -6.324  -7.283  -7.779  2.1808  1.777  1.7116
1.164  1.159  17.716  0.384  -0.912  -1.835  -2.459  -2.586  -1.983  2.5543  2.7375  2.8502  -6.324  -7.283  -7.779  2.1808  1.7768  1.7115
1.1641  1.159  18.865  0.299  -1.013  -1.949  -2.578  -2.709  -2.098  2.5559  2.7392  2.852  -6.324  -7.283  -7.779  2.1823  1.7819  1.7139
1.1642  1.159  20.089  0.213  -1.114  -2.062  -2.696  -2.831  -2.213  2.5526  2.7358  2.8487  -6.324  -7.283  -7.779  2.1806  1.7757  1.7136
1.1643  1.159  21.402  0.127  -1.215  -2.177  -2.814  -2.954  -2.328  2.5568  2.7401  2.8537  -6.324  -7.283  -7.779  2.1804  1.7804  1.7186
1.1644  1.158  22.801  0.045  -1.313  -2.288  -2.93  -3.076  -2.441  2.5488  2.7315  2.845  -6.324  -7.283  -7.779  2.1673  1.7716  1.7098
1.1645  1.158  24.264  -0.037  -1.412  -2.4  -3.046  -3.198  -2.554  2.5454  2.7277  2.8412  -6.324  -7.283  -7.779  2.1494  1.7677  1.7056
1.1646  1.158  25.832  -0.117  -1.506  -2.51  -3.16  -3.317  -2.665  2.5478  2.7304  2.844  -6.324  -7.283  -7.779  2.1673  1.7716  1.7098
1.1647  1.158  27.489  -0.197  -1.602  -2.62  -3.275  -3.438  -2.776  2.5505  2.7332  2.8466  -6.324  -7.283  -7.779  2.166  1.7715  1.7095
1.1648  1.157  29.265  -0.275  -1.697  -2.73  -3.39  -3.559  -2.887  2.5535  2.7364  2.8499  -6.324  -7.283  -7.779  2.1647  1.7714  1.7092
1.1648  1.157  31.071  -0.35  -1.789  -2.837  -3.502  -3.677  -2.996  2.5497  2.7323  2.8458  -6.324  -7.283  -7.779  2.1482  1.767  1.7052
1.1649  1.156  33.079  -0.421  -1.883  -2.946  -3.619  -3.8  -3.107  2.5514  2.7337  2.8471  -6.324  -7.283  -7.779  2.1398  1.7611  1.7034
1.1649  1.156  35.152  -0.484  -1.976  -3.054  -3.736  -3.922  -3.217  2.5529  2.7354  2.8488  -6.324  -7.283  -7.779  2.147  1.7662  1.7048
1.165  1.156  37.381  -0.548  -2.069  -3.163  -3.853  -4.042  -3.328  2.5534  2.736  2.8494  -6.324  -7.283  -7.779  2.1474  1.7665  1.7049
1.165  1.155  39.724  -0.61  -2.161  -3.271  -3.97  -4.164  -3.439  2.5526  2.7351  2.8485  -6.324  -7.283  -7.779  2.147  1.7662  1.7048
1.1651  1.154  42.146  -0.663  -2.249  -3.375  -4.083  -4.282  -3.545  2.5532  2.7357  2.8491  -6.324  -7.283  -7.779  2.1474  1.7665  1.7049
1.1651  1.154  44.736  -0.718  -2.338  -3.481  -4.197  -4.401  -3.653  2.5461  2.7284  2.8418  -6.324  -7.283  -7.779  2.1394  1.7665  1.7049
1.1652  1.153  47.507  -0.772  -2.426  -3.587  -4.312  -4.521  -3.761  2.5461  2.7284  2.8418  -6.324  -7.283  -7.779  2.1394  1.7665  1.7049
1.1652  1.152  50.368  -0.813  -2.509  -3.689  -4.421  -4.635  -3.865  2.5461  2.7284  2.8418  -6.324  -7.283  -7.779  2.1394  1.7665  1.7049
1.1652  1.151  53.34  -0.856  -2.593  -3.79  -4.531  -4.75  -3.969  2.5507  2.7332  2.8465  -6.324  -7.283  -7.779  2.1474  1.7665  1.7049
1.1653  1.15  56.579  -0.896  -2.676  -3.891  -4.641  -4.865  -4.072  2.5507  2.7332  2.8465  -6.324  -7.283  -7.779  2.1474  1.7665  1.7049
1.1653  1.149  60.821  -0.926  -2.776  -4.019  -4.778  -5.009  -4.202  2.5507  2.7332  2.8465  -6.324  -7.283  -7.779  2.1474  1.7665  1.7049
1.1653  1.148  65.201  -0.951  -2.87  -4.14  -4.909  -5.146  -4.326  2.5441  2.7262  2.8395  -6.324  -7.283  -7.779  2.1402  1.7632  1.7034
1.1654  1.146  70.009  -0.963  -2.962  -4.264  -5.041  -5.285  -4.452  2.5441  2.7262  2.8395  -6.324  -7.283  -7.779  2.1402  1.7632  1.7034
1.1654  1.145  75.033  -0.963  -3.05  -4.384  -5.17  -5.421  -4.575  2.5441  2.7262  2.8395  -6.324  -7.283  -7.779  2.1402  1.7632  1.7034
1.1654  1.143  80.289  -0.956  -3.134  -4.503  -5.296  -5.554  -4.695  2.5466  2.7289  2.8422  -6.324  -7.283  -7.779  2.1478  1.7667  1.705
1.1654  1.141  85.912  -0.926  -3.212  -4.62  -5.423  -5.687  -4.815  2.5466  2.7289  2.8422  -6.324  -7.283  -7.779  2.1478  1.7667  1.705
1.1654  1.139  91.866  -0.891  -3.286  -4.734  -5.545  -5.817  -4.931  2.5466  2.7289  2.8422  -6.324  -7.283  -7.779  2.1478  1.7667  1.705
1.1655  1.136  98.278  -0.83  -3.35  -4.851  -5.668  -5.948  -5.05  2.5466  2.7289  2.8422  -6.324  -7.283  -7.779  2.1478  1.7667  1.705
1.1655  1.134  104.847  -0.757  -3.409  -4.964  -5.788  -6.075  -5.165  2.5466  2.7289  2.8422  -6.324  -7.283  -7.779  2.1478  1.7667  1.705
1.1655  1.131  111.906  -0.663  -3.458  -5.077  -5.907  -6.202  -5.279  2.5466  2.7289  2.8422  -6.324  -7.283  -7.779  2.1478  1.7667  1.705
1.1655  1.128  119.304  -0.554  -3.497  -5.187  -6.023  -6.326  -5.391  2.5465  2.7288  2.842  -6.324  -7.283  -7.779  2.1595  1.7708  1.7082
1.1655  1.124  127.249  -0.431  -3.528  -5.299  -6.14  -6.451  -5.504  2.5465  2.7288  2.842  -6.324  -7.283  -7.779  2.1595  1.7708  1.7082
1.1655  1.121  135.567  -0.276  -3.535  -5.407  -6.251  -6.572  -5.613  2.5465  2.7288  2.842  -6.324  -7.283  -7.779  2.1595  1.7708  1.7082
1.1656  1.116  144.197  -0.114  -3.537  -5.512  -6.36  -6.69  -5.719  2.5465  2.7288  2.842  -6.324  -7.283  -7.779  2.1595  1.7708  1.7082
1.1656  1.112  152.952  0.086  -3.505  -5.612  -6.463  -6.802  -5.82  2.5465  2.7288  2.842  -6.324  -7.283  -7.779  2.1595  1.7708  1.7082
1.1656  1.11  156.155  0.157  -3.494  -5.647  -6.5  -6.841  -5.856  2.5465  2.7288  2.842  -6.324  -7.283  -7.779  2.1595  1.7708  1.7082
1.1657  1.11  11.019  0.812  -0.269  -1.051  -1.568  -1.672  -1.172  2.5421  2.7238  2.8368  -6.324  -7.283  -7.779  2.147  1.7662  1.7048
1.1659  1.11  11.08  0.802  -0.28  -1.062  -1.58  -1.685  -1.183  2.5501  2.7325  2.8458  -6.324  -7.283  -7.779  2.1506  1.7685  1.7061
1.166  1.111  11.07  0.8  -0.28  -1.063  -1.579  -1.684  -1.184  2.543  2.7246  2.8377  -6.324  -7.283  -7.779  2.1418  1.7608  1.7006
1.1662  1.111  11.037  0.801  -0.277  -1.058  -1.574  -1.678  -1.179  2.5431  2.7248  2.8378  -6.324  -7.283  -7.779  2.1418  1.7608  1.7006
1.1664  1.111  10.991  0.803  -0.273  -1.052  -1.566  -1.671  -1.172  2.5504  2.7326  2.8461  -6.324  -7.283  -7.779  2.141  1.7605  1.7
1.1665  1.111  10.946  0.806  -0.268  -1.046  -1.559  -1.663  -1.166  2.5347  2.7154  2.8242  -6.324  -7.283  -7.779  2.1819  1.7856  1.7163
1.1667  1.111  10.901  0.808  -0.264  -1.04  -1.552  -1.655  -1.16  2.5339  2.7144  2.8232  -6.324  -7.283  -7.779  2.1803  1.7798  1.7094
1.1668  1.111  10.856  0.81  -0.26  -1.034  -1.545  -1.648  -1.153  2.5355  2.7162  2.825  -6.324  -7.283  -7.779  2.1803  1.7798  1.7094
1.167  1.112  10.823  0.812  -0.256  -1.029  -1.539  -1.642  -1.148  2.5346  2.715  2.8238  -6.324  -7.283  -7.779  2.1792  1.7716  1.7046
1.1672  1.112  10.796  0.812  -0.253  -1.025  -1.534  -1.637  -1.144  2.5304  2.7106  2.8193  -6.324  -7.283  -7.779  2.1718  1.7636  1.7032
1.1673  1.112  10.768  0.813  -0.251  -1.022  -1.529  -1.632  -1.14  2.5271  2.707  2.8157  -6.324  -7.283  -7.779  2.1475  1.7593  1.6976
1.1675  1.112  10.741  0.814  -0.249  -1.019  -1.526  -1.628  -1.137  2.5287  2.7086  2.8173  -6.324  -7.283  -7.779  2.145  1.759  1.697
1.1676  1.112  10.714  0.814  -0.248  -1.016  -1.522  -1.625  -1.134  2.5333  2.7137  2.8224  -6.324  -7.283  -7.779  2.1763  1.7692  1.7039
1.1678  1.113  10.704  0.813  -0.246  -1.014  -1.52  -1.622  -1.132  2.5305  2.7109  2.8196  -6.324  -7.283  -7.779  2.1767  1.7696  1.704
1.1678  1.113  10.704  0.813  -0.246  -1.014  -1.519  -1.622  -1.132  2.5308  2.7112  2.82  -6.324  -7.283  -7.779  2.1767  1.7696  1.704
1.1678  1.113  10.699  0.813  -0.246  -1.014  -1.519  -1.621  -1.132  2.5308  2.7112  2.82  -6.324  -7.283  -7.779  2.1767  1.7696  1.704
1.168  1.113  10.677  0.813  -0.246  -1.012  -1.517  -1.619  -1.13  2.5313  2.7118  2.8206  -6.324  -7.283  -7.779  2.1767  1.7696  1.704
1.1681  1.113  10.667  0.812  -0.245  -1.011  -1.515  -1.617  -1.129  2.5308  2.7113  2.8201  -6.324  -7.283  -7.779  2.1767  1.7696  1.704
1.1683  1.113  10.662  0.811  -0.246  -1.011  -1.514  -1.617  -1.128  2.5329  2.7136  2.8226  -6.324  -7.283  -7.779  2.1772  1.7708  1.7043
1.1685  1.113  10.67  0.809  -0.247  -1.012  -1.515  -1.617  -1.129  2.5323  2.7131  2.8221  -6.324  -7.283  -7.779  2.1772  1.7708  1.7043
1.1686  1.114  10.665  0.807  -0.248  -1.013  -1.516  -1.618  -1.13  2.5308  2.7116  2.8207  -6.324  -7.283  -7.779  2.1772  1.7708  1.7043
1.1688  1.114  10.677  0.804  -0.251  -1.016  -1.518  -1.62  -1.133  2.5318  2.7124  2.8215  -6.324  -7.283  -7.779  2.1703  1.7624  1.703
1.1689  1.114  10.702  0.801  -0.254  -1.019  -1.521  -1.623  -1.136  2.5341  2.7148  2.8242  -6.324  -7.283  -7.779  2.1714  1.7636  1.7032
1.1689  1.114  10.702  0.801  -0.254  -1.019  -1.522  -1.624  -1.136  2.5354  2.7162  2.8256  -6.324  -7.283  -7.779  2.1718  1.764  1.7032
1.169  1.114  10.702  0.799  -0.256  -1.021  -1.524  -1.626  -1.138  2.5312  2.7118  2.8211  -6.324  -7.283  -7.779  2.17  1.762  1.703
1.1692  1.114  10.731  0.795  -0.261  -1.026  -1.529  -1.631  -1.143  2.5178  2.6974  2.8066  -6.324  -7.283  -7.779  2.1368  1.7523  1.6887
1.1693  1.114  10.773  0.79  -0.267  -1.033  -1.536  -1.638  -1.15  2.5024  2.6808  2.7898  -6.324  -7.283  -7.779  2.1311  1.7365  1.6627
1.1695  1.115  10.826  0.784  -0.274  -1.04  -1.544  -1.646  -1.158  2.4995  2.6776  2.7866  -6.324  -7.283  -7.779  2.1305  1.7355  1.6625
1.1696  1.115  10.878  0.777  -0.282  -1.05  -1.555  -1.657  -1.168  2.4944  2.672  2.7807  -6.324  -7.283  -7.779  2.1253  1.7285  1.6582
1.1697  1.115  10.943  0.769  -0.293  -1.062  -1.568  -1.67  -1.18  2.5091  2.6878  2.8009  -6.324  -7.283  -7.779  2.082  1.693  1.64
1.1699  1.115  11.032  0.759  -0.305  -1.076  -1.583  -1.686  -1.194  2.5222  2.7028  2.82  -6.324  -7.283  -7.855  2.0704  1.6797  1.6222
1.17  1.115  11.134  0.748  -0.319  -1.091  -1.6  -1.703  -1.21  2.5338  2.7153  2.8331  -6.324  -7.283  -7.855  2.0547  1.6694  1.5974
1.1702  1.115  11.237  0.736  -0.334  -1.108  -1.618  -1.722  -1.227  2.5348  2.7162  2.834  -6.324  -7.283  -7.855  2.0538  1.6676  1.5956
1.1703  1.116  11.388  0.72  -0.355  -1.132  -1.645  -1.749  -1.252  2.544  2.7261  2.8443  -6.324  -7.283  -7.855  2.0574  1.6716  1.6028
1.1705  1.116  11.438  0.713  -0.362  -1.14  -1.654  -1.758  -1.26  2.5469  2.7289  2.847  -6.324  -7.283  -7.855  2.0764  1.6934  1.6402
1.1706  1.116  11.821  0.674  -0.412  -1.198  -1.716  -1.822  -1.319  2.5421  2.7234  2.8411  -6.324  -7.283  -7.855  2.0736  1.6906  1.638
1.1708  1.116  12.475  0.607  -0.495  -1.294  -1.821  -1.928  -1.417  2.5438  2.7252  2.843  -6.324  -7.283  -7.855  2.0802  1.6945  1.6408
1.1708  1.116  13.193  0.54  -0.582  -1.393  -1.931  -2.039  -1.519  2.5438  2.7252  2.843  -6.324  -7.283  -7.855  2.0802  1.6945  1.6408
1.1709  1.116  14.001  0.469  -0.672  -1.497  -2.044  -2.155  -1.625  2.5429  2.7242  2.8419  -6.324  -7.283  -7.855  2.0799  1.6944  1.6407
1.1709  1.116  14.841  0.397  -0.763  -1.602  -2.159  -2.272  -1.733  2.5429  2.7242  2.8419  -6.324  -7.283  -7.855  2.0799  1.6944  1.6407
1.1709  1.116  15.724  0.329  -0.852  -1.704  -2.27  -2.385  -1.837  2.5429  2.7242  2.8419  -6.324  -7.283  -7.855  2.0799  1.6944  1.6407
1.1709  1.116  16.659  0.26  -0.941  -1.806  -2.383  -2.5  -1.942  2.5434  2.7248  2.8425  -6.324  -7.283  -7.855  2.0802  1.6945  1.6408
1.1709  1.116  17.614  0.192  -1.027  -1.906  -2.491  -2.61  -2.044  2.5434  2.7248  2.8425  -6.324  -7.283  -7.855  2.0802  1.6945  1.6408
1.1709  1.116  18.542  0.131  -1.105  -1.995  -2.586  -2.709  -2.135  2.5434  2.7248  2.8425  -6.324  -7.283  -7.855  2.0802  1.6945  1.6408
1.1709  1.116  18.572  0.128  -1.107  -1.998  -2.589  -2.712  -2.138  2.5434  2.7248  2.8425  -6.324  -7.283  -7.855  2.0802  1.6945  1.6408
1.1709  1.116  18.602  0.127  -1.109  -2.0  -2.591  -2.714  -2.14  2.5434  2.7248  2.8425  -6.324  -7.283  -7.855  2.0802  1.6945  1.6408
1.1709  1.116  19.969  0.041  -1.216  -2.123  -2.721  -2.85  -2.264  2.5434  2.7248  2.8425  -6.324  -7.283  -7.855  2.0802  1.6945  1.6408
1.1709  1.116  21.24  -0.037  -1.311  -2.233  -2.837  -2.97  -2.376  2.5434  2.7248  2.8425  -6.324  -7.283  -7.855  2.0802  1.6945  1.6408
1.1709  1.116  22.901  -0.127  -1.424  -2.364  -2.975  -3.115  -2.509  2.5434  2.7248  2.8425  -6.324  -7.283  -7.855  2.0802  1.6945  1.6408
1.1709  1.116  22.169  -0.088  -1.374  -2.306  -2.913  -3.051  -2.45  2.5434  2.7248  2.8425  -6.324  -7.283  -7.855  2.0802  1.6945  1.6408
1.171  1.116  20.066  0.035  -1.224  -2.132  -2.731  -2.86  -2.274  2.5434  2.7248  2.8425  -6.324  -7.283  -7.855  2.0802  1.6945  1.6408
1.1711  1.115  21.079  -0.026  -1.298  -2.219  -2.821  -2.954  -2.361  2.5378  2.7187  2.8364  -6.324  -7.283  -7.855  2.067  1.6805  1.627
1.1711  1.115  22.323  -0.094  -1.383  -2.317  -2.925  -3.063  -2.461  2.5378  2.7187  2.8363  -6.324  -7.283  -7.855  2.067  1.6805  1.627
1.1712  1.114  23.706  -0.166  -1.473  -2.422  -3.036  -3.18  -2.567  2.5376  2.7185  2.8361  -6.324  -7.283  -7.855  2.067  1.6805  1.627
1.1712  1.113  25.215  -0.241  -1.565  -2.529  -3.149  -3.298  -2.676  2.5349  2.7155  2.8331  -6.324  -7.283  -7.855  2.0635  1.6788  1.615
1.1713  1.113  26.832  -0.314  -1.656  -2.636  -3.263  -3.417  -2.785  2.5323  2.7126  2.8302  -6.324  -7.283  -7.855  2.0635  1.6765  1.6055
1.1713  1.112  28.586  -0.387  -1.748  -2.744  -3.377  -3.538  -2.894  2.5311  2.7114  2.829  -6.324  -7.283  -7.855  2.0637  1.6771  1.6057
1.1714  1.111  30.455  -0.462  -1.84  -2.854  -3.492  -3.66  -3.006  2.5316  2.7119  2.8294  -6.324  -7.283  -7.855  2.0635  1.6765  1.6055
1.1714  1.11  32.446  -0.529  -1.934  -2.964  -3.611  -3.784  -3.118  2.5316  2.7119  2.8294  -6.324  -7.283  -7.855  2.0635  1.6765  1.6055
1.1714  1.108  34.566  -0.593  -2.027  -3.073  -3.731  -3.909  -3.23  2.5316  2.7119  2.8294  -6.324  -7.283  -7.855  2.0635  1.6765  1.6055
1.1714  1.107  36.784  -0.656  -2.119  -3.183  -3.85  -4.033  -3.342  2.5359  2.7165  2.8341  -6.324  -7.283  -7.855  2.0666  1.6786  1.6138
1.1715  1.106  39.197  -0.711  -2.209  -3.292  -3.97  -4.158  -3.454  2.5327  2.7131  2.8307  -6.324  -7.283  -7.855  2.0635  1.6765  1.6055
1.1715  1.104  42.224  -0.741  -2.294  -3.406  -4.101  -4.298  -3.572  2.5327  2.7131  2.8307  -6.324  -7.283  -7.855  2.0635  1.6765  1.6055
1.1715  1.102  45.243  -0.775  -2.381  -3.518  -4.228  -4.431  -3.688  2.5316  2.7119  2.8294  -6.324  -7.283  -7.855  2.0633  1.6759  1.6053
1.1715  1.099  48.345  -0.824  -2.472  -3.63  -4.35  -4.56  -3.803  2.532  2.7123  2.8298  -6.324  -7.283  -7.855  2.0634  1.6762  1.6054
1.1715  1.097  51.518  -0.865  -2.56  -3.74  -4.47  -4.685  -3.916  2.532  2.7123  2.8298  -6.324  -7.283  -7.855  2.0634  1.6762  1.6054
1.1715  1.094  55.012  -0.904  -2.65  -3.852  -4.593  -4.814  -4.031  2.532  2.7123  2.8298  -6.324  -7.283  -7.855  2.0634  1.6762  1.6054
1.1716  1.09  58.838  -0.935  -2.741  -3.968  -4.719  -4.946  -4.149  2.5291  2.7092  2.8266  -6.324  -7.283  -7.855  2.063  1.675  1.605
1.1716  1.086  63.017  -0.951  -2.83  -4.086  -4.847  -5.081  -4.27  2.5291  2.7092  2.8266  -6.324  -7.283  -7.855  2.063  1.675  1.605
1.1716  1.083  67.105  -0.966  -2.911  -4.192  -4.963  -5.204  -4.379  2.5291  2.7092  2.8266  -6.324  -7.283  -7.855  2.063  1.675  1.605
1.1716  1.081  71.327  -0.959  -2.985  -4.297  -5.075  -5.322  -4.485  2.5291  2.7092  2.8266  -6.324  -7.283  -7.855  2.063  1.675  1.605
1.1716  1.078  76.06  -0.947  -3.062  -4.406  -5.194  -5.447  -4.597  2.5252  2.7051  2.8224  -6.324  -7.283  -7.855  2.0625  1.6735  1.6045
1.1716  1.075  81.181  -0.918  -3.135  -4.517  -5.313  -5.574  -4.71  2.5252  2.7051  2.8224  -6.324  -7.283  -7.855  2.0625  1.6735  1.6045
1.1716  1.072  86.448  -0.873  -3.199  -4.622  -5.427  -5.695  -4.818  2.5252  2.7051  2.8224  -6.324  -7.283  -7.855  2.0625  1.6735  1.6045
1.1716  1.068  92.057  -0.817  -3.26  -4.729  -5.542  -5.817  -4.927  2.5216  2.7011  2.8183  -6.324  -7.283  -7.855  2.062  1.672  1.604
1.1716  1.063  98.436  -0.729  -3.313  -4.841  -5.661  -5.944  -5.041  2.5216  2.7011  2.8183  -6.324  -7.283  -7.855  2.062  1.672  1.604
1.1716  1.057  105.404  -0.618  -3.361  -4.956  -5.784  -6.076  -5.158  2.5216  2.7011  2.8183  -6.324  -7.283  -7.855  2.062  1.672  1.604
1.1716  1.048  112.552  -0.478  -3.39  -5.066  -5.901  -6.201  -5.27  2.5216  2.7011  2.8183  -6.324  -7.283  -7.855  2.062  1.672  1.604
1.1716  1.041  116.588  -0.392  -3.4  -5.123  -5.961  -6.267  -5.328  2.5216  2.7011  2.8183  -6.324  -7.283  -7.855  2.062  1.672  1.604
1.1716  1.038  119.002  -0.339  -3.404  -5.157  -5.998  -6.307  -5.362  2.5216  2.7011  2.8183  -6.324  -7.283  -7.855  2.062  1.672  1.604
1.1716  1.037  119.552  -0.317  -3.4  -5.164  -6.005  -6.315  -5.369  2.5216  2.7011  2.8183  -6.324  -7.283  -7.855  2.062  1.672  1.604
1.1716  1.035  123.156  -0.237  -3.399  -5.215  -6.057  -6.371  -5.421  2.5216  2.7011  2.8183  -6.324  -7.283  -7.855  2.062  1.672  1.604
1.1716  1.035  128.545  -0.116  -3.397  -5.286  -6.131  -6.453  -5.493  2.5216  2.7011  2.8183  -6.324  -7.283  -7.855  2.062  1.672  1.604
1.1716  1.034  116.186  -0.385  -3.393  -5.115  -5.954  -6.26  -5.32  2.5216  2.7011  2.8183  -6.324  -7.283  -7.855  2.062  1.672  1.604
1.1716  1.034  114.645  -0.406  -3.385  -5.094  -5.931  -6.236  -5.298  2.5216  2.7011  2.8183  -6.324  -7.283  -7.855  2.062  1.672  1.604
1.1716  1.034  117.046  -0.366  -3.396  -5.129  -5.969  -6.276  -5.334  2.5216  2.7011  2.8183  -6.324  -7.283  -7.855  2.062  1.672  1.604
1.1716  1.033  122.646  -0.254  -3.402  -5.208  -6.049  -6.363  -5.413  2.5216  2.7011  2.8183  -6.324  -7.283  -7.855  2.062  1.672  1.604
1.1716  1.032  127.279  -0.151  -3.4  -5.27  -6.115  -6.434  -5.477  2.5216  2.7011  2.8183  -6.324  -7.283  -7.855  2.062  1.672  1.604
1.1716  1.032  131.933  -0.047  -3.398  -5.33  -6.178  -6.503  -5.537  2.5216  2.7011  2.8183  -6.324  -7.283  -7.855  2.062  1.672  1.604
1.1716  1.031  136.979  0.079  -3.384  -5.393  -6.244  -6.575  -5.601  2.5216  2.7011  2.8183  -6.324  -7.283  -7.855  2.062  1.672  1.604
1.1716  1.03  141.467  0.202  -3.36  -5.447  -6.3  -6.636  -5.656  2.5216  2.7011  2.8183  -6.324  -7.283  -7.855  2.062  1.672  1.604
1.1716  1.029  147.964  0.371  -3.326  -5.519  -6.375  -6.718  -5.729  2.5216  2.7011  2.8183  -6.324  -7.283  -7.855  2.062  1.672  1.604
1.1716  1.027  155.401  0.556  -3.288  -5.6  -6.46  -6.811  -5.811  2.5216  2.7011  2.8183  -6.324  -7.283  -7.855  2.062  1.672  1.604
1.1716  1.024  163.627  0.735  -3.243  -5.685  -6.547  -6.906  -5.896  2.5216  2.7011  2.8183  -6.324  -7.283  -7.855  2.062  1.672  1.604
1.1716  1.02  172.169  0.941  -3.184  -5.767  -6.633  -7.001  -5.979  2.5212  2.7008  2.8179  -6.324  -7.283  -7.855  2.062  1.672  1.604
1.1716  1.017  174.805  0.995  -3.167  -5.791  -6.658  -7.028  -6.004  2.5212  2.7008  2.8179  -6.324  -7.283  -7.855  2.062  1.672  1.604
1.1716  1.017  174.805  0.995  -3.167  -5.791  -6.658  -7.028  -6.004  2.5212  2.7008  2.8179  -6.324  -7.283  -7.855  2.062  1.672  1.604
1.1716  1.017  111.881  -0.371  -3.337  -5.041  -5.878  -6.182  -5.245  2.5212  2.7008  2.8179  -6.324  -7.283  -7.855  2.062  1.672  1.604
1.1716  1.016  91.318  -0.731  -3.215  -4.701  -5.517  -5.794  -4.9  2.5212  2.7008  2.8179  -6.324  -7.283  -7.855  2.062  1.672  1.604
1.1716  1.015  67.043  -0.97  -2.912  -4.191  -4.96  -5.201  -4.377  2.5212  2.7008  2.8179  -6.324  -7.283  -7.855  2.062  1.672  1.604
1.1716  1.014  69.527  -0.948  -2.949  -4.251  -5.026  -5.271  -4.439  2.5212  2.7008  2.8179  -6.324  -7.283  -7.855  2.062  1.672  1.604
1.1716  1.011  86.051  -0.779  -3.157  -4.599  -5.409  -5.679  -4.796  2.5212  2.7008  2.8179  -6.324  -7.283  -7.855  2.062  1.672  1.604
1.1716  1.009  113.856  -0.282  -3.324  -5.064  -5.905  -6.212  -5.269  2.5212  2.7008  2.8179  -6.324  -7.283  -7.855  2.062  1.672  1.604
1.1716  1.006  143.766  0.464  -3.248  -5.454  -6.312  -6.655  -5.664  2.5212  2.7008  2.8179  -6.324  -7.283  -7.855  2.062  1.672  1.604
1.1716  1.002  167.13  0.983  -3.129  -5.704  -6.571  -6.937  -5.917  2.5212  2.7008  2.8179  -6.324  -7.283  -7.855  2.062  1.672  1.604
1.1716  0.998  181.157  1.229  -3.055  -5.834  -6.705  -7.083  -6.048  2.5212  2.7008  2.8179  -6.324  -7.283  -7.855  2.062  1.672  1.604
1.1716  0.993  187.999  1.363  -3.006  -5.893  -6.766  -7.151  -6.107  2.5212  2.7008  2.8179  -6.324  -7.283  -7.855  2.062  1.672  1.604
1.1716  0.988  189.913  1.328  -3.038  -5.917  -6.79  -7.174  -6.131  2.5212  2.7008  2.8179  -6.324  -7.283  -7.855  2.062  1.672  1.604
1.1716  0.987  101.708  -0.376  -3.216  -4.859  -5.693  -5.989  -5.063  2.5212  2.7008  2.8179  -6.324  -7.283  -7.855  2.062  1.672  1.604
1.1716  0.986  74.637  -0.8  -2.976  -4.344  -5.137  -5.395  -4.536  2.5212  2.7008  2.8179  -6.324  -7.283  -7.855  2.062  1.672  1.604
1.1716  0.984  77.242  -0.764  -3.008  -4.401  -5.2  -5.462  -4.595  2.5212  2.7008  2.8179  -6.324  -7.283  -7.855  2.062  1.672  1.604
1.1716  0.982  95.116  -0.494  -3.176  -4.745  -5.573  -5.86  -4.947  2.5212  2.7008  2.8179  -6.324  -7.283  -7.855  2.062  1.672  1.604
1.1716  0.979  124.927  0.157  -3.239  -5.203  -6.054  -6.38  -5.411  2.5212  2.7008  2.8179  -6.324  -7.283  -7.855  2.062  1.672  1.604
1.1716  0.976  157.02  0.938  -3.088  -5.582  -6.447  -6.808  -5.794  2.5212  2.7008  2.8179  -6.324  -7.283  -7.855  2.062  1.672  1.604
1.1716  0.972  181.575  1.374  -2.968  -5.823  -6.697  -7.079  -6.037  2.5212  2.7008  2.8179  -6.324  -7.283  -7.855  2.062  1.672  1.604
1.1716  0.968  195.819  1.496  -2.934  -5.945  -6.822  -7.215  -6.16  2.5212  2.7008  2.8179  -6.324  -7.283  -7.855  2.062  1.672  1.604
1.1716  0.963  202.281  1.54  -2.917  -5.997  -6.875  -7.273  -6.213  2.5212  2.7008  2.8179  -6.324  -7.283  -7.855  2.062  1.672  1.604
1.1716  0.958  203.074  1.49  -2.963  -6.014  -6.891  -7.287  -6.229  2.5212  2.7008  2.8179  -6.324  -7.283  -7.855  2.062  1.672  1.604
1.1716  0.956  110.143  -0.129  -3.214  -4.984  -5.827  -6.136  -5.19  2.5212  2.7008  2.8179  -6.324  -7.283  -7.855  2.062  1.672  1.604
1.1716  0.955  80.641  -0.685  -3.033  -4.464  -5.271  -5.54  -4.66  2.5212  2.7008  2.8179  -6.324  -7.283  -7.855  2.062  1.672  1.604
1.1716  0.952  83.494  -0.642  -3.063  -4.522  -5.335  -5.608  -4.72  2.5212  2.7008  2.8179  -6.324  -7.283  -7.855  2.062  1.672  1.604
1.1716  0.949  102.838  -0.264  -3.183  -4.866  -5.703  -6.004  -5.07  2.5212  2.7008  2.8179  -6.324  -7.283  -7.855  2.062  1.672  1.604
1.1717  0.945  134.789  0.563  -3.126  -5.318  -6.176  -6.517  -5.528  2.5212  2.7008  2.8179  -6.324  -7.283  -7.855  2.062  1.672  1.604
1.1717  0.941  169.066  1.298  -2.95  -5.692  -6.563  -6.938  -5.906  2.5212  2.7008  2.8179  -6.324  -7.283  -7.855  2.062  1.672  1.604
1.1717  0.935  195.684  1.579  -2.868  -5.929  -6.807  -7.203  -6.145  2.5212  2.7008  2.8179  -6.324  -7.283  -7.855  2.062  1.672  1.604
1.1717  0.929  211.084  1.658  -2.849  -6.05  -6.932  -7.336  -6.267  2.5212  2.7008  2.8179  -6.324  -7.283  -7.855  2.062  1.672  1.604
1.1717  0.923  218.25  1.693  -2.84  -6.102  -6.984  -7.393  -6.319  2.5212  2.7008  2.8179  -6.324  -7.283  -7.855  2.062  1.672  1.604
1.1717  0.915  217.949  1.634  -2.892  -6.116  -6.998  -7.406  -6.333  2.5212  2.7008  2.8179  -6.324  -7.283  -7.855  2.062  1.672  1.604
1.1717  0.913  120.769  0.26  -3.15  -5.124  -5.976  -6.303  -5.332  2.5212  2.7008  2.8179  -6.324  -7.283  -7.855  2.062  1.672  1.604
1.1717  0.911  88.075  -0.487  -3.071  -4.6  -5.422  -5.705  -4.8  2.5212  2.7008  2.8179  -6.324  -7.283  -7.855  2.062  1.672  1.604
1.1717  0.907  91.465  -0.411  -3.091  -4.659  -5.487  -5.774  -4.861  2.5212  2.7008  2.8179  -6.324  -7.283  -7.855  2.062  1.672  1.604
1.1717  0.902  112.578  0.112  -3.132  -5.003  -5.85  -6.168  -5.21  2.5212  2.7008  2.8179  -6.324  -7.283  -7.855  2.062  1.672  1.604
1.1717  0.896  147.521  1.078  -2.949  -5.447  -6.312  -6.673  -5.659  2.5212  2.7008  2.8179  -6.324  -7.283  -7.855  2.062  1.672  1.604
1.1717  0.89  185.291  1.659  -2.774  -5.814  -6.692  -7.086  -6.03  2.5212  2.7008  2.8179  -6.324  -7.283  -7.855  2.062  1.672  1.604
1.1717  0.882  214.514  1.804  -2.74  -6.048  -6.931  -7.342  -6.265  2.5212  2.7008  2.8179  -6.324  -7.283  -7.855  2.062  1.672  1.604
1.1717  0.873  231.876  1.873  -2.731  -6.167  -7.05  -7.472  -6.384  2.5212  2.7008  2.8179  -6.324  -7.283  -7.855  2.062  1.672  1.604
1.1717  0.863  240.522  1.925  -2.713  -6.219  -7.104  -7.532  -6.436  2.5212  2.7008  2.8179  -6.324  -7.283  -7.855  2.062  1.672  1.604
1.1717  0.852  233.214  1.751  -2.842  -6.215  -7.099  -7.52  -6.432  2.5212  2.7008  2.8179  -6.324  -7.283  -7.855  2.062  1.672  1.604
1.1717  0.849  135.287  0.996  -2.905  -5.282  -6.146  -6.499  -5.494  2.5212  2.7008  2.8179  -6.324  -7.283  -7.855  2.062  1.672  1.604
1.1717  0.845  98.278  -0.063  -3.043  -4.756  -5.596  -5.899  -4.961  2.5212  2.7008  2.8179  -6.324  -7.283  -7.855  2.062  1.672  1.604
1.1717  0.839  102.342  0.078  -3.031  -4.818  -5.662  -5.972  -5.024  2.5212  2.7008  2.8179  -6.324  -7.283  -7.855  2.062  1.672  1.604
1.1717  0.832  126.286  0.898  -2.886  -5.157  -6.018  -6.364  -5.368  2.5212  2.7008  2.8179  -6.324  -7.283  -7.855  2.062  1.672  1.604
1.1717  0.823  166.094  1.77  -2.623  -5.594  -6.471  -6.859  -5.809  2.5212  2.7008  2.8179  -6.324  -7.283  -7.855  2.062  1.672  1.604
1.1717  0.812  209.149  2.011  -2.561  -5.953  -6.836  -7.251  -6.17  2.5212  2.7008  2.8179  -6.324  -7.283  -7.855  2.062  1.672  1.604
1.1717  0.8  243.139  2.174  -2.549  -6.178  -7.062  -7.497  -6.395  2.5212  2.7008  2.8179  -6.324  -7.283  -7.855  2.062  1.672  1.604
1.1717  0.786  263.303  2.283  -2.547  -6.292  -7.172  -7.617  -6.508  2.5212  2.7008  2.8179  -6.324  -7.283  -7.855  2.062  1.672  1.604
1.1717  0.771  273.058  2.356  -2.537  -6.337  -7.217  -7.67  -6.553  2.5212  2.7008  2.8179  -6.324  -7.283  -7.855  2.062  1.672  1.604
1.1717  0.754  236.622  1.691  -2.934  -6.264  -7.151  -7.58  -6.482  2.5212  2.7008  2.8179  -6.324  -7.283  -7.855  2.062  1.672  1.604
1.1717  0.749  152.741  1.772  -2.572  -5.44  -6.316  -6.698  -5.655  2.5212  2.7008  2.8179  -6.324  -7.283  -7.855  2.062  1.672  1.604
1.1717  0.743  109.082  0.473  -2.934  -4.905  -5.756  -6.084  -5.113  2.5212  2.7008  2.8179  -6.324  -7.283  -7.855  2.062  1.672  1.604
1.1717  0.734  113.882  0.732  -2.854  -4.967  -5.822  -6.159  -5.176  2.5212  2.7008  2.8179  -6.324  -7.283  -7.855  2.062  1.672  1.604
1.1717  0.723  141.826  1.693  -2.553  -5.303  -6.177  -6.552  -5.517  2.5212  2.7008  2.8179  -6.324  -7.283  -7.855  2.062  1.672  1.604
1.1717  0.709  188.476  2.196  -2.364  -5.732  -6.617  -7.03  -5.949  2.5212  2.7008  2.8179  -6.324  -7.283  -7.855  2.062  1.672  1.604
1.1717  0.694  238.207  2.47  -2.346  -6.074  -6.955  -7.399  -6.29  2.5212  2.7008  2.8179  -6.324  -7.283  -7.855  2.062  1.672  1.604
1.1717  0.676  273.625  2.644  -2.373  -6.274  -7.153  -7.616  -6.49  2.5212  2.7008  2.8179  -6.324  -7.283  -7.855  2.062  1.672  1.604
1.1717  0.655  286.52  2.686  -2.4  -6.343  -7.233  -7.714  -6.562  2.5212  2.7008  2.8179  -6.324  -7.283  -7.855  2.062  1.672  1.604
1.1717  0.634  279.354  2.52  -2.483  -6.343  -7.248  -7.734  -6.566  2.5212  2.7008  2.8179  -6.324  -7.283  -7.855  2.062  1.672  1.604
1.1717  0.61  192.201  -0.31  -3.975  -6.034  -6.924  -7.372  -6.253  2.5212  2.7008  2.8179  -6.324  -7.283  -7.855  2.062  1.672  1.604
